658.5 862.44 668.33 862.47 668.32 868.11 658.49 868.08 medium_vehicle
297.94 471.15 311.16 472.59 310.55 478.19 297.33 476.75 medium_vehicle
675.97 813.34 688.0 813.39 687.99 819.0 675.96 818.95 medium_vehicle
1009.4 655.5 1024.59 655.5 1024.59 661.3 1009.4 661.3 medium_vehicle
979.33 570.3 1035.42 571.18 1034.96 600.13 978.87 599.25 large_aircraft
967.39 670.3 982.4 670.3 982.4 674.01 967.39 674.01 medium_vehicle
666.8 844.18 676.24 844.21 676.23 848.95 666.79 848.92 medium_vehicle
729.94 1265.54 757.6 1198.78 838.05 1232.11 810.39 1298.87 large_aircraft
982.05 647.76 1002.15 648.04 1002.04 656.09 981.94 655.81 bus
674.67 825.58 684.11 825.61 684.1 831.22 674.66 831.19 medium_vehicle
1034.19 589.23 1044.61 558.82 1075.95 569.55 1065.53 599.96 large_aircraft
968.5 663.7 984.13 663.7 984.13 669.9 968.5 669.9 medium_vehicle
731.54 724.98 741.21 725.01 741.2 730.41 731.53 730.38 medium_vehicle
702.87 798.08 713.23 798.11 713.22 803.07 702.86 803.04 medium_vehicle
715.54 715.48 724.6 715.51 724.59 720.51 715.53 720.48 medium_vehicle
138.06 221.66 136.23 207.43 141.44 206.76 143.27 220.99 bus
998.4 329.0 1014.01 329.0 1014.01 335.93 998.4 335.93 medium_vehicle
276.14 456.6 285.2 463.91 281.86 468.05 272.8 460.74 medium_vehicle
705.0 794.18 714.33 794.21 714.32 799.17 704.99 799.14 medium_vehicle
50.26 1210.63 58.75 1203.49 66.9 1213.17 58.41 1220.31 small_aircraft
708.1 784.58 718.56 784.61 718.55 790.19 708.09 790.16 medium_vehicle
670.73 790.98 681.1 791.01 681.09 796.45 670.72 796.42 medium_vehicle
78.61 1247.3 90.7 1241.86 93.1 1247.2 81.01 1252.64 medium_vehicle
219.21 398.0 231.1 398.0 231.1 403.83 219.21 403.83 medium_vehicle
710.83 777.38 721.29 777.41 721.28 782.39 710.82 782.36 medium_vehicle
678.19 344.1 687.14 343.12 687.67 347.99 678.72 348.97 medium_vehicle
44.62 1119.31 57.49 1108.47 62.44 1114.35 49.57 1125.19 small_aircraft
318.68 399.8 331.52 399.8 331.52 406.28 318.68 406.28 medium_vehicle
816.7 425.0 833.51 425.0 833.51 433.24 816.7 433.24 medium_vehicle
713.6 774.68 721.49 774.71 721.48 779.09 713.59 779.06 medium_vehicle
717.0 761.08 727.09 761.11 727.08 765.68 716.99 765.65 medium_vehicle
549.52 1214.22 556.97 1213.28 557.58 1218.12 550.13 1219.06 medium_vehicle
729.5 729.38 739.18 729.41 739.17 734.11 729.49 734.08 medium_vehicle
718.8 756.28 729.01 756.31 729.0 761.48 718.79 761.45 medium_vehicle
705.17 737.27 717.01 737.32 716.98 743.2 705.14 743.15 medium_vehicle
