967.48 831.77 1047.55 797.12 1069.92 848.8 989.85 883.45 large_aircraft
836.98 406.38 851.14 398.95 855.53 407.31 841.37 414.74 small_aircraft
1273.04 866.23 1276.73 864.25 1280.98 872.18 1277.29 874.16 medium_vehicle
687.1 43.94 695.5 48.09 692.76 53.65 684.36 49.5 medium_vehicle
1202.53 1084.19 1220.16 1076.96 1226.49 1092.39 1208.86 1099.62 small_aircraft
920.09 523.29 945.87 511.38 956.62 534.65 930.84 546.56 small_aircraft
718.35 37.97 730.7 30.43 734.16 36.1 721.81 43.64 medium_vehicle
1235.67 504.0 1237.25 512.92 1232.71 513.72 1231.13 504.8 medium_vehicle
741.69 449.74 760.28 439.98 765.65 450.2 747.06 459.96 small_aircraft
801.42 418.71 816.96 410.55 821.48 419.18 805.94 427.34 small_aircraft
499.44 64.03 512.11 58.62 514.16 63.42 501.49 68.83 medium_vehicle
840.64 398.52 860.09 388.31 865.94 399.46 846.49 409.67 small_aircraft
1016.67 876.44 1065.09 847.69 1082.77 877.47 1034.35 906.22 large_aircraft
690.36 468.96 728.76 450.16 739.34 471.76 700.94 490.56 small_aircraft
1137.79 72.41 1143.59 82.43 1138.9 85.14 1133.1 75.12 medium_vehicle
725.32 30.95 736.72 23.99 739.38 28.35 727.98 35.31 medium_vehicle
791.15 665.5 873.07 625.54 904.03 689.02 822.11 728.98 large_aircraft
1205.26 1232.87 1199.6 1223.3 1204.61 1220.35 1210.27 1229.92 medium_vehicle
818.38 409.87 839.07 399.02 844.51 409.38 823.82 420.23 small_aircraft
498.84 67.37 507.95 63.48 509.83 67.89 500.72 71.78 medium_vehicle
282.23 304.31 286.13 301.65 292.02 310.29 288.12 312.95 medium_vehicle
304.53 328.36 304.99 335.74 294.01 336.41 293.55 329.03 medium_vehicle
238.87 319.25 241.1 323.92 230.65 328.9 228.42 324.23 medium_vehicle
235.22 312.21 236.59 315.09 226.62 319.85 225.25 316.97 medium_vehicle
233.59 308.76 234.99 312.36 225.17 316.19 223.77 312.59 medium_vehicle
