960.65 732.46 967.16 731.94 967.43 735.2 960.92 735.72 small_vehicle
763.12 989.08 773.93 981.98 776.98 986.63 766.17 993.73 medium_vehicle
79.56 89.78 83.23 89.32 83.93 94.87 80.26 95.33 small_vehicle
752.79 171.63 757.48 168.57 758.98 170.86 754.29 173.92 small_vehicle
754.74 174.1 760.1 174.1 760.1 177.26 754.74 177.26 small_vehicle
435.82 228.17 441.78 219.06 446.48 222.13 440.52 231.24 medium_vehicle
400.92 144.79 408.81 138.02 412.15 141.91 404.26 148.68 medium_vehicle
493.64 121.81 501.51 127.87 498.08 132.31 490.21 126.25 medium_vehicle
651.0 148.9 657.19 148.9 657.19 151.85 651.0 151.85 small_vehicle
68.87 1033.08 74.46 1032.63 74.68 1035.37 69.09 1035.82 small_vehicle
651.2 145.3 658.1 145.3 658.1 148.78 651.2 148.78 small_vehicle
70.86 1038.2 76.45 1037.75 76.67 1040.49 71.08 1040.94 small_vehicle
603.93 491.26 611.13 489.84 611.85 493.52 604.65 494.94 small_vehicle
437.18 122.92 448.23 112.22 451.53 115.63 440.48 126.33 large_vehicle
488.11 135.63 500.99 136.87 500.42 142.78 487.54 141.54 medium_vehicle
954.13 270.7 957.02 275.24 954.1 277.1 951.21 272.56 small_vehicle
965.08 289.32 967.48 295.21 964.27 296.52 961.87 290.63 small_vehicle
1145.97 970.24 1153.21 969.07 1153.78 972.59 1146.54 973.76 small_vehicle
506.67 133.96 514.07 125.07 518.38 128.66 510.98 137.55 medium_vehicle
73.19 1041.72 79.7 1041.2 79.97 1044.47 73.46 1044.99 small_vehicle
69.66 1036.5 75.25 1036.05 75.47 1038.79 69.88 1039.24 small_vehicle
