265.34 1079.58 270.41 1080.91 268.2 1089.34 263.13 1088.01 large_vehicle
376.38 913.24 387.45 916.45 385.61 922.78 374.54 919.57 small_aircraft
303.36 895.81 303.51 888.54 308.29 888.64 308.14 895.91 medium_vehicle
356.76 1190.88 367.69 1172.41 408.11 1196.31 397.18 1214.78 large_aircraft
496.22 368.32 500.54 363.62 503.6 366.43 499.28 371.13 medium_vehicle
238.38 937.85 243.76 933.04 246.44 936.04 241.06 940.85 medium_vehicle
241.44 1065.17 245.92 1065.68 244.85 1075.22 240.37 1074.71 large_vehicle
348.08 1215.04 358.07 1196.25 399.39 1218.22 389.4 1237.01 large_aircraft
229.83 928.75 235.04 924.55 237.57 927.69 232.36 931.89 medium_vehicle
512.41 442.93 559.77 430.06 575.84 489.2 528.48 502.07 large_aircraft
512.57 376.8 519.09 369.7 523.18 373.46 516.66 380.56 medium_vehicle
1045.65 1024.9 1049.94 1024.7 1050.22 1030.79 1045.93 1030.99 medium_vehicle
385.44 923.22 394.86 921.83 396.01 929.6 386.59 930.99 small_aircraft
245.15 1067.43 250.21 1068.0 249.16 1077.35 244.1 1076.78 large_vehicle
55.27 930.93 58.13 933.49 53.28 938.91 50.42 936.35 medium_vehicle
359.57 1164.11 369.31 1144.39 411.04 1165.01 401.3 1184.73 large_aircraft
275.69 457.42 289.79 440.86 322.89 469.04 308.79 485.6 large_aircraft
251.48 944.59 255.22 941.24 262.29 949.15 258.55 952.5 large_vehicle
169.16 287.42 190.82 273.79 219.86 319.91 198.2 333.54 large_aircraft
180.62 459.85 189.71 454.45 192.07 458.42 182.98 463.82 large_vehicle
132.94 688.17 137.42 680.94 141.12 683.23 136.64 690.46 large_vehicle
637.85 360.53 679.39 366.74 675.16 395.02 633.62 388.81 large_aircraft
257.84 1075.82 263.14 1075.98 262.83 1086.37 257.53 1086.21 large_vehicle
445.74 814.62 461.91 799.75 493.77 834.4 477.6 849.27 large_aircraft
939.93 1256.49 944.02 1256.71 943.54 1265.78 939.45 1265.56 large_vehicle
232.74 931.11 237.95 926.91 240.48 930.05 235.27 934.25 medium_vehicle
473.92 659.7 498.91 630.65 555.55 679.36 530.56 708.41 large_aircraft
426.43 990.89 440.52 997.4 436.18 1006.78 422.09 1000.27 small_aircraft
235.24 934.31 240.84 929.79 243.37 932.93 237.77 937.45 medium_vehicle
