679.19 291.57 707.02 283.32 709.37 291.25 681.54 299.5 large_vehicle
710.9 283.51 740.57 275.0 742.8 282.78 713.13 291.29 large_vehicle
1000.52 83.71 1033.23 74.95 1035.39 83.02 1002.68 91.78 large_vehicle
1113.39 132.09 1147.48 127.18 1148.58 134.83 1114.49 139.74 large_vehicle
1073.54 138.46 1105.89 145.22 1103.82 155.11 1071.47 148.35 large_vehicle
1115.46 143.17 1149.74 136.14 1151.32 143.84 1117.04 150.87 large_vehicle
1010.82 178.85 1041.42 169.02 1043.83 176.5 1013.23 186.33 large_vehicle
1065.2 162.63 1100.31 153.88 1102.21 161.5 1067.1 170.25 large_vehicle
1047.43 89.05 1058.62 120.13 1052.62 122.29 1041.43 91.21 large_vehicle
815.51 255.88 845.06 247.4 847.28 255.16 817.73 263.64 large_vehicle
1135.45 33.85 1142.89 33.82 1142.98 50.08 1135.54 50.11 heavy_equipment
1015.54 205.33 1043.17 200.76 1044.68 209.9 1017.05 214.47 large_vehicle
898.94 112.97 931.69 104.38 933.69 111.98 900.94 120.57 large_vehicle
991.13 95.68 1023.88 87.09 1026.0 95.17 993.25 103.76 large_vehicle
885.84 233.63 914.07 225.53 916.68 234.65 888.45 242.75 large_vehicle
1170.19 176.55 1203.09 168.04 1205.29 176.55 1172.39 185.06 large_vehicle
1183.22 20.52 1217.04 10.83 1219.47 19.28 1185.65 28.97 large_vehicle
1231.56 85.24 1240.46 117.56 1232.79 119.67 1223.89 87.35 large_vehicle
846.31 270.39 1214.96 173.68 1233.73 245.21 865.08 341.92 large_vessel
856.33 243.12 883.09 235.45 885.54 244.01 858.78 251.68 large_vehicle
181.85 951.08 245.1 848.66 263.19 859.83 199.94 962.25 large_vessel
516.06 316.87 508.94 44.94 552.65 43.79 559.77 315.72 large_vessel
1177.55 91.53 1186.41 123.69 1180.3 125.38 1171.44 93.22 large_vehicle
1141.23 55.03 1154.63 51.39 1156.7 59.02 1143.3 62.66 heavy_equipment
1068.34 114.0 1096.16 130.79 1093.07 135.91 1065.25 119.12 large_vehicle
900.71 120.62 933.46 112.03 934.34 115.41 901.59 124.0 large_vehicle
776.54 266.21 806.59 257.14 809.0 265.14 778.95 274.21 large_vehicle
1066.37 123.42 1098.43 138.57 1095.12 145.58 1063.06 130.43 large_vehicle
1047.02 141.14 1060.98 170.16 1055.27 172.91 1041.31 143.89 large_vehicle
52.46 864.31 166.96 697.09 203.94 722.41 89.44 889.63 large_vessel
1077.13 103.73 1105.43 120.8 1101.71 126.97 1073.41 109.9 large_vehicle
745.57 280.89 772.93 266.59 776.39 273.21 749.03 287.51 large_vehicle
