360.64 891.75 365.77 894.55 352.68 918.56 347.55 915.76 large_vehicle
1227.24 571.72 1226.88 576.55 1203.86 574.82 1204.22 569.99 large_vehicle
1225.63 584.97 1225.95 589.4 1202.92 591.05 1202.6 586.62 double_trailer_truck
428.04 978.19 431.8 982.36 411.13 1001.04 407.37 996.87 double_trailer_truck
447.9 1041.92 453.06 1044.24 442.28 1068.22 437.12 1065.9 large_vehicle
248.59 977.35 252.77 972.48 271.09 988.19 266.91 993.06 large_vehicle
451.49 1115.16 448.26 1120.89 431.34 1111.36 434.57 1105.63 large_vehicle
1227.41 592.37 1227.46 597.09 1204.38 597.33 1204.33 592.61 double_trailer_truck
427.16 1025.57 432.23 1029.75 418.46 1046.45 413.39 1042.27 large_vehicle
422.49 991.37 425.89 995.84 407.52 1009.78 404.12 1005.31 large_vehicle
431.43 960.12 435.2 966.05 411.31 981.21 407.54 975.28 double_trailer_truck
954.35 551.9 989.86 552.52 986.8 727.79 951.29 727.17 large_vessel
345.92 964.19 350.78 967.06 335.71 992.54 330.85 989.67 double_trailer_truck
597.34 1133.49 599.84 1139.15 580.3 1147.77 577.8 1142.11 large_vehicle
323.87 956.83 329.04 959.55 317.01 982.46 311.84 979.74 large_vehicle
427.33 971.09 431.5 975.76 413.08 992.17 408.91 987.5 large_vehicle
485.96 1069.82 491.73 1072.01 480.74 1100.95 474.97 1098.76 double_trailer_truck
477.4 1066.07 483.55 1068.3 472.75 1098.12 466.6 1095.89 double_trailer_truck
1084.0 522.28 1159.81 523.21 1156.61 784.89 1080.8 783.96 large_vessel
535.62 1110.07 542.58 1110.9 539.88 1133.55 532.92 1132.72 large_vehicle
1054.1 1173.37 1061.22 1173.46 1060.99 1193.04 1053.87 1192.95 medium_vessel
522.78 1099.74 526.18 1095.05 534.3 1100.94 530.9 1105.63 container
1240.14 815.89 1247.25 815.71 1247.94 842.21 1240.83 842.39 large_vehicle
989.01 625.75 993.94 625.62 994.35 641.25 989.42 641.38 medium_vessel
262.38 998.8 266.2 994.04 285.5 1009.51 281.68 1014.27 large_vehicle
519.76 1124.77 526.9 1125.85 522.97 1151.89 515.83 1150.81 large_vehicle
424.74 1013.35 427.4 1018.04 409.2 1028.33 406.54 1023.64 large_vehicle
349.75 969.65 354.58 972.58 340.75 995.43 335.92 992.5 large_vehicle
610.24 1162.53 606.31 1167.14 590.93 1154.05 594.86 1149.44 large_vehicle
475.56 1144.52 471.66 1149.35 450.94 1132.57 454.84 1127.74 double_trailer_truck
340.04 1064.65 343.86 1059.88 363.16 1075.35 359.34 1080.12 large_vehicle
1225.62 615.84 1227.5 620.51 1204.42 629.79 1202.54 625.12 large_vehicle
434.84 1027.19 439.59 1030.7 423.6 1052.39 418.85 1048.88 large_vehicle
453.7 872.43 455.45 867.47 472.15 873.35 470.4 878.31 container
1147.0 1261.76 1153.2 1264.93 1144.56 1281.82 1138.36 1278.65 medium_vessel
472.48 1060.06 477.92 1062.43 467.37 1086.69 461.93 1084.32 large_vehicle
390.0 910.43 395.94 912.28 387.81 938.38 381.87 936.53 large_vehicle
405.3 921.29 411.0 924.56 398.42 946.44 392.72 943.17 large_vehicle
515.35 1101.87 522.23 1103.08 517.6 1129.35 510.72 1128.14 large_vehicle
1209.02 635.2 1207.78 630.83 1229.73 624.62 1230.97 628.99 large_vehicle
596.38 1141.09 598.75 1146.46 580.28 1154.61 577.91 1149.24 large_vehicle
523.57 1130.28 531.05 1131.41 527.06 1157.77 519.58 1156.64 large_vehicle
1242.13 746.69 1248.94 746.92 1248.05 773.67 1241.24 773.44 large_vehicle
1027.95 1240.82 1034.86 1240.75 1035.09 1263.06 1028.18 1263.13 large_vehicle
340.64 962.07 345.49 964.94 331.65 988.35 326.8 985.48 double_trailer_truck
396.68 921.36 402.78 924.14 391.8 948.23 385.7 945.45 large_vehicle
410.72 629.15 415.53 632.2 409.69 641.41 404.88 638.36 container
821.17 1088.43 827.17 1088.36 827.44 1114.87 821.44 1114.94 large_vehicle
1142.91 1218.35 1150.02 1218.24 1150.45 1245.12 1143.34 1245.23 medium_vessel
503.19 1082.76 508.89 1084.35 501.12 1112.16 495.42 1110.57 large_vehicle
409.48 929.63 414.44 932.04 402.7 956.23 397.74 953.82 large_vehicle
490.27 1075.73 496.04 1077.92 485.05 1106.85 479.28 1104.66 double_trailer_truck
604.05 1172.48 600.05 1177.3 584.64 1164.55 588.64 1159.73 large_vehicle
425.93 1101.36 421.8 1106.6 405.93 1094.06 410.06 1088.82 large_vehicle
1248.36 473.24 1257.69 473.15 1257.92 498.93 1248.59 499.02 large_vehicle
923.3 1219.95 929.18 1219.8 929.4 1228.83 923.52 1228.98 heavy_equipment
242.48 982.13 246.48 977.14 265.89 992.7 261.89 997.69 large_vehicle
1146.6 1246.33 1153.05 1249.32 1143.6 1269.67 1137.15 1266.68 medium_vessel
376.88 903.09 382.34 906.07 369.25 930.08 363.79 927.1 large_vehicle
256.85 952.53 259.62 947.29 281.63 958.94 278.86 964.18 double_trailer_truck
440.22 1030.54 444.97 1034.04 431.79 1051.92 427.04 1048.42 large_vehicle
889.06 1020.0 889.44 1024.39 871.88 1025.9 871.5 1021.51 large_vehicle
488.71 781.93 493.08 774.43 511.12 784.93 506.75 792.43 medium_vessel
370.09 896.26 375.78 900.47 358.42 923.93 352.73 919.72 double_trailer_truck
608.41 1169.13 604.35 1173.9 588.76 1160.63 592.82 1155.86 large_vehicle
424.17 1004.69 426.94 1009.59 403.37 1022.92 400.6 1018.02 double_trailer_truck
1043.53 1231.64 1050.43 1231.57 1050.66 1253.88 1043.76 1253.95 large_vehicle
384.49 898.69 390.34 900.78 381.12 926.52 375.27 924.43 large_vehicle
1119.73 858.62 1155.25 859.06 1153.42 1009.2 1117.9 1008.76 large_vessel
541.24 1215.57 537.1 1220.8 516.26 1204.34 520.4 1199.11 double_trailer_truck
252.24 958.05 255.21 952.92 277.76 965.94 274.79 971.07 double_trailer_truck
264.39 941.4 268.26 936.39 288.25 951.78 284.38 956.79 large_vehicle
511.79 1094.24 517.79 1095.3 513.11 1121.85 507.11 1120.79 large_vehicle
816.56 1085.34 822.55 1085.27 822.84 1112.57 816.85 1112.64 large_vehicle
1222.56 600.2 1222.56 604.9 1200.33 604.9 1200.33 600.2 large_vehicle
415.3 930.71 420.65 933.3 408.9 957.49 403.55 954.9 large_vehicle
450.33 1133.23 446.06 1138.25 430.29 1124.83 434.56 1119.81 large_vehicle
851.34 1026.44 851.16 1021.54 869.99 1020.85 870.17 1025.75 large_vehicle
330.96 959.8 336.44 962.58 322.12 990.8 316.64 988.02 double_trailer_truck
427.84 955.07 431.16 960.68 407.61 974.6 404.29 968.99 double_trailer_truck
506.56 1092.95 511.74 1094.05 506.14 1120.39 500.96 1119.29 large_vehicle
474.65 1101.0 471.23 1105.85 454.14 1093.79 457.56 1088.94 large_vehicle
1042.43 1257.54 1050.08 1257.46 1050.31 1279.76 1042.66 1279.84 large_vehicle
820.45 1228.34 828.1 1228.26 828.43 1258.85 820.78 1258.93 double_trailer_truck
457.15 1049.5 462.4 1052.75 447.82 1076.36 442.57 1073.11 double_trailer_truck
476.41 1152.45 472.63 1157.37 451.47 1141.14 455.25 1136.22 double_trailer_truck
773.99 857.6 808.44 880.13 710.08 1030.44 675.63 1007.91 large_vessel
871.14 610.88 931.18 611.93 927.52 822.09 867.48 821.04 large_vessel
474.26 1134.77 470.35 1139.41 450.21 1122.45 454.12 1117.81 double_trailer_truck
452.78 1043.81 457.86 1046.28 445.74 1071.25 440.66 1068.78 double_trailer_truck
247.82 967.54 250.9 962.21 268.07 972.12 264.99 977.45 large_vehicle
