1166.8 261.26 1159.0 247.84 1163.47 245.24 1171.27 258.66 medium_vessel
1168.41 255.31 1163.06 242.7 1168.41 240.43 1173.76 253.04 medium_vessel
665.15 970.65 668.01 959.74 672.62 960.95 669.76 971.86 small_vessel
1264.84 333.63 1270.92 332.41 1271.79 336.72 1265.71 337.94 small_vessel
1220.63 631.08 1230.23 628.11 1231.71 632.88 1222.11 635.85 small_vessel
1216.4 245.92 1212.13 248.21 1207.13 238.89 1211.4 236.6 small_vessel
1180.85 228.61 1191.67 220.69 1194.87 225.07 1184.05 232.99 medium_vessel
1194.27 248.7 1189.46 250.71 1181.69 232.13 1186.5 230.12 medium_vessel
1178.62 225.48 1188.58 215.83 1191.89 219.25 1181.93 228.9 medium_vessel
1178.91 336.47 1186.32 324.1 1191.06 326.94 1183.65 339.31 medium_vessel
682.86 1121.8 695.79 1121.77 695.8 1126.98 682.87 1127.01 medium_vessel
676.09 1114.5 679.98 1112.98 682.6 1119.71 678.71 1121.23 small_vessel
665.33 1074.32 675.56 1075.52 674.96 1080.7 664.73 1079.5 small_vessel
670.85 960.05 670.7 945.5 676.83 945.43 676.98 959.98 medium_vessel
653.22 1058.15 656.68 1044.95 661.59 1046.24 658.13 1059.44 medium_vessel
1177.99 322.24 1192.59 310.75 1195.7 314.71 1181.1 326.2 medium_vessel
385.17 930.91 392.17 929.13 393.2 933.16 386.2 934.94 small_vessel
1189.15 250.53 1185.34 252.12 1180.29 240.03 1184.1 238.44 small_vessel
847.74 1251.65 853.27 1245.53 855.98 1247.97 850.45 1254.09 small_vessel
1172.46 328.87 1185.89 323.66 1188.06 329.27 1174.63 334.48 medium_vessel
1184.42 258.98 1180.82 261.02 1175.44 251.56 1179.04 249.52 small_vessel
527.39 890.9 535.95 880.76 540.07 884.25 531.51 894.39 medium_vessel
1172.67 248.28 1171.98 234.61 1176.93 234.36 1177.62 248.03 medium_vessel
521.04 1039.75 523.75 1030.44 527.53 1031.54 524.82 1040.85 small_vessel
