896.88 358.35 900.3 352.09 915.0 360.14 911.58 366.4 heavy_equipment
991.76 1073.98 1000.56 1067.65 1007.63 1077.49 998.83 1083.82 heavy_equipment
1083.66 1228.3 1086.7 1234.61 1072.81 1241.3 1069.77 1234.99 heavy_equipment
630.28 167.79 639.08 148.47 648.14 152.59 639.34 171.91 heavy_equipment
1050.68 1238.87 1053.37 1244.46 1042.52 1249.68 1039.83 1244.09 medium_vehicle
1014.53 429.29 1017.06 422.87 1032.98 429.14 1030.45 435.56 heavy_equipment
1037.87 1258.9 1043.01 1254.62 1049.67 1262.62 1044.53 1266.9 heavy_equipment
1024.27 1261.34 1030.24 1256.36 1036.91 1264.36 1030.94 1269.34 heavy_equipment
1077.94 464.54 1082.81 456.77 1098.42 466.56 1093.55 474.33 heavy_equipment
995.08 1152.79 1005.07 1151.81 1005.67 1158.0 995.68 1158.98 heavy_equipment
785.88 274.5 795.78 265.17 817.15 287.85 807.25 297.18 heavy_equipment
636.62 211.23 640.59 202.53 673.95 217.74 669.98 226.44 heavy_equipment
