1018.26 902.24 1001.93 901.9 1002.26 886.4 1018.59 886.74 small_aircraft
287.14 586.9 284.67 592.97 268.98 586.6 271.45 580.53 medium_vehicle
1006.07 961.85 989.17 960.9 989.99 946.17 1006.89 947.12 small_aircraft
351.55 734.18 357.2 734.0 357.57 745.82 351.92 746.0 medium_vehicle
206.43 138.09 206.38 133.59 217.98 133.44 218.03 137.94 medium_vehicle
815.51 864.16 812.01 895.93 787.52 893.23 791.02 861.46 small_aircraft
131.36 309.61 135.59 303.65 149.06 313.23 144.83 319.19 medium_vehicle
87.38 480.29 94.14 480.78 92.99 496.38 86.23 495.89 container
774.07 661.05 773.73 685.1 755.33 684.84 755.67 660.79 small_aircraft
814.04 770.95 810.49 803.12 786.2 800.44 789.75 768.27 small_aircraft
998.68 865.28 994.43 896.71 967.27 893.04 971.52 861.61 small_aircraft
413.15 1091.84 417.75 1091.16 419.37 1102.16 414.77 1102.84 medium_vehicle
346.71 731.59 352.35 731.41 352.69 742.22 347.05 742.4 medium_vehicle
737.78 494.65 729.49 499.05 722.55 486.0 730.84 481.6 small_aircraft
224.1 619.14 224.43 624.25 210.01 625.16 209.68 620.05 medium_vehicle
14.81 437.78 21.29 437.78 21.29 454.98 14.81 454.98 heavy_equipment
177.86 616.52 179.76 610.5 195.32 615.4 193.42 621.42 medium_vehicle
746.57 539.23 779.63 542.65 775.58 581.88 742.52 578.46 small_aircraft
780.44 717.86 778.37 736.64 765.16 735.18 767.23 716.4 small_aircraft
809.78 49.46 812.44 44.81 822.89 50.79 820.23 55.44 medium_vehicle
385.86 1044.02 386.37 1038.95 396.8 1039.99 396.29 1045.06 medium_vehicle
21.24 445.87 26.34 445.9 26.25 458.78 21.15 458.75 medium_vehicle
92.95 487.61 97.75 487.58 97.84 501.52 93.04 501.55 medium_vehicle
161.77 513.65 167.74 513.41 168.41 530.06 162.44 530.3 medium_vehicle
92.37 348.12 96.58 352.4 89.83 359.03 85.62 354.75 heavy_equipment
387.55 1061.96 388.06 1056.88 397.5 1057.82 396.99 1062.9 medium_vehicle
827.2 21.87 830.24 17.96 838.61 24.45 835.57 28.36 medium_vehicle
358.86 1023.35 359.9 1017.66 371.62 1019.79 370.58 1025.48 medium_vehicle
240.23 560.83 246.34 557.32 254.67 571.82 248.56 575.33 medium_vehicle
804.77 745.98 802.37 778.57 765.96 775.9 768.36 743.31 small_aircraft
786.19 239.22 787.61 232.64 800.91 235.52 799.49 242.1 medium_vehicle
314.83 333.21 321.77 333.37 321.41 349.28 314.47 349.12 medium_vehicle
24.23 411.48 30.73 411.51 30.66 426.14 24.16 426.11 medium_vehicle
365.68 735.66 371.06 735.49 371.59 752.19 366.21 752.36 large_vehicle
6.98 267.71 11.76 271.08 3.4 282.93 -1.37 279.56 medium_vehicle
270.96 22.44 270.78 17.24 285.24 16.76 285.42 21.96 medium_vehicle
400.55 1047.06 405.56 1046.92 405.89 1058.5 400.88 1058.64 medium_vehicle
620.6 181.17 622.97 173.78 638.65 178.81 636.28 186.2 medium_vehicle
411.95 1075.76 412.98 1070.29 426.45 1072.84 425.42 1078.31 large_vehicle
361.32 929.43 365.77 928.61 369.16 946.89 364.71 947.71 large_vehicle
357.44 933.47 363.06 932.43 366.45 950.72 360.83 951.76 large_vehicle
1075.47 145.35 1080.83 149.37 1069.44 164.59 1064.08 160.57 bus
132.65 631.11 140.88 631.0 141.15 650.65 132.92 650.76 heavy_equipment
103.4 489.0 108.7 489.0 108.7 497.36 103.4 497.36 heavy_equipment
1261.47 636.38 1262.8 642.41 1244.44 646.45 1243.11 640.42 heavy_equipment
414.8 1081.43 415.64 1076.99 425.67 1078.89 424.83 1083.33 medium_vehicle
418.53 1093.29 424.4 1092.66 425.88 1106.29 420.01 1106.92 container
362.23 736.5 366.71 736.36 367.1 748.71 362.62 748.85 medium_vehicle
309.58 780.59 315.23 780.41 315.58 791.36 309.93 791.54 medium_vehicle
153.84 359.29 154.95 353.14 170.22 355.92 169.11 362.07 medium_vehicle
205.54 56.38 205.39 51.89 218.4 51.46 218.55 55.95 medium_vehicle
985.19 952.77 969.8 951.9 970.51 939.17 985.9 940.04 small_aircraft
30.42 451.38 35.94 451.41 35.87 462.65 30.35 462.62 medium_vehicle
174.76 519.49 181.44 519.64 181.17 531.75 174.49 531.6 medium_vehicle
798.8 792.54 796.51 813.21 778.49 811.22 780.78 790.55 small_aircraft
134.43 501.62 140.26 501.57 140.37 516.1 134.54 516.15 medium_vehicle
198.64 533.81 204.31 534.23 203.43 546.16 197.76 545.74 medium_vehicle
14.64 410.15 20.67 410.18 20.6 423.11 14.57 423.08 medium_vehicle
821.26 899.9 820.65 931.86 796.01 931.39 796.62 899.43 small_aircraft
108.0 483.46 115.05 483.46 115.05 501.2 108.0 501.2 heavy_equipment
408.02 1087.38 413.32 1087.23 413.87 1107.13 408.57 1107.28 large_vehicle
817.97 823.92 814.1 858.96 786.75 855.94 790.62 820.9 small_aircraft
267.58 577.29 263.85 582.68 251.86 574.37 255.59 568.98 medium_vehicle
728.55 489.06 739.34 497.7 729.86 509.54 719.07 500.9 small_aircraft
356.23 733.53 362.75 733.33 363.21 748.0 356.69 748.2 medium_vehicle
778.66 687.58 778.32 712.39 759.56 712.13 759.9 687.32 small_aircraft
189.04 527.53 193.9 527.64 193.57 542.3 188.71 542.19 medium_vehicle
409.35 1043.57 415.51 1043.4 416.0 1060.91 409.84 1061.08 large_vehicle
147.45 666.26 156.31 666.58 155.71 683.06 146.85 682.74 heavy_equipment
168.82 519.55 173.39 519.37 173.88 531.6 169.31 531.78 medium_vehicle
173.53 381.44 180.7 381.0 181.68 397.1 174.51 397.54 medium_vehicle
147.5 508.23 155.49 508.82 154.38 523.99 146.39 523.4 heavy_equipment
330.71 212.16 337.25 209.77 342.66 224.56 336.12 226.95 medium_vehicle
337.83 231.09 344.76 230.42 346.28 246.27 339.35 246.94 medium_vehicle
191.39 496.08 194.61 491.12 207.16 499.27 203.94 504.23 heavy_equipment
117.28 297.53 122.14 291.14 135.68 301.46 130.82 307.85 medium_vehicle
19.74 409.12 25.27 409.15 25.18 425.01 19.65 424.98 medium_vehicle
991.99 207.68 988.42 203.19 1000.29 193.75 1003.86 198.24 medium_vehicle
9.67 406.26 15.2 406.13 15.55 421.65 10.02 421.78 medium_vehicle
358.81 1010.22 359.29 1005.14 376.43 1006.76 375.95 1011.84 large_vehicle
273.88 509.57 281.3 509.71 281.01 524.77 273.59 524.63 heavy_equipment
310.38 792.16 316.02 791.78 316.76 802.71 311.12 803.09 medium_vehicle
189.66 588.8 194.74 588.85 194.65 599.48 189.57 599.43 medium_vehicle
186.56 398.14 193.62 396.72 196.93 413.11 189.87 414.53 medium_vehicle
1092.97 611.94 1104.29 612.26 1104.01 622.25 1092.69 621.93 heavy_equipment
