346.59 781.69 348.49 775.74 363.85 780.64 361.95 786.59 medium_vehicle
599.89 175.84 605.53 179.59 599.5 188.67 593.86 184.92 medium_vehicle
188.38 920.38 195.65 920.03 196.47 936.76 189.2 937.11 large_vehicle
831.87 1045.14 844.56 1045.94 843.85 1057.18 831.16 1056.38 small_aircraft
603.31 43.94 609.23 43.76 609.56 54.65 603.64 54.83 medium_vehicle
248.25 927.39 249.59 921.28 269.79 925.72 268.45 931.83 bus
806.53 1040.29 822.46 1041.29 821.72 1053.15 805.79 1052.15 small_aircraft
630.7 975.42 647.54 974.24 648.77 991.89 631.93 993.07 small_aircraft
569.93 433.38 574.31 429.8 582.14 439.4 577.76 442.98 medium_vehicle
696.6 250.33 700.87 253.17 694.5 262.76 690.23 259.92 medium_vehicle
816.62 591.99 819.39 585.94 836.12 593.6 833.35 599.65 bus
581.18 157.69 585.95 160.86 580.64 168.86 575.87 165.69 medium_vehicle
1157.33 373.12 1207.99 393.49 1181.84 458.52 1131.18 438.15 large_aircraft
630.9 1038.64 654.39 1039.34 653.79 1059.53 630.3 1058.83 small_aircraft
346.47 748.67 347.04 744.11 359.11 745.61 358.54 750.17 medium_vehicle
334.89 746.62 335.63 741.84 347.66 743.7 346.92 748.48 medium_vehicle
765.04 1010.57 779.2 1019.9 772.44 1030.16 758.28 1020.83 small_aircraft
1116.99 1080.74 1208.09 1093.38 1191.95 1209.67 1100.85 1197.03 large_aircraft
254.57 923.23 255.28 917.84 268.4 919.57 267.69 924.96 medium_vehicle
157.07 124.85 163.29 125.29 162.4 137.66 156.18 137.22 medium_vehicle
338.6 759.06 339.35 753.03 351.65 754.56 350.9 760.59 medium_vehicle
847.0 1049.7 863.5 1049.7 863.5 1064.1 847.0 1064.1 small_aircraft
87.07 317.09 90.13 312.46 99.25 318.5 96.19 323.13 medium_vehicle
236.98 917.46 244.21 916.61 246.53 936.34 239.3 937.19 bus
1052.44 940.0 1059.16 940.0 1059.16 958.72 1052.44 958.72 bus
580.25 680.54 582.75 674.93 593.86 679.9 591.36 685.51 medium_vehicle
1232.53 1100.3 1290.44 1108.33 1277.96 1198.3 1220.05 1190.27 large_aircraft
808.43 1065.45 808.8 1107.81 783.16 1108.03 782.79 1065.67 small_aircraft
868.99 995.25 869.16 989.48 883.11 989.89 882.94 995.66 medium_vehicle
346.95 754.75 347.6 749.51 361.28 751.22 360.63 756.46 medium_vehicle
542.39 91.47 546.97 94.51 540.52 104.22 535.94 101.18 medium_vehicle
678.24 989.48 675.98 965.91 682.43 965.29 684.69 988.86 large_vehicle
637.97 192.81 642.39 195.38 637.34 204.06 632.92 201.49 medium_vehicle
161.2 116.85 166.94 119.33 163.5 127.33 157.76 124.85 medium_vehicle
