1207.79 454.08 1211.92 451.48 1217.5 460.33 1213.37 462.93 small_vessel
1183.53 536.24 1184.79 530.74 1197.22 533.59 1195.96 539.09 medium_vessel
784.33 85.9 784.77 81.42 793.78 82.31 793.34 86.79 medium_vehicle
1257.07 243.87 1258.88 237.97 1271.11 241.74 1269.3 247.64 medium_vehicle
1184.9 545.53 1186.12 540.27 1197.43 542.89 1196.21 548.15 small_vessel
1169.23 515.48 1170.49 509.99 1183.76 513.05 1182.5 518.54 medium_vessel
1178.45 548.27 1178.34 543.97 1189.41 543.68 1189.52 547.98 small_vessel
780.9 89.21 781.8 84.97 790.48 86.82 789.58 91.06 medium_vehicle
732.85 77.56 733.95 72.33 747.93 75.28 746.83 80.51 medium_vehicle
1169.63 529.83 1171.82 524.64 1185.17 530.26 1182.98 535.45 medium_vessel
1169.74 519.34 1170.8 514.73 1184.08 517.8 1183.02 522.41 medium_vessel
1215.02 446.69 1218.97 443.56 1224.85 451.01 1220.9 454.14 small_vessel
1224.89 367.27 1226.3 362.55 1235.41 365.26 1234.0 369.98 small_vessel
1184.51 526.56 1185.38 520.99 1197.11 522.83 1196.24 528.4 small_vessel
1188.72 414.3 1192.19 410.65 1199.77 417.85 1196.3 421.5 medium_vehicle
733.33 72.6 734.16 67.07 745.43 68.76 744.6 74.29 medium_vehicle
1204.48 467.43 1207.96 471.09 1198.66 479.95 1195.18 476.29 medium_vehicle
1204.07 492.54 1207.97 487.74 1223.5 500.36 1219.6 505.16 medium_vessel
