181.95 236.54 188.48 234.58 198.44 267.79 191.91 269.75 large_vehicle
320.63 253.62 322.28 260.24 290.15 268.25 288.5 261.63 large_vehicle
326.16 223.13 333.88 221.09 343.4 257.13 335.68 259.17 large_vehicle
280.49 244.07 282.19 251.66 249.16 259.05 247.46 251.46 large_vehicle
255.7 143.07 254.39 150.74 217.87 144.49 219.18 136.82 double_trailer_truck
134.39 295.41 132.24 288.65 164.08 278.55 166.23 285.31 large_vehicle
353.89 641.28 345.01 644.23 334.48 612.59 343.36 609.64 large_vehicle
278.72 611.29 269.86 611.51 269.26 587.01 278.12 586.79 large_vehicle
299.76 143.86 307.1 141.92 316.82 178.72 309.48 180.66 large_vehicle
106.04 200.72 131.76 194.78 133.27 201.32 107.55 207.26 container
458.75 586.43 466.59 584.96 473.42 621.42 465.58 622.89 large_vehicle
389.54 680.69 389.04 690.03 356.24 688.25 356.74 678.91 large_vehicle
315.74 235.23 317.37 241.86 283.84 250.09 282.21 243.46 large_vehicle
210.68 37.78 214.78 43.4 187.11 63.58 183.01 57.96 large_vehicle
244.09 637.85 241.25 630.02 270.59 619.4 273.43 627.23 large_vehicle
202.14 286.43 202.31 293.4 175.31 294.06 175.14 287.09 large_vehicle
381.58 691.86 381.19 702.46 348.36 701.26 348.75 690.66 large_vehicle
313.8 634.28 305.19 637.96 290.94 604.55 299.55 600.87 large_vehicle
169.06 226.17 176.88 223.82 187.1 257.88 179.28 260.23 large_vehicle
185.71 107.13 193.58 104.92 203.35 139.7 195.48 141.91 large_vehicle
346.5 601.33 337.53 604.02 327.29 569.89 336.26 567.2 large_vehicle
6.44 14.0 15.01 11.59 23.87 43.13 15.3 45.54 large_vehicle
364.92 290.71 372.67 287.63 385.95 321.02 378.2 324.1 large_vehicle
461.48 658.96 450.32 654.68 462.47 623.02 473.63 627.3 large_vehicle
283.95 214.61 285.86 221.57 253.77 230.35 251.86 223.39 large_vehicle
29.0 167.72 35.53 165.73 45.12 197.29 38.59 199.28 large_vehicle
300.14 185.73 307.15 183.74 316.96 218.42 309.95 220.41 large_vehicle
445.63 534.28 453.08 532.16 461.75 562.61 454.3 564.73 large_vehicle
303.33 228.83 305.1 236.03 272.71 243.99 270.94 236.79 large_vehicle
251.6 708.14 251.87 716.66 218.96 717.69 218.69 709.17 large_vehicle
151.56 197.83 159.62 196.5 165.42 231.59 157.36 232.92 large_vehicle
476.68 676.1 493.03 708.47 485.3 712.37 468.95 680.0 large_vehicle
319.36 275.08 320.87 282.97 291.54 288.57 290.03 280.68 large_vehicle
183.81 192.64 191.67 190.43 201.44 225.21 193.58 227.42 large_vehicle
440.28 565.07 450.25 562.93 457.87 598.5 447.9 600.64 large_vehicle
294.86 134.9 297.09 144.57 260.36 153.05 258.13 143.38 double_trailer_truck
328.43 581.2 319.46 583.89 308.84 548.49 317.81 545.8 large_vehicle
285.38 106.52 286.89 115.24 244.51 122.56 243.0 113.84 double_trailer_truck
291.94 222.02 293.31 228.83 260.62 235.42 259.25 228.61 large_vehicle
439.77 681.71 439.14 717.87 431.54 717.74 432.17 681.58 large_vehicle
144.87 233.43 151.82 229.14 171.87 261.61 164.92 265.9 large_vehicle
79.15 311.55 177.18 669.91 106.78 689.17 8.75 330.81 large_vessel
448.83 679.35 452.39 715.69 444.57 716.46 441.01 680.12 large_vehicle
181.65 717.05 174.61 717.97 169.84 681.69 176.88 680.77 large_vehicle
21.98 89.14 28.11 87.26 37.2 116.82 31.07 118.7 large_vehicle
423.83 472.1 431.59 469.01 444.83 502.26 437.07 505.35 large_vehicle
267.61 650.56 271.85 657.61 244.06 674.31 239.82 667.26 large_vehicle
466.55 676.91 482.32 711.19 474.18 714.93 458.41 680.65 large_vehicle
490.65 271.04 599.35 668.38 515.6 691.29 406.9 293.95 large_vessel
322.82 529.17 313.95 532.17 302.44 498.17 311.31 495.17 large_vehicle
164.47 239.75 172.03 237.48 181.99 270.69 174.43 272.96 large_vehicle
266.31 157.16 267.68 164.82 240.0 169.75 238.63 162.09 large_vehicle
487.23 672.56 502.61 699.41 494.9 703.82 479.52 676.97 large_vehicle
265.82 96.81 260.76 106.62 224.91 88.12 229.97 78.31 double_trailer_truck
291.46 699.28 292.58 707.47 258.71 712.11 257.59 703.92 large_vehicle
453.08 642.98 444.99 639.88 457.65 606.91 465.74 610.01 large_vehicle
307.44 183.97 313.87 182.15 323.69 216.82 317.26 218.64 large_vehicle
460.13 679.92 463.94 712.79 454.81 713.84 451.0 680.97 large_vehicle
1028.11 1019.84 1130.35 1085.23 1119.12 1102.79 1016.88 1037.4 large_vessel
387.94 -17.56 440.94 176.15 377.35 193.55 324.35 -0.16 large_vessel
41.15 160.32 43.82 159.37 50.73 178.78 48.06 179.73 large_vehicle
318.2 244.79 319.96 251.4 287.95 259.92 286.19 253.31 large_vehicle
253.0 151.7 252.59 159.47 230.29 158.3 230.7 150.53 large_vehicle
88.94 221.59 96.86 219.63 103.63 246.95 95.71 248.91 large_vehicle
28.1 86.71 33.46 85.06 42.56 114.64 37.2 116.29 large_vehicle
246.76 697.58 247.03 706.1 214.12 707.13 213.85 698.61 large_vehicle
443.79 657.7 444.29 665.56 412.03 667.59 411.53 659.73 large_vehicle
222.79 721.03 425.23 718.56 425.76 762.06 223.32 764.53 large_vessel
242.81 661.42 239.46 654.49 266.59 641.37 269.94 648.3 large_vehicle
878.0 1107.73 1042.78 1231.45 1013.63 1270.28 848.85 1146.56 large_vessel
34.67 165.06 41.83 162.52 52.89 193.58 45.73 196.12 large_vehicle
109.06 207.72 134.07 201.94 135.58 208.48 110.57 214.26 container
242.7 106.29 243.18 114.19 211.09 116.15 210.61 108.25 double_trailer_truck
250.06 123.12 250.16 130.64 216.71 131.1 216.61 123.58 large_vehicle
195.77 56.08 204.5 59.13 193.81 89.68 185.08 86.63 large_vehicle
431.48 680.44 426.7 714.41 419.5 713.4 424.28 679.43 large_vehicle
364.38 627.41 355.41 630.1 345.28 596.32 354.25 593.63 large_vehicle
447.62 670.54 447.45 678.3 413.73 677.54 413.9 669.78 large_vehicle
279.7 691.68 280.99 699.82 248.54 704.96 247.25 696.82 large_vehicle
284.54 254.24 285.33 261.76 251.95 265.27 251.16 257.75 large_vehicle
461.47 576.72 470.62 571.02 489.08 600.67 479.93 606.37 large_vehicle
289.71 262.79 290.21 270.32 255.97 272.59 255.47 265.06 large_vehicle
239.73 182.01 247.7 181.98 247.83 219.08 239.86 219.11 large_vehicle
14.53 91.82 63.38 270.36 15.26 283.52 -33.58 104.98 large_vessel
