110.15 -1.25 127.83 0.76 127.3 5.4 109.62 3.38 double_trailer_truck
218.33 286.0 219.32 301.46 214.49 301.77 213.5 286.31 large_vehicle
207.42 269.62 208.15 290.5 203.76 290.65 203.03 269.77 double_trailer_truck
213.06 273.41 215.44 294.67 210.37 295.24 207.99 273.98 double_trailer_truck
617.6 22.83 633.41 34.7 628.82 40.8 613.01 28.93 medium_vessel
230.33 33.46 283.6 230.87 223.45 247.09 170.18 49.68 large_vessel
122.1 239.14 198.5 281.66 185.35 305.28 108.95 262.76 large_vessel
203.82 270.5 198.78 287.65 194.56 286.41 199.6 269.26 double_trailer_truck
111.66 4.33 129.95 9.06 128.67 14.02 110.38 9.29 double_trailer_truck
305.63 -9.82 327.51 66.44 294.97 75.77 273.09 -0.49 large_vessel
216.05 235.54 220.36 257.34 215.34 258.33 211.03 236.53 double_trailer_truck
104.56 249.38 109.18 254.79 106.57 257.02 101.95 251.61 medium_vessel
507.78 585.42 559.83 642.43 545.69 655.34 493.64 598.33 large_vessel
220.97 283.82 229.3 305.07 224.43 306.98 216.1 285.73 double_trailer_truck
221.63 288.98 224.5 304.19 221.16 304.83 218.29 289.62 large_vehicle
223.13 277.39 232.06 300.19 227.19 302.09 218.26 279.29 double_trailer_truck
122.15 29.29 136.59 33.02 135.49 37.29 121.05 33.56 large_vehicle
