357.51 57.24 374.46 62.71 372.29 69.43 355.34 63.96 container
835.18 967.28 967.42 1027.82 955.97 1052.82 823.73 992.28 large_vessel
459.96 934.16 518.33 958.81 510.65 977.0 452.28 952.35 large_vessel
730.75 1093.78 794.55 1118.27 788.82 1133.22 725.02 1108.73 large_vessel
689.89 1072.66 727.87 1093.71 721.29 1105.58 683.31 1084.53 large_vessel
922.72 1181.29 934.47 1187.81 918.88 1215.93 907.13 1209.41 medium_vessel
434.7 1159.47 450.39 1159.12 450.54 1165.48 434.85 1165.83 medium_vessel
780.49 622.8 790.12 628.1 787.35 633.14 777.72 627.84 container
790.09 638.66 798.64 643.36 795.7 648.7 787.15 644.0 container
615.32 785.39 620.02 789.36 611.32 799.65 606.62 795.68 container
689.71 1172.02 695.89 1177.23 678.12 1198.26 671.94 1193.05 container
768.49 627.81 778.34 633.22 775.06 639.19 765.21 633.78 container
564.83 888.07 676.22 930.83 665.37 959.1 553.98 916.34 large_vessel
1114.47 712.87 1127.6 704.08 1162.16 755.71 1149.03 764.5 large_vessel
1170.2 811.26 1183.22 800.64 1208.99 832.24 1195.97 842.86 large_vessel
1154.93 823.82 1172.56 811.11 1211.79 865.5 1194.16 878.21 large_vessel
1097.15 859.3 1111.06 851.33 1142.49 906.23 1128.58 914.2 large_vessel
1074.23 703.34 1097.46 687.74 1168.36 793.25 1145.13 808.85 large_vessel
1027.9 725.12 1053.68 708.76 1121.88 816.22 1096.1 832.58 large_vessel
1101.71 840.68 1128.84 823.93 1209.3 954.21 1182.17 970.96 large_vessel
877.53 915.51 1003.49 967.95 992.84 993.52 866.88 941.08 large_vessel
831.06 988.75 896.41 1017.7 890.17 1031.77 824.82 1002.82 large_vessel
174.34 1262.59 194.28 1270.13 191.57 1277.3 171.63 1269.76 container
383.79 76.8 400.71 84.09 397.97 90.46 381.05 83.17 container
1069.08 101.4 1075.21 105.77 1062.77 123.21 1056.64 118.84 medium_vessel
776.49 637.87 786.27 643.25 783.24 648.75 773.46 643.37 container
780.17 632.7 789.95 638.07 786.76 643.86 776.98 638.49 container
887.21 758.39 892.03 761.56 880.97 778.4 876.15 775.23 medium_vessel
875.7 745.79 884.17 749.69 877.37 764.48 868.9 760.58 medium_vessel
750.65 892.47 755.66 896.7 746.92 907.03 741.91 902.8 container
746.44 890.89 750.36 894.5 740.78 904.91 736.86 901.3 container
741.34 889.65 745.18 892.89 736.68 902.94 732.84 899.7 container
736.76 886.57 741.95 890.96 733.11 901.41 727.92 897.02 container
717.06 878.88 722.08 883.12 714.08 892.59 709.06 888.35 container
587.67 773.64 606.78 779.74 604.52 786.83 585.41 780.73 container
689.1 857.69 710.46 865.8 708.04 872.15 686.68 864.04 medium_vessel
558.21 1130.96 563.55 1134.87 555.02 1146.52 549.68 1142.61 container
564.22 1132.27 570.08 1135.5 562.06 1150.1 556.2 1146.87 container
556.19 1099.62 562.38 1104.47 548.31 1122.41 542.12 1117.56 container
639.84 1192.2 659.39 1201.94 656.05 1208.64 636.5 1198.9 container
638.24 1201.96 656.7 1211.86 653.39 1218.03 634.93 1208.13 container
671.64 1195.53 678.42 1200.84 663.7 1219.61 656.92 1214.3 container
715.74 951.93 733.56 958.69 730.77 966.02 712.95 959.26 medium_vessel
690.07 829.33 727.35 843.71 721.18 859.71 683.9 845.33 medium_vessel
1265.09 596.87 1276.44 589.75 1291.46 613.69 1280.11 620.81 large_vessel
1233.13 627.29 1249.89 616.78 1293.94 687.0 1277.18 697.51 large_vessel
1216.33 638.67 1233.09 628.16 1277.12 698.36 1260.36 708.87 large_vessel
1126.11 701.3 1141.73 690.96 1175.19 741.5 1159.57 751.84 large_vessel
