580.21 150.82 583.95 145.29 596.4 153.72 592.66 159.25 large_vehicle
851.18 1008.93 1174.31 1066.48 1163.46 1127.38 840.33 1069.83 large_vessel
52.34 148.94 63.18 161.5 14.93 203.15 4.09 190.59 large_vessel
40.21 136.05 53.32 149.81 6.38 194.52 -6.72 180.76 large_vessel
262.02 31.97 267.27 36.23 253.1 53.66 247.85 49.4 container
282.26 513.22 285.17 508.54 296.1 515.35 293.19 520.03 medium_vessel
98.38 120.1 113.24 101.93 119.36 106.94 104.5 125.11 medium_vessel
104.82 99.49 111.36 103.5 99.66 122.6 93.12 118.59 medium_vessel
100.2 97.58 104.48 100.22 96.92 112.44 92.64 109.8 medium_vessel
79.34 178.59 82.74 173.76 99.21 185.38 95.81 190.21 medium_vessel
93.42 190.69 96.44 185.87 114.5 197.15 111.48 201.97 medium_vessel
77.63 186.17 81.42 181.06 92.36 189.15 88.57 194.26 medium_vessel
87.54 196.1 91.18 190.95 101.3 198.09 97.66 203.24 small_vessel
81.04 201.3 84.06 196.88 92.68 202.76 89.66 207.18 small_vessel
69.73 195.18 72.94 190.71 81.01 196.51 77.8 200.98 small_vessel
532.91 196.17 536.3 192.6 543.54 199.49 540.15 203.06 small_vessel
556.33 144.66 559.57 139.64 574.44 149.22 571.2 154.24 large_vehicle
539.03 130.31 542.99 125.31 558.2 137.37 554.24 142.37 large_vehicle
562.28 163.23 565.6 158.22 580.32 167.97 577.0 172.98 large_vehicle
565.41 159.6 569.24 153.86 584.36 163.95 580.53 169.69 large_vehicle
569.65 155.64 573.47 150.51 588.03 161.36 584.21 166.49 large_vehicle
574.1 151.4 578.02 146.68 591.93 158.23 588.01 162.95 large_vehicle
