1202.29 1191.75 1207.2 1195.01 1198.91 1207.48 1194.0 1204.22 medium_vehicle
1264.38 711.05 1281.76 718.14 1279.28 724.22 1261.9 717.13 container
1236.17 1117.3 1241.15 1120.2 1235.92 1129.2 1230.94 1126.3 container
1022.41 699.19 1041.35 692.41 1043.44 698.26 1024.5 705.04 container
1101.69 570.31 1121.62 573.58 1120.68 579.3 1100.75 576.03 container
1088.17 587.88 1093.58 591.1 1082.16 610.34 1076.75 607.12 container
975.18 544.76 984.47 549.01 981.71 555.04 972.42 550.79 container
961.44 546.52 970.33 552.77 966.88 557.67 957.99 551.42 container
954.31 554.86 963.04 559.75 960.21 564.81 951.48 559.92 container
967.83 538.09 972.65 542.54 964.82 551.02 960.0 546.57 container
986.07 547.57 990.69 551.84 982.35 560.87 977.73 556.6 container
970.07 552.91 973.92 556.47 966.42 564.59 962.57 561.03 container
1190.05 1153.59 1194.72 1156.94 1186.39 1168.53 1181.72 1165.18 medium_vehicle
566.45 53.88 579.96 52.23 585.19 94.83 571.68 96.48 pylon
577.24 139.28 597.95 137.32 602.37 184.02 581.66 185.98 pylon
347.84 435.36 370.11 433.02 375.99 488.94 353.72 491.28 pylon
282.92 443.04 298.65 441.58 303.49 493.82 287.76 495.28 pylon
146.54 1267.23 152.24 1270.0 146.09 1282.65 140.39 1279.88 large_vehicle
113.61 1267.92 119.31 1270.68 113.27 1283.12 107.57 1280.36 large_vehicle
192.4 1174.65 198.32 1177.85 186.88 1199.02 180.96 1195.82 large_vehicle
224.5 1075.68 228.79 1077.76 219.87 1096.13 215.58 1094.05 large_vehicle
218.54 1077.79 224.9 1080.89 213.81 1103.73 207.45 1100.63 large_vehicle
210.56 1074.26 216.77 1077.27 206.5 1098.42 200.29 1095.41 large_vehicle
273.6 1028.2 280.09 1031.35 267.37 1057.56 260.88 1054.41 large_vehicle
246.75 1015.44 251.51 1017.75 246.45 1028.19 241.69 1025.88 medium_vehicle
81.98 803.02 109.42 791.03 112.79 798.75 85.35 810.74 large_vehicle
145.77 771.32 167.62 759.84 171.24 766.72 149.39 778.2 large_vehicle
234.37 741.38 261.44 729.95 264.42 737.0 237.35 748.43 large_vehicle
406.52 691.09 411.22 692.19 408.68 702.99 403.98 701.89 medium_vehicle
324.24 720.6 343.61 736.97 339.18 742.21 319.81 725.84 large_vehicle
370.91 709.54 376.71 706.78 385.9 726.14 380.1 728.9 large_vehicle
447.93 716.9 462.74 691.94 470.56 696.58 455.75 721.54 large_vehicle
456.98 654.76 469.72 632.69 476.03 636.33 463.29 658.4 large_vehicle
460.98 590.76 466.78 586.79 480.46 606.77 474.66 610.74 large_vehicle
426.27 592.45 452.59 587.9 454.03 596.24 427.71 600.79 large_vehicle
389.4 592.94 411.35 580.62 415.14 587.36 393.19 599.68 large_vehicle
1269.58 425.59 1279.36 428.6 1277.62 434.27 1267.84 431.26 medium_vehicle
1248.88 410.91 1262.72 413.77 1261.25 420.86 1247.41 418.0 medium_vehicle
584.17 532.59 594.09 527.58 596.79 532.93 586.87 537.94 medium_vehicle
636.87 489.68 648.43 485.04 650.66 490.6 639.1 495.24 medium_vehicle
596.73 490.12 614.41 482.5 616.57 487.52 598.89 495.14 large_vehicle
473.68 545.21 495.87 533.35 499.19 539.56 477.0 551.42 large_vehicle
533.9 527.07 560.44 515.14 564.18 523.47 537.64 535.4 large_vehicle
832.65 423.59 850.95 419.13 852.41 425.11 834.11 429.57 large_vehicle
832.81 439.84 860.06 434.89 861.46 442.58 834.21 447.53 large_vehicle
891.87 592.82 903.01 593.99 902.49 598.94 891.35 597.77 container
894.11 588.37 904.84 589.49 904.27 594.86 893.54 593.74 container
895.72 584.95 906.47 586.08 905.9 591.45 895.15 590.32 container
766.32 653.79 786.7 643.67 788.88 648.07 768.5 658.19 container
767.73 650.97 787.24 642.03 789.02 645.92 769.51 654.86 container
766.17 645.52 785.47 636.27 788.18 641.92 768.88 651.17 container
766.01 641.1 786.43 632.05 787.93 635.42 767.51 644.47 container
765.54 638.16 785.53 628.75 787.04 631.94 767.05 641.35 container
765.16 634.85 784.35 625.78 785.85 628.96 766.66 638.03 container
763.68 632.5 783.25 623.08 784.67 626.02 765.1 635.44 container
762.44 629.16 782.38 619.35 783.99 622.61 764.05 632.42 container
761.39 626.27 781.44 617.22 782.64 619.88 762.59 628.93 container
759.05 620.1 778.69 610.73 781.72 617.1 762.08 626.47 container
787.3 636.64 809.2 628.59 810.98 633.42 789.08 641.47 container
786.66 633.55 807.78 627.1 808.98 631.01 787.86 637.46 container
1105.07 1144.52 1106.29 1138.04 1119.01 1140.44 1117.79 1146.92 medium_vehicle
1162.0 545.38 1172.36 547.04 1171.34 553.38 1160.98 551.72 container
1235.63 1148.34 1246.29 1149.83 1245.4 1156.18 1234.74 1154.69 container
1246.5 704.63 1251.96 708.8 1238.56 726.39 1233.1 722.22 container
1271.46 485.68 1282.77 490.18 1280.31 496.36 1269.0 491.86 container
576.94 615.09 591.31 607.83 597.35 619.79 582.98 627.05 heavy_equipment
590.86 607.01 603.74 600.5 606.58 606.13 593.7 612.64 medium_vehicle
786.52 631.61 807.26 623.98 808.38 627.02 787.64 634.65 container
785.81 627.18 806.65 620.2 807.96 624.11 787.12 631.09 container
784.53 625.01 805.44 616.43 806.82 619.81 785.91 628.39 container
782.83 618.84 803.56 611.21 805.83 617.4 785.1 625.03 container
783.27 609.05 794.61 604.87 796.91 611.12 785.57 615.3 container
976.29 555.29 986.48 559.95 983.74 565.94 973.55 561.28 container
972.43 559.37 982.93 564.18 980.33 569.87 969.83 565.06 container
993.7 586.36 1005.55 589.44 1004.22 594.55 992.37 591.47 container
981.86 587.28 1001.96 592.44 1000.32 598.85 980.22 593.69 container
989.05 579.3 1007.91 584.74 1006.29 590.35 987.43 584.91 container
1190.12 624.85 1201.76 607.46 1207.12 611.05 1195.48 628.44 container
1108.4 576.89 1112.0 579.01 1106.71 587.98 1103.11 585.86 container
1105.88 576.03 1109.15 578.16 1103.3 587.13 1100.03 585.0 container
1101.31 574.87 1105.33 577.16 1100.14 586.25 1096.12 583.96 container
1097.12 571.97 1102.12 575.03 1095.84 585.28 1090.84 582.22 container
1097.21 602.33 1100.66 604.12 1094.75 615.51 1091.3 613.72 container
1092.89 601.61 1097.4 603.95 1091.46 615.41 1086.95 613.07 container
1087.73 600.39 1093.14 603.19 1087.36 614.34 1081.95 611.54 container
1107.35 593.56 1111.75 596.17 1101.31 613.76 1096.91 611.15 container
1104.02 594.54 1109.65 597.88 1098.76 616.22 1093.13 612.88 container
1237.11 561.32 1241.11 563.29 1231.56 582.7 1227.56 580.73 container
1233.84 560.22 1238.46 562.96 1226.78 582.64 1222.16 579.9 container
1229.32 558.19 1234.75 561.42 1222.79 581.56 1217.36 578.33 container
1172.74 565.58 1192.64 567.84 1192.1 572.56 1172.2 570.3 container
1173.93 559.39 1194.65 562.08 1193.71 569.28 1172.99 566.59 container
1169.29 552.98 1195.94 557.34 1194.88 563.84 1168.23 559.48 large_vehicle
1094.93 556.16 1108.8 539.4 1113.32 543.14 1099.45 559.9 container
1150.08 613.58 1171.31 618.48 1169.71 625.4 1148.48 620.5 container
1077.73 663.4 1097.0 668.56 1095.39 674.59 1076.12 669.43 container
977.24 747.57 981.99 750.91 969.6 768.54 964.85 765.2 container
972.45 746.85 977.0 749.83 963.84 769.93 959.29 766.95 container
968.7 744.27 973.96 748.1 960.99 765.89 955.73 762.06 container
991.87 727.56 996.16 730.07 984.93 749.28 980.64 746.77 container
987.79 725.62 992.98 728.98 980.68 747.98 975.49 744.62 container
982.28 721.55 987.58 724.65 976.19 744.13 970.89 741.03 container
978.65 720.44 983.95 723.53 972.28 743.49 966.98 740.4 container
1080.79 731.27 1102.05 736.97 1100.19 743.92 1078.93 738.22 container
950.15 641.28 976.27 648.18 974.25 655.82 948.13 648.92 large_vehicle
1023.93 728.28 1050.27 734.27 1048.63 741.47 1022.29 735.48 large_vehicle
1060.81 737.34 1086.3 743.04 1084.54 750.94 1059.05 745.24 large_vehicle
1110.25 738.68 1137.32 745.83 1135.32 753.37 1108.25 746.22 large_vehicle
1137.03 728.91 1140.75 731.78 1132.84 742.05 1129.12 739.18 container
1140.76 730.18 1144.64 732.76 1137.27 743.84 1133.39 741.26 container
1144.47 731.32 1147.86 733.34 1141.41 744.21 1138.02 742.19 container
1105.56 815.9 1110.11 818.31 1104.88 828.19 1100.33 825.78 container
1100.7 826.39 1105.4 828.88 1099.89 839.3 1095.19 836.81 container
1111.55 817.43 1116.54 820.8 1102.54 841.55 1097.55 838.18 container
1262.83 1044.33 1273.12 1046.8 1271.82 1052.22 1261.53 1049.75 container
1259.46 1048.15 1270.62 1050.83 1269.11 1057.13 1257.95 1054.45 container
1256.88 1053.79 1267.85 1056.42 1266.29 1062.92 1255.32 1060.29 container
1253.33 1058.87 1264.28 1061.5 1262.81 1067.62 1251.86 1064.99 container
1241.5 1078.79 1252.63 1080.04 1251.89 1086.61 1240.76 1085.36 container
1238.52 1084.39 1249.74 1085.81 1248.96 1091.95 1237.74 1090.53 container
1235.24 1089.23 1246.59 1091.17 1245.64 1096.74 1234.29 1094.8 container
1232.91 1093.53 1244.12 1095.34 1243.1 1101.64 1231.89 1099.83 container
1230.23 1098.86 1241.57 1100.82 1240.46 1107.24 1229.12 1105.28 container
1244.39 1074.53 1255.4 1076.49 1254.45 1081.8 1243.44 1079.84 container
1246.26 1069.36 1257.78 1071.27 1256.84 1076.94 1245.32 1075.03 container
1250.02 1063.78 1260.98 1066.41 1259.56 1072.3 1248.6 1069.67 container
1218.67 1121.06 1230.17 1121.36 1230.01 1127.34 1218.51 1127.04 container
1217.95 1126.59 1228.03 1127.21 1227.7 1132.62 1217.62 1132.0 container
1251.94 1122.03 1262.52 1125.27 1260.59 1131.6 1250.01 1128.36 container
1248.14 1128.71 1259.58 1132.21 1257.65 1138.53 1246.21 1135.03 container
1243.89 1134.88 1254.73 1138.19 1252.86 1144.29 1242.02 1140.98 container
1240.29 1140.94 1250.58 1144.09 1248.7 1150.22 1238.41 1147.07 container
1256.81 708.35 1259.33 710.42 1251.98 719.4 1249.46 717.33 container
1259.85 708.56 1264.44 711.96 1257.31 721.61 1252.72 718.21 container
1209.68 687.89 1214.71 691.31 1202.37 709.48 1197.34 706.06 container
1212.08 691.99 1217.25 695.29 1205.03 714.39 1199.86 711.09 container
1216.31 693.21 1221.38 696.43 1209.17 715.66 1204.1 712.44 container
1220.04 693.98 1225.21 697.26 1213.12 716.32 1207.95 713.04 container
1223.7 695.62 1228.39 698.3 1217.69 717.05 1213.0 714.37 container
1184.27 731.64 1204.11 737.86 1202.32 743.58 1182.48 737.36 container
1182.11 735.49 1201.91 741.69 1199.91 748.05 1180.11 741.85 container
1179.43 738.8 1199.52 745.09 1197.7 750.89 1177.61 744.6 container
1177.23 742.78 1197.58 748.46 1196.05 753.93 1175.7 748.25 container
1204.73 732.57 1208.83 735.15 1196.74 754.34 1192.64 751.76 container
1209.02 733.63 1213.03 736.28 1200.35 755.43 1196.34 752.78 container
1212.4 733.98 1216.85 736.82 1204.21 756.58 1199.76 753.74 container
1215.35 736.01 1219.59 738.88 1207.02 757.44 1202.78 754.57 container
1218.73 736.52 1223.13 739.34 1210.64 758.86 1206.24 756.04 container
1222.74 737.42 1227.24 740.42 1214.39 759.69 1209.89 756.69 container
1226.22 739.06 1230.17 741.85 1217.18 760.26 1213.23 757.47 container
1238.12 739.73 1242.84 743.08 1229.26 762.26 1224.54 758.91 container
1242.31 742.18 1246.51 745.42 1232.79 763.24 1228.59 760.0 container
1246.22 743.6 1249.57 746.02 1236.86 763.65 1233.51 761.23 container
1250.69 742.99 1255.87 746.98 1242.14 764.79 1236.96 760.8 container
1155.57 1191.0 1161.36 1193.42 1157.11 1203.59 1151.32 1201.17 medium_vehicle
1198.14 1189.47 1203.05 1193.36 1194.04 1204.73 1189.13 1200.84 medium_vehicle
1258.52 717.41 1277.04 724.34 1274.72 730.53 1256.2 723.6 container
1207.98 1192.89 1212.84 1196.42 1204.06 1208.51 1199.2 1204.98 medium_vehicle
1213.71 1195.19 1218.99 1198.39 1211.13 1211.37 1205.85 1208.17 medium_vehicle
1234.12 1167.31 1239.15 1170.4 1232.53 1181.15 1227.5 1178.06 medium_vehicle
1229.84 1128.43 1235.89 1131.54 1229.17 1144.62 1223.12 1141.51 medium_vehicle
1228.81 1153.82 1249.11 1157.58 1247.84 1164.46 1227.54 1160.7 container
1226.65 1159.6 1247.18 1164.3 1245.71 1170.72 1225.18 1166.02 container
1094.54 909.4 1100.0 907.67 1108.09 933.17 1102.63 934.9 large_vehicle
1000.85 1011.4 1022.45 1019.91 1019.71 1026.87 998.11 1018.36 container
995.67 1069.87 1002.36 1074.71 988.12 1094.39 981.43 1089.55 container
1161.06 926.02 1168.45 928.83 1160.28 950.35 1152.89 947.54 container
1176.08 927.7 1182.47 930.08 1174.61 951.24 1168.22 948.86 container
1182.89 928.61 1188.87 931.33 1179.45 952.01 1173.47 949.29 container
1190.64 928.19 1196.84 931.27 1186.41 952.28 1180.21 949.2 container
1196.39 928.45 1202.57 931.44 1192.47 952.33 1186.29 949.34 container
1202.96 932.02 1208.74 935.05 1198.49 954.67 1192.71 951.64 container
1208.97 934.07 1214.87 937.4 1203.9 956.87 1198.0 953.54 container
1214.6 935.25 1221.12 938.49 1211.05 958.78 1204.53 955.54 container
1220.35 938.25 1226.45 941.62 1215.93 960.68 1209.83 957.31 container
1227.67 938.27 1233.6 941.83 1222.0 961.13 1216.07 957.57 container
1233.98 940.85 1239.67 943.83 1229.32 963.62 1223.63 960.64 container
1242.57 939.48 1248.53 943.15 1236.18 963.23 1230.22 959.56 container
1249.92 941.17 1255.56 945.34 1241.13 964.84 1235.49 960.67 container
1256.72 944.87 1262.22 949.0 1248.03 967.9 1242.53 963.77 container
1262.94 948.08 1267.8 952.26 1252.46 970.09 1247.6 965.91 container
1267.42 949.08 1273.14 953.04 1259.48 972.76 1253.76 968.8 container
1215.71 1008.47 1221.61 1011.83 1210.29 1031.77 1204.39 1028.41 container
1209.52 1006.46 1215.69 1009.95 1204.3 1030.07 1198.13 1026.58 container
1011.5 1071.32 1018.04 1075.61 1004.31 1096.51 997.77 1092.22 container
1018.18 1075.41 1023.12 1078.73 1008.8 1100.02 1003.86 1096.7 container
1023.18 1076.93 1029.04 1081.13 1014.38 1101.61 1008.52 1097.41 container
1029.91 1079.47 1035.33 1083.76 1019.69 1103.5 1014.27 1099.21 container
1035.68 1081.13 1040.85 1085.09 1025.04 1105.77 1019.87 1101.81 container
1040.49 1083.4 1044.89 1086.53 1030.08 1107.29 1025.68 1104.16 container
1045.6 1083.28 1051.11 1087.0 1036.68 1108.4 1031.17 1104.68 container
1053.21 1083.0 1058.99 1086.88 1045.0 1107.7 1039.22 1103.82 container
1058.39 1085.03 1063.7 1088.36 1050.27 1109.76 1044.96 1106.43 container
1065.72 1083.58 1071.79 1087.36 1058.74 1108.33 1052.67 1104.55 container
1070.53 1088.75 1076.69 1091.99 1065.0 1114.16 1058.84 1110.92 container
1077.09 1089.98 1083.49 1093.2 1072.35 1115.34 1065.95 1112.12 container
1083.25 1091.91 1089.43 1094.73 1079.35 1116.85 1073.17 1114.03 container
1090.34 1092.04 1096.84 1095.24 1086.12 1117.04 1079.62 1113.84 container
1096.02 1096.05 1101.81 1098.76 1091.54 1120.68 1085.75 1117.97 container
1101.65 1099.44 1107.58 1102.15 1097.24 1124.73 1091.31 1122.02 container
1107.15 1101.06 1113.4 1103.9 1103.59 1125.43 1097.34 1122.59 container
