142.28 967.54 148.33 968.35 144.81 994.77 138.76 993.96 large_vehicle
134.99 971.82 140.85 972.71 137.07 997.69 131.21 996.8 large_vehicle
147.51 974.75 153.3 975.32 151.67 991.64 145.88 991.07 large_vehicle
155.19 956.66 160.8 959.35 153.34 974.9 147.73 972.21 large_vehicle
142.47 949.54 148.58 952.07 140.62 971.29 134.51 968.76 large_vehicle
229.06 923.62 240.35 921.03 241.7 926.92 230.41 929.51 medium_vehicle
244.22 919.23 255.27 916.08 256.96 921.99 245.91 925.14 medium_vehicle
284.62 902.14 287.18 907.57 276.39 912.65 273.83 907.22 medium_vehicle
311.07 896.74 313.36 901.46 303.24 906.35 300.95 901.63 medium_vehicle
390.67 816.4 395.03 820.52 386.52 829.52 382.16 825.4 medium_vehicle
371.92 841.37 376.41 845.6 368.62 853.84 364.13 849.61 medium_vehicle
411.69 820.67 416.87 824.73 403.58 841.67 398.4 837.61 bus
450.98 764.1 456.24 768.23 442.58 785.65 437.32 781.52 bus
600.09 556.1 604.61 559.42 597.79 568.7 593.27 565.38 medium_vehicle
132.31 1014.1 159.6 1019.85 158.11 1026.92 130.82 1021.17 large_vehicle
212.61 1021.68 239.19 1026.41 237.8 1034.2 211.22 1029.47 large_vehicle
202.53 1025.76 229.51 1031.3 228.08 1038.29 201.1 1032.75 large_vehicle
193.11 1028.7 219.81 1036.11 217.75 1043.51 191.05 1036.1 large_vehicle
190.61 1035.36 216.48 1042.34 214.62 1049.25 188.75 1042.27 large_vehicle
182.56 1040.23 206.77 1048.01 204.42 1055.34 180.21 1047.56 large_vehicle
152.08 945.8 157.82 947.83 151.96 964.38 146.22 962.35 large_vehicle
125.78 989.84 130.19 989.57 130.78 999.2 126.37 999.47 medium_vehicle
815.04 312.36 819.62 316.54 812.13 324.74 807.55 320.56 medium_vehicle
879.3 208.71 884.84 213.05 871.56 229.98 866.02 225.64 bus
1063.81 4.55 1068.45 8.27 1055.55 24.37 1050.91 20.65 bus
1044.17 28.11 1048.7 31.83 1041.34 40.8 1036.81 37.08 medium_vehicle
128.8 977.43 133.95 978.8 131.02 989.9 125.87 988.53 medium_vehicle
160.59 945.52 165.31 947.86 160.25 958.04 155.53 955.7 medium_vehicle
271.84 1000.43 281.46 991.54 284.73 995.08 275.11 1003.97 medium_vehicle
262.03 929.44 265.72 926.19 274.68 936.38 270.99 939.63 medium_vehicle
258.19 935.98 263.54 932.16 278.12 952.6 272.77 956.42 large_vehicle
360.34 117.74 379.87 126.08 376.99 132.83 357.46 124.49 container
81.63 42.74 87.23 47.73 75.98 60.37 70.38 55.38 large_vehicle
147.83 50.65 167.51 60.38 164.57 66.32 144.89 56.59 large_vehicle
156.75 19.91 161.67 23.32 153.39 35.28 148.47 31.87 heavy_equipment
155.91 31.09 169.59 25.34 172.08 31.25 158.4 37.0 heavy_equipment
100.56 11.05 106.0 14.92 94.92 30.51 89.48 26.64 heavy_equipment
122.31 97.98 133.9 104.44 131.17 109.34 119.58 102.88 medium_vehicle
124.6 93.0 133.96 98.38 131.29 103.02 121.93 97.64 medium_vehicle
129.3 89.88 141.17 95.82 138.56 101.04 126.69 95.1 medium_vehicle
133.97 82.7 146.24 88.09 143.76 93.76 131.49 88.37 medium_vehicle
153.23 716.26 157.65 719.9 150.17 728.97 145.75 725.33 medium_vehicle
122.59 722.87 127.01 726.52 120.09 734.91 115.67 731.26 medium_vehicle
139.94 631.51 144.07 634.7 135.07 646.39 130.94 643.2 medium_vehicle
147.05 639.38 151.17 642.6 142.63 653.49 138.51 650.27 medium_vehicle
184.09 665.93 195.41 671.55 192.54 677.33 181.22 671.71 medium_vehicle
175.04 681.8 187.69 686.4 185.49 692.46 172.84 687.86 medium_vehicle
175.52 669.39 191.36 677.22 188.26 683.49 172.42 675.66 large_vehicle
29.81 736.66 34.07 739.08 23.24 758.15 18.98 755.73 large_vehicle
35.27 740.1 39.55 743.25 27.06 760.25 22.78 757.1 large_vehicle
17.37 823.78 22.95 826.95 11.66 846.82 6.08 843.65 large_vehicle
0.49 798.84 6.16 802.26 0.01 812.46 -5.65 809.04 container
6.74 798.59 12.08 801.95 0.28 820.67 -5.05 817.31 container
24.59 801.37 30.58 804.92 17.5 827.05 11.51 823.5 container
30.58 802.38 36.31 805.74 23.75 827.16 18.02 823.8 container
0.48 820.84 4.41 822.96 0.17 830.81 -3.75 828.69 container
5.37 823.36 11.57 826.72 0.23 847.69 -5.96 844.33 container
11.7 825.09 17.16 828.04 6.01 848.66 0.55 845.71 container
0.82 718.44 7.22 722.47 -0.06 734.06 -6.46 730.03 container
7.44 721.32 12.56 724.46 0.26 744.53 -4.85 741.39 container
12.22 723.45 18.08 727.26 4.86 747.62 -0.99 743.81 container
18.26 725.12 23.47 728.81 9.03 749.21 3.82 745.52 container
23.0 729.69 27.11 732.82 12.55 751.93 8.44 748.8 container
23.3 735.11 29.07 738.54 16.62 759.51 10.85 756.08 container
41.21 740.74 46.57 744.55 32.04 765.0 26.68 761.19 container
44.24 745.4 50.46 749.44 37.33 769.66 31.11 765.62 container
52.11 746.99 57.76 751.08 43.29 771.07 37.64 766.98 container
55.34 751.13 61.21 755.09 47.15 775.94 41.28 771.98 container
60.56 754.34 66.66 757.96 54.34 778.7 48.24 775.08 container
67.02 756.84 72.08 759.93 60.42 779.03 55.36 775.94 container
76.94 782.12 101.56 784.96 100.67 792.67 76.05 789.83 container
75.5 787.63 99.88 791.71 98.77 798.35 74.39 794.27 container
74.29 792.71 97.16 797.61 95.79 803.98 72.92 799.08 container
72.24 797.45 95.13 802.31 93.55 809.75 70.66 804.89 container
143.78 1006.28 153.87 1007.79 153.02 1013.48 142.93 1011.97 medium_vehicle
116.8 1010.51 129.85 1014.38 127.96 1020.78 114.91 1016.91 medium_vehicle
103.54 1004.13 115.95 1009.15 113.56 1015.06 101.15 1010.04 medium_vehicle
62.7 990.08 75.25 995.95 72.37 1002.09 59.82 996.22 medium_vehicle
46.88 983.38 61.41 989.49 58.89 995.48 44.36 989.37 large_vehicle
269.16 939.44 275.21 935.6 288.17 956.01 282.12 959.85 large_vehicle
270.65 926.32 276.7 922.48 290.86 944.79 284.81 948.63 large_vehicle
259.76 1000.12 275.69 985.42 281.3 991.5 265.37 1006.2 bus
207.2 656.29 210.03 658.39 202.51 668.51 199.68 666.41 container
203.76 654.11 207.23 656.69 199.71 666.81 196.24 664.23 container
199.34 651.45 203.77 654.74 196.25 664.86 191.82 661.57 container
64.97 805.98 87.5 813.78 85.16 820.54 62.63 812.74 container
62.12 811.26 84.33 818.95 81.91 825.94 59.7 818.25 container
8.44 789.06 21.65 794.24 18.94 801.15 5.73 795.97 medium_vehicle
37.46 795.64 52.11 796.97 51.56 803.01 36.91 801.68 medium_vehicle
13.95 864.21 37.37 871.1 35.29 878.17 11.87 871.28 large_vehicle
7.36 872.36 29.55 881.55 27.13 887.38 4.94 878.19 large_vehicle
3.17 878.93 25.53 885.51 23.63 891.95 1.27 885.37 large_vehicle
54.92 975.38 63.91 979.2 61.49 984.91 52.5 981.09 medium_vehicle
35.38 978.08 45.97 982.84 43.7 987.88 33.11 983.12 medium_vehicle
22.34 973.62 35.18 977.91 33.09 984.15 20.25 979.86 medium_vehicle
4.91 972.86 20.4 973.54 20.16 979.01 4.67 978.33 medium_vehicle
77.51 994.68 101.64 1004.37 99.06 1010.78 74.93 1001.09 large_vehicle
185.11 923.54 208.1 922.98 208.26 929.71 185.27 930.27 large_vehicle
100.73 925.71 121.73 925.49 121.82 933.48 100.82 933.7 bus
54.31 922.52 70.59 923.28 70.24 930.79 53.96 930.03 large_vehicle
146.45 932.09 159.06 931.9 159.15 938.01 146.54 938.2 medium_vehicle
139.97 927.47 153.37 927.72 153.24 934.47 139.84 934.22 medium_vehicle
6.56 776.4 12.27 780.49 0.12 797.46 -5.58 793.37 container
11.01 780.27 30.47 787.82 27.79 794.71 8.33 787.16 container
110.35 103.55 122.84 111.33 119.45 116.79 106.96 109.01 heavy_equipment
107.93 115.25 115.08 119.7 112.2 124.32 105.05 119.87 heavy_equipment
137.61 72.07 148.17 76.75 146.06 81.51 135.5 76.83 heavy_equipment
9.47 848.47 22.01 826.92 27.87 830.33 15.33 851.88 container
30.24 820.7 42.51 800.13 48.98 803.98 36.71 824.55 container
71.31 774.62 88.62 756.13 94.47 761.6 77.16 780.09 container
48.8 825.87 71.46 832.33 69.39 839.61 46.73 833.15 container
15.72 860.64 37.05 864.02 35.87 871.46 14.54 868.08 container
12.5 868.99 34.86 877.3 32.22 884.39 9.86 876.08 container
1170.37 1166.2 1189.22 1174.24 1186.42 1180.8 1167.57 1172.76 container
1181.27 1132.57 1202.67 1127.9 1204.19 1134.87 1182.79 1139.54 container
1196.7 1047.72 1214.03 1054.62 1211.78 1060.27 1194.45 1053.37 large_vehicle
1206.24 1041.93 1228.73 1050.88 1226.35 1056.87 1203.86 1047.92 large_vehicle
59.18 1258.43 65.59 1263.88 47.22 1285.46 40.81 1280.01 large_vehicle
79.32 1234.33 84.65 1238.6 65.66 1262.31 60.33 1258.04 large_vehicle
117.77 1185.22 123.78 1190.38 104.34 1213.06 98.33 1207.9 large_vehicle
135.75 1161.24 141.64 1165.71 123.62 1189.45 117.73 1184.98 large_vehicle
188.42 1103.26 194.73 1108.53 175.69 1131.3 169.38 1126.03 large_vehicle
219.26 1068.95 224.83 1072.8 208.84 1095.99 203.27 1092.14 large_vehicle
213.31 1068.03 219.15 1072.18 201.59 1096.89 195.75 1092.74 large_vehicle
196.59 1016.48 217.93 1014.35 218.59 1020.95 197.25 1023.08 bus
99.47 993.8 118.62 1000.24 116.59 1006.26 97.44 999.82 bus
