1186.64 294.59 1189.61 296.58 1184.95 303.51 1181.98 301.52 small_vessel
1175.98 304.03 1179.83 301.18 1185.42 308.75 1181.57 311.6 small_vessel
1253.66 299.46 1262.6 303.03 1260.94 307.2 1252.0 303.63 small_vessel
1243.3 327.0 1253.63 323.5 1255.34 328.56 1245.01 332.06 small_vessel
197.32 877.17 207.35 880.15 205.23 887.25 195.2 884.27 container
1263.4 304.8 1274.8 304.8 1274.8 309.6 1263.4 309.6 small_vessel
151.56 942.87 162.07 946.46 160.15 952.07 149.64 948.48 container
1177.82 276.39 1184.11 275.86 1185.53 292.76 1179.24 293.29 medium_vessel
1182.37 294.31 1185.5 295.99 1181.39 303.65 1178.26 301.97 small_vessel
50.5 1150.62 58.3 1139.77 63.17 1143.26 55.37 1154.11 medium_vessel
1096.92 474.79 1107.83 474.7 1107.88 479.35 1096.97 479.44 small_vessel
143.38 931.75 154.02 936.69 151.5 942.14 140.86 937.2 container
194.36 881.07 200.4 885.42 189.77 900.15 183.73 895.8 container
198.31 883.11 203.5 886.61 192.28 903.26 187.09 899.76 container
200.17 887.23 205.59 891.13 192.74 908.95 187.32 905.05 container
542.73 256.67 547.59 261.63 531.82 277.07 526.96 272.11 container
563.81 223.35 568.56 226.99 554.65 245.18 549.9 241.54 container
599.26 19.23 605.14 24.06 590.98 41.29 585.1 36.46 container
322.31 81.45 332.14 84.41 330.46 89.97 320.63 87.01 medium_vehicle
411.92 126.39 436.58 135.46 434.11 142.16 409.45 133.09 large_vehicle
701.47 414.19 708.31 417.18 702.66 430.11 695.82 427.12 medium_vessel
700.4 378.66 719.73 381.27 718.88 387.52 699.55 384.91 medium_vessel
905.63 -6.53 925.14 2.06 865.96 136.23 846.45 127.63 large_vessel
884.21 -7.26 908.07 2.37 853.08 138.47 829.22 128.83 large_vessel
835.81 160.28 861.13 169.89 808.5 308.43 783.18 298.82 large_vessel
812.23 158.22 836.03 166.09 790.45 303.91 766.65 296.04 large_vessel
766.49 311.53 780.04 317.06 765.15 353.56 751.6 348.03 large_vessel
754.15 308.28 767.68 313.8 751.03 354.6 737.5 349.08 large_vessel
744.93 379.17 783.1 390.77 779.18 403.67 741.01 392.07 large_vessel
752.59 404.32 767.65 406.31 767.05 410.87 751.99 408.88 medium_vessel
740.51 389.26 771.74 399.83 767.91 411.14 736.68 400.57 large_vessel
734.87 399.84 772.24 410.35 767.89 425.83 730.52 415.32 large_vessel
726.72 413.49 766.86 421.44 763.53 438.24 723.39 430.29 large_vessel
723.67 424.67 773.19 439.52 768.26 455.93 718.74 441.08 large_vessel
689.99 422.17 728.58 443.03 719.23 460.32 680.64 439.46 large_vessel
675.4 437.68 714.8 455.64 707.95 470.67 668.55 452.71 large_vessel
449.15 486.75 460.66 490.46 459.11 495.26 447.6 491.55 medium_vehicle
86.04 465.6 101.33 471.19 99.53 476.09 84.24 470.5 medium_vessel
90.77 461.02 104.14 467.83 101.8 472.43 88.43 465.62 medium_vessel
128.07 399.35 134.0 403.95 122.71 418.51 116.78 413.91 container
37.01 357.98 52.26 366.64 49.66 371.22 34.41 362.56 medium_vessel
44.42 348.57 60.27 356.3 58.07 360.81 42.22 353.08 medium_vessel
50.13 341.45 66.02 350.18 63.07 355.55 47.18 346.82 medium_vessel
52.75 337.6 70.33 345.06 67.98 350.59 50.4 343.13 medium_vessel
58.53 332.55 76.33 339.42 74.28 344.71 56.48 337.84 medium_vessel
67.61 320.98 85.36 327.9 82.86 334.31 65.11 327.39 medium_vessel
75.64 312.97 95.58 315.7 94.76 321.64 74.82 318.91 medium_vessel
42.89 384.93 46.2 387.88 35.85 399.5 32.54 396.55 medium_vessel
53.98 390.56 58.6 394.25 44.96 411.32 40.34 407.63 medium_vessel
65.21 396.27 70.48 400.97 55.82 417.43 50.55 412.73 medium_vessel
69.44 402.93 73.41 406.47 63.81 417.26 59.84 413.72 medium_vessel
85.07 407.47 88.65 410.66 80.14 420.22 76.56 417.03 medium_vessel
55.48 487.18 60.69 492.43 44.31 508.7 39.1 503.45 medium_vessel
51.96 487.1 55.1 490.67 43.75 500.68 40.61 497.11 medium_vessel
46.57 485.04 50.09 488.43 39.29 499.65 35.77 496.26 medium_vessel
40.47 483.46 44.88 486.29 37.8 497.33 33.39 494.5 medium_vessel
151.27 807.6 235.05 845.26 227.35 862.39 143.57 824.73 large_vessel
165.9 789.14 249.03 829.51 238.32 851.57 155.19 811.2 large_vessel
262.94 829.36 284.79 844.38 231.74 921.56 209.89 906.54 large_vessel
293.75 655.74 296.58 652.66 304.36 659.84 301.53 662.92 small_vessel
297.47 619.67 409.78 674.21 395.55 703.52 283.24 648.98 large_vessel
199.84 1068.99 407.07 1156.95 384.59 1209.92 177.36 1121.96 large_vessel
496.62 1200.9 506.68 1208.1 490.08 1231.29 480.02 1224.09 medium_vessel
