574.9 465.58 578.72 471.93 558.84 483.88 555.02 477.53 container
451.43 607.55 463.88 620.45 459.15 625.01 446.7 612.11 medium_vessel
457.45 602.93 470.1 614.68 465.77 619.33 453.12 607.58 medium_vessel
464.09 598.46 476.14 609.65 471.82 614.3 459.77 603.11 medium_vessel
434.94 621.07 443.27 629.22 439.75 632.82 431.42 624.67 small_vessel
440.38 616.55 448.6 624.6 444.73 628.55 436.51 620.5 small_vessel
445.91 612.83 453.5 620.27 449.93 623.92 442.34 616.48 small_vessel
479.26 594.28 486.32 601.2 482.92 604.67 475.86 597.75 small_vessel
446.21 574.4 458.57 585.89 454.35 590.43 441.99 578.94 medium_vessel
426.05 592.18 434.02 599.58 431.25 602.56 423.28 595.16 small_vessel
499.87 456.88 508.9 464.38 505.7 468.23 496.67 460.73 small_vessel
506.69 455.13 514.9 463.4 511.53 466.74 503.32 458.47 small_vessel
513.71 454.1 519.3 453.71 520.07 464.78 514.48 465.17 small_vessel
517.96 450.5 528.59 454.99 526.93 458.94 516.3 454.45 small_vessel
521.57 445.73 532.2 450.22 530.36 454.58 519.73 450.09 small_vessel
527.94 441.7 538.36 450.84 534.57 455.15 524.15 446.01 medium_vessel
528.45 437.12 538.08 443.81 535.35 447.74 525.72 441.05 small_vessel
368.32 249.52 404.0 223.88 412.81 236.14 377.13 261.78 large_vessel
339.06 119.29 344.13 123.3 330.22 140.92 325.15 136.91 container
494.71 39.79 511.86 47.97 509.14 53.68 491.99 45.5 container
357.01 51.6 369.58 55.39 367.85 61.13 355.28 57.34 medium_vehicle
436.23 32.86 454.09 41.6 450.78 48.36 432.92 39.62 heavy_equipment
486.87 49.3 497.32 57.76 493.29 62.74 482.84 54.28 medium_vehicle
513.7 7.8 518.0 7.8 518.0 16.0 513.7 16.0 small_vessel
513.83 150.72 591.88 95.05 605.27 113.83 527.22 169.5 large_vessel
405.72 221.8 514.8 149.88 532.43 176.63 423.35 248.55 large_vessel
120.43 340.36 128.62 334.76 143.26 356.15 135.07 361.75 medium_vessel
144.13 340.71 194.17 306.19 204.35 320.94 154.31 355.46 large_vessel
375.81 485.25 378.99 489.75 361.23 502.32 358.05 497.82 medium_vessel
457.27 426.36 506.14 391.25 517.63 407.24 468.76 442.35 large_vessel
141.49 971.85 148.24 969.04 153.59 981.89 146.84 984.7 medium_vessel
152.1 968.17 158.17 967.04 160.52 979.62 154.45 980.75 medium_vessel
308.1 724.38 315.33 734.08 311.45 736.97 304.22 727.27 medium_vessel
155.86 980.44 160.84 978.81 164.25 989.22 159.27 990.85 small_vessel
210.11 958.18 214.44 957.08 217.13 967.7 212.8 968.8 small_vessel
135.09 967.57 140.59 966.03 144.01 978.27 138.51 979.81 medium_vessel
204.95 1017.86 213.53 1014.9 218.95 1030.64 210.37 1033.6 medium_vessel
172.16 1022.17 179.66 1017.19 196.89 1043.12 189.39 1048.1 medium_vessel
140.19 1027.62 149.14 1024.41 157.99 1049.11 149.04 1052.32 medium_vessel
927.29 648.55 984.87 660.06 981.58 676.5 924.0 664.99 large_vessel
614.1 453.86 617.01 460.12 596.25 469.76 593.34 463.5 container
554.27 478.67 557.78 484.3 538.22 496.47 534.71 490.84 container
189.42 952.03 195.99 950.67 200.4 971.94 193.83 973.3 medium_vessel
199.23 950.77 205.52 950.21 206.66 963.27 200.37 963.83 medium_vessel
214.15 942.81 220.85 941.63 224.68 963.32 217.98 964.5 medium_vessel
231.44 940.37 239.32 938.81 243.72 961.04 235.84 962.6 medium_vessel
238.28 930.96 246.48 929.23 252.87 959.52 244.67 961.25 medium_vessel
251.71 926.63 260.68 925.85 263.28 955.6 254.31 956.38 medium_vessel
163.88 1041.19 168.86 1039.56 172.27 1049.97 167.29 1051.6 small_vessel
167.98 967.47 172.83 966.44 174.94 976.47 170.09 977.5 small_vessel
238.64 1006.45 239.01 1019.43 234.91 1019.54 234.54 1006.56 medium_vessel
244.78 1008.39 249.28 1008.23 249.71 1020.61 245.21 1020.77 small_vessel
253.79 1006.72 258.49 1006.88 258.1 1017.97 253.4 1017.81 small_vessel
264.71 996.88 271.88 1007.67 267.26 1010.74 260.09 999.95 small_vessel
419.52 746.77 429.0 740.15 432.51 745.19 423.03 751.81 medium_vehicle
427.67 730.34 432.24 737.44 415.98 747.92 411.41 740.82 container
396.34 637.95 415.6 626.06 418.74 631.14 399.48 643.03 large_vehicle
289.22 741.9 298.79 751.67 294.59 755.78 285.02 746.01 medium_vessel
316.29 721.04 325.07 731.8 321.21 734.94 312.43 724.18 medium_vessel
292.12 718.92 301.32 729.92 297.99 732.7 288.79 721.7 medium_vessel
434.8 833.34 437.53 836.42 428.28 844.6 425.55 841.52 small_vessel
534.79 901.45 539.55 899.81 545.83 918.06 541.07 919.7 container
421.4 814.43 433.22 829.77 428.33 833.53 416.51 818.19 container
467.76 783.42 472.58 789.63 453.61 804.34 448.79 798.13 container
986.44 651.27 1076.68 668.32 1071.78 694.26 981.54 677.21 large_vessel
