51.74 61.9 57.31 59.93 60.56 69.11 54.99 71.08 medium_vessel
35.29 15.12 41.46 12.93 45.65 24.75 39.48 26.94 medium_vessel
48.05 43.23 54.92 41.31 58.8 55.21 51.93 57.13 medium_vessel
46.5 10.01 52.04 8.5 54.75 18.42 49.21 19.93 medium_vessel
345.38 830.01 368.19 841.68 315.27 945.08 292.46 933.41 large_vessel
69.82 53.88 75.95 53.01 77.37 62.98 71.24 63.85 medium_vessel
58.31 7.54 63.72 4.84 68.34 14.11 62.93 16.81 medium_vessel
42.0 3.68 47.6 2.65 49.14 10.94 43.54 11.97 small_vessel
2.48 18.95 6.58 18.84 6.81 27.04 2.71 27.15 small_vessel
40.36 97.04 55.81 85.1 59.6 90.01 44.15 101.95 medium_vessel
26.89 9.26 32.11 8.21 33.95 17.32 28.73 18.37 medium_vessel
143.64 4.56 151.2 3.28 153.68 17.94 146.12 19.22 medium_vessel
58.64 -0.09 63.58 -0.86 64.55 5.27 59.61 6.04 medium_vessel
146.67 23.02 152.56 21.42 155.53 32.35 149.64 33.95 medium_vessel
20.0 11.23 24.49 11.36 24.19 21.46 19.7 21.33 medium_vessel
60.94 106.59 75.22 95.55 78.82 100.21 64.54 111.25 medium_vessel
70.93 2.53 76.13 2.46 76.26 11.56 71.06 11.63 medium_vessel
82.69 0.0 88.09 -0.39 88.61 6.88 83.21 7.27 medium_vessel
763.22 1001.6 812.44 1010.01 788.68 1148.98 739.46 1140.57 large_vessel
47.24 0.43 52.87 -0.53 54.47 8.7 48.84 9.67 medium_vessel
78.09 29.39 85.5 27.32 89.97 43.33 82.56 45.4 medium_vessel
54.2 103.14 68.18 89.87 74.2 96.22 60.22 109.49 medium_vessel
157.26 16.07 164.05 13.66 168.94 27.46 162.15 29.87 medium_vessel
32.59 7.41 37.57 6.67 38.85 15.35 33.87 16.09 medium_vessel
12.57 14.56 18.47 14.63 18.36 23.63 12.46 23.56 medium_vessel
16.32 52.28 24.31 50.81 27.55 68.43 19.56 69.9 medium_vessel
