77.21 646.75 93.41 646.84 93.38 651.94 77.18 651.85 container
83.08 529.01 94.69 531.7 93.63 536.28 82.02 533.59 container
105.52 531.74 110.11 531.87 109.86 541.07 105.27 540.94 container
1272.62 888.54 1300.4 899.88 1279.68 950.64 1251.9 939.3 large_vessel
94.14 575.57 97.22 573.54 103.47 583.01 100.39 585.04 container
38.69 526.1 50.39 526.1 50.39 530.6 38.69 530.6 container
35.1 636.29 49.7 636.29 49.7 641.59 35.1 641.59 container
89.85 606.84 93.97 607.22 93.2 615.47 89.08 615.09 container
66.4 578.72 70.74 580.93 65.64 590.97 61.3 588.76 container
98.93 534.24 102.83 534.35 102.56 544.02 98.66 543.91 container
4.74 650.02 18.77 649.97 18.78 655.07 4.75 655.12 container
30.6 522.85 38.51 522.9 38.48 527.29 30.57 527.24 container
79.23 554.2 83.5 554.93 82.0 563.72 77.73 562.99 container
93.93 597.19 97.42 597.29 97.23 603.94 93.74 603.84 container
94.71 556.84 99.61 556.85 99.58 566.05 94.68 566.04 container
58.67 189.6 78.85 188.79 79.14 196.1 58.96 196.91 medium_vessel
58.65 589.92 71.6 589.1 71.92 594.26 58.97 595.08 container
12.36 964.48 16.06 992.23 -0.63 994.46 -4.33 966.71 large_vessel
0.0 633.7 9.8 633.7 9.8 639.2 0.0 639.2 container
50.25 525.86 61.91 525.93 61.88 530.92 50.22 530.85 container
3.21 639.7 17.8 639.7 17.8 644.6 3.21 644.6 container
77.46 562.71 82.13 563.11 81.36 572.28 76.69 571.88 container
91.59 601.59 95.52 601.7 95.33 608.75 91.4 608.64 container
105.53 540.84 109.62 540.95 109.36 550.25 105.27 550.14 container
94.62 565.57 99.22 565.7 98.97 574.86 94.37 574.73 container
74.1 579.51 78.94 581.42 75.69 589.68 70.85 587.77 container
95.74 526.75 102.53 533.37 99.23 536.74 92.44 530.12 container
31.43 645.73 45.44 645.29 45.58 649.66 31.57 650.1 container
73.27 527.79 82.69 528.83 82.2 533.21 72.78 532.17 container
18.34 649.76 33.01 649.83 32.98 655.03 18.31 654.96 container
44.08 649.86 56.81 649.93 56.78 654.62 44.05 654.55 container
62.26 526.47 72.81 527.13 72.49 532.22 61.94 531.56 container
994.5 728.59 1023.77 740.54 991.29 820.13 962.02 808.18 large_vessel
98.96 547.76 104.89 547.63 104.96 551.04 99.03 551.17 container
61.12 578.32 65.47 580.75 59.43 591.51 55.08 589.08 container
89.38 533.44 94.73 534.95 91.97 544.79 86.62 543.28 container
81.41 644.26 95.21 644.33 95.18 649.23 81.38 649.16 container
80.84 545.69 85.94 546.75 84.14 555.4 79.04 554.34 container
84.86 632.03 89.62 628.01 93.3 632.35 88.54 636.37 container
33.08 649.67 44.21 649.72 44.18 654.51 33.05 654.46 container
68.84 646.29 75.28 639.58 78.39 642.57 71.95 649.28 container
71.24 588.17 83.88 587.53 84.09 591.62 71.45 592.26 container
94.03 588.78 98.52 588.91 98.28 597.56 93.79 597.43 container
85.3 541.43 89.52 544.84 85.68 549.59 81.46 546.18 container
-2.9 533.18 6.25 526.59 8.93 530.32 -0.22 536.91 container
29.66 647.9 43.67 647.46 43.75 650.07 29.74 650.51 container
77.19 569.85 81.87 571.29 78.89 580.92 74.21 579.48 container
95.21 549.74 99.83 549.87 99.6 558.31 94.98 558.18 container
21.11 525.85 30.91 525.9 30.88 530.22 21.08 530.17 container
41.6 942.28 44.14 980.49 -0.17 983.43 -2.71 945.22 large_vessel
82.92 643.86 88.76 636.05 91.84 638.36 86.0 646.17 container
88.27 621.55 92.9 621.68 92.68 629.57 88.05 629.44 container
93.43 581.79 98.3 581.92 98.09 589.45 93.22 589.32 container
7.81 525.56 21.61 525.63 21.58 530.33 7.78 530.26 container
56.71 649.24 68.94 648.97 69.05 654.09 56.82 654.36 container
74.14 641.09 81.31 629.3 86.43 632.42 79.26 644.21 container
88.47 616.26 92.79 616.38 92.63 622.15 88.31 622.03 container
