1134.47 888.45 1196.23 890.5 1195.72 906.0 1133.96 903.95 large_vessel
1022.29 924.66 1045.14 932.93 1007.64 1036.5 984.79 1028.23 large_vessel
957.39 959.35 974.64 965.6 944.45 1048.99 927.2 1042.74 large_vessel
833.04 830.36 851.07 842.3 812.15 901.1 794.12 889.16 large_vessel
1175.14 531.68 1181.45 530.85 1181.82 533.68 1175.51 534.51 small_vessel
942.24 811.76 961.17 824.53 902.87 910.96 883.94 898.19 large_vessel
1247.16 845.11 1254.73 847.69 1241.03 887.95 1233.46 885.37 large_vessel
1262.36 853.39 1271.67 854.29 1269.38 878.09 1260.07 877.19 medium_vessel
1101.07 421.65 1113.26 426.53 1097.31 466.43 1085.12 461.55 large_vessel
837.44 1173.65 844.4 1175.96 826.52 1229.69 819.56 1227.38 large_vessel
876.07 910.75 894.4 923.12 837.15 1007.99 818.82 995.62 large_vessel
1250.44 854.76 1257.55 857.32 1249.68 879.18 1242.57 876.62 medium_vessel
966.55 949.5 983.11 950.98 978.8 999.24 962.24 997.76 large_vessel
822.96 810.82 836.31 819.07 809.39 862.66 796.04 854.41 large_vessel
897.58 696.94 905.53 702.51 886.69 729.41 878.74 723.84 large_vessel
1252.31 856.36 1260.0 857.1 1258.0 877.92 1250.31 877.18 medium_vessel
907.28 721.12 924.77 732.87 867.08 818.72 849.59 806.97 large_vessel
857.29 764.41 865.92 770.0 837.82 813.44 829.19 807.85 large_vessel
840.55 1177.81 846.97 1179.68 833.34 1226.6 826.92 1224.73 large_vessel
1176.15 523.56 1186.28 522.39 1186.74 526.33 1176.61 527.5 medium_vessel
853.72 905.93 871.43 916.87 834.61 976.5 816.9 965.56 large_vessel
1280.29 867.86 1289.79 873.02 1267.69 913.74 1258.19 908.58 large_vessel
1268.43 852.11 1278.49 853.87 1274.02 879.48 1263.96 877.72 medium_vessel
1254.86 865.83 1262.16 865.97 1261.93 877.6 1254.63 877.46 medium_vessel
931.26 1129.15 950.1 1136.05 909.19 1247.85 890.35 1240.95 large_vessel
847.58 1185.19 857.35 1187.59 849.17 1220.91 839.4 1218.51 large_vessel
907.35 825.67 924.86 836.48 889.14 894.3 871.63 883.49 large_vessel
1277.18 863.57 1284.02 867.28 1264.17 903.83 1257.33 900.12 large_vessel
901.14 703.32 909.01 708.83 889.64 736.5 881.77 730.99 large_vessel
822.84 1188.27 831.59 1190.85 819.03 1233.53 810.28 1230.95 large_vessel
852.56 757.24 861.98 763.33 833.61 807.19 824.19 801.1 large_vessel
1175.35 534.78 1181.65 533.95 1182.02 536.78 1175.72 537.61 small_vessel
885.11 1257.87 894.55 1261.38 886.35 1283.42 876.91 1279.91 medium_vessel
1176.34 526.85 1182.69 526.35 1182.92 529.19 1176.57 529.69 small_vessel
