965.31 556.14 992.89 557.29 991.08 600.6 963.5 599.45 large_aircraft
971.06 482.45 1000.46 481.68 1001.55 523.3 972.15 524.07 large_aircraft
1104.81 428.32 1132.25 430.82 1127.27 485.53 1099.83 483.03 large_aircraft
1026.63 324.63 1047.12 348.19 1015.98 375.26 995.49 351.7 large_aircraft
1064.65 308.43 1090.51 312.21 1083.46 360.56 1057.6 356.78 large_aircraft
807.92 481.38 809.58 486.26 797.73 490.29 796.07 485.41 large_vehicle
1115.32 544.41 1160.93 551.96 1149.0 624.02 1103.39 616.47 large_aircraft
900.09 335.18 935.45 368.97 876.29 430.89 840.93 397.1 large_aircraft
1197.81 111.98 1243.56 119.81 1230.82 194.35 1185.07 186.52 large_aircraft
1033.81 215.25 1064.06 214.24 1065.45 256.09 1035.2 257.1 large_aircraft
1032.61 570.24 1053.33 580.98 1030.38 625.27 1009.66 614.53 large_aircraft
1082.41 184.84 1112.02 183.86 1113.4 225.55 1083.79 226.53 large_aircraft
1257.57 625.08 1284.14 626.89 1280.42 681.47 1253.85 679.66 large_aircraft
1061.94 448.73 1089.37 451.22 1085.02 499.01 1057.59 496.52 large_aircraft
1018.87 462.49 1044.64 467.5 1035.59 514.08 1009.82 509.07 large_aircraft
1022.22 263.43 1044.4 276.97 1019.62 317.57 997.44 304.03 large_aircraft
1144.99 281.53 1170.85 285.31 1163.8 333.66 1137.94 329.88 large_aircraft
