1208.16 702.56 1218.87 707.28 1210.69 725.81 1199.98 721.09 heavy_equipment
1264.71 386.55 1280.78 387.42 1280.38 394.85 1264.31 393.98 medium_vehicle
1187.97 723.81 1194.45 718.77 1207.83 735.96 1201.35 741.0 heavy_equipment
813.78 378.51 841.75 362.94 846.08 370.71 818.11 386.28 heavy_equipment
1223.94 753.55 1229.64 754.86 1226.28 769.42 1220.58 768.11 heavy_equipment
993.11 857.65 995.59 850.37 1011.81 855.89 1009.33 863.17 heavy_equipment
1209.42 375.42 1230.95 377.03 1230.38 384.49 1208.85 382.88 medium_vehicle
446.75 1027.24 484.82 1038.3 481.68 1049.09 443.61 1038.03 medium_vessel
1233.36 753.31 1240.25 754.87 1235.29 776.87 1228.4 775.31 medium_vehicle
618.43 879.64 624.0 881.64 618.64 896.6 613.07 894.6 heavy_equipment
1133.59 630.59 1153.67 626.94 1155.05 634.51 1134.97 638.16 medium_vehicle
1262.13 728.41 1268.65 731.77 1257.8 752.78 1251.28 749.42 large_vehicle
