207.0 112.71 208.94 118.26 198.13 122.03 196.19 116.48 medium_vehicle
194.29 515.08 220.65 500.23 231.64 519.74 205.28 534.59 large_aircraft
728.74 313.82 726.54 301.1 733.06 299.97 735.26 312.69 medium_vehicle
295.42 29.15 297.34 34.08 288.18 37.66 286.26 32.73 medium_vehicle
804.83 92.04 814.05 85.85 816.67 89.76 807.45 95.95 medium_vehicle
1181.74 587.15 1191.65 579.68 1195.08 584.23 1185.17 591.7 container
166.0 736.92 203.27 715.93 218.68 743.28 181.41 764.27 large_aircraft
745.52 134.6 757.63 126.03 761.45 131.43 749.34 140.0 large_vehicle
153.75 633.03 173.63 621.83 180.81 634.57 160.93 645.77 small_aircraft
1174.09 571.95 1181.01 572.07 1180.78 585.23 1173.86 585.11 medium_vehicle
734.75 308.11 732.62 295.76 739.15 294.64 741.28 306.99 medium_vehicle
746.28 129.57 757.94 121.31 761.24 125.98 749.58 134.24 large_vehicle
747.89 152.09 760.62 143.08 764.44 148.48 751.71 157.49 large_vehicle
156.77 649.79 176.64 638.59 184.67 652.83 164.8 664.03 small_aircraft
746.76 142.06 758.87 133.49 762.69 138.89 750.58 147.46 large_vehicle
744.89 275.75 753.3 268.12 757.71 272.99 749.3 280.62 medium_vehicle
809.68 118.98 823.87 109.45 827.21 114.43 813.02 123.96 bus
743.22 300.3 741.08 287.95 747.04 286.92 749.18 299.27 medium_vehicle
175.38 712.71 193.74 702.36 200.69 714.7 182.33 725.05 small_aircraft
447.55 1246.47 450.32 1250.23 442.89 1255.71 440.12 1251.95 medium_vehicle
747.18 296.62 744.67 286.08 750.56 284.68 753.07 295.22 medium_vehicle
85.79 358.89 86.83 363.85 78.25 365.64 77.21 360.68 medium_vehicle
305.28 514.5 321.2 505.53 329.22 519.77 313.3 528.74 small_aircraft
167.72 664.3 178.97 657.96 185.92 670.29 174.67 676.63 small_aircraft
752.89 293.6 750.48 279.63 757.0 278.51 759.41 292.48 medium_vehicle
809.24 113.93 823.43 104.39 826.63 109.16 812.44 118.7 bus
