692.27 623.06 704.83 618.26 706.74 623.25 694.18 628.05 medium_vehicle
673.57 629.22 685.78 624.55 687.86 630.0 675.65 634.67 medium_vehicle
100.0 1046.53 164.21 1051.81 155.9 1152.91 91.69 1147.63 large_aircraft
384.6 507.16 417.42 518.46 399.14 571.56 366.32 560.26 large_aircraft
259.65 948.26 320.05 953.22 313.53 1032.53 253.13 1027.57 large_aircraft
473.84 199.24 507.2 204.88 498.06 258.94 464.7 253.3 large_aircraft
240.2 759.08 252.73 752.45 256.19 758.99 243.66 765.62 medium_vehicle
415.58 551.75 420.38 551.8 420.21 566.12 415.41 566.07 large_vehicle
326.52 941.6 370.56 929.8 382.26 973.46 338.22 985.26 large_aircraft
328.49 512.84 359.7 523.59 341.41 576.72 310.2 565.97 large_aircraft
513.17 717.01 549.35 719.79 545.46 770.36 509.28 767.58 large_aircraft
285.79 667.76 322.58 670.59 318.69 721.17 281.9 718.34 large_aircraft
399.69 622.4 434.63 631.31 422.35 679.49 387.41 670.58 large_aircraft
