989.34 863.78 991.52 866.73 984.7 871.76 982.52 868.81 medium_vehicle
1008.59 766.44 1014.42 766.16 1014.9 775.85 1009.07 776.13 medium_vehicle
687.22 253.01 692.2 258.39 682.97 266.94 677.99 261.56 heavy_equipment
990.41 867.15 992.92 870.56 986.1 875.59 983.59 872.18 medium_vehicle
1077.1 1229.46 1082.64 1229.53 1082.45 1243.22 1076.91 1243.15 medium_vehicle
699.46 204.94 703.02 209.2 692.5 217.96 688.94 213.7 medium_vehicle
1046.68 18.97 1053.75 21.46 1045.58 44.65 1038.51 42.16 large_vehicle
649.53 394.88 652.3 400.3 632.87 410.24 630.1 404.82 large_vehicle
986.87 732.95 990.9 731.16 994.13 738.47 990.1 740.26 medium_vehicle
1005.0 719.34 1009.09 720.99 1006.1 728.4 1002.01 726.75 medium_vehicle
1098.27 1034.01 1102.38 1036.82 1094.84 1047.87 1090.73 1045.06 large_vehicle
1074.08 1061.8 1077.97 1064.9 1068.85 1076.32 1064.96 1073.22 large_vehicle
1092.01 1154.01 1098.41 1154.02 1098.38 1171.4 1091.98 1171.39 large_vehicle
688.59 241.28 691.39 247.57 680.32 252.5 677.52 246.21 heavy_equipment
1201.04 308.88 1204.39 311.56 1196.0 322.03 1192.65 319.35 large_vehicle
1088.62 1132.89 1095.03 1133.15 1094.15 1155.04 1087.74 1154.78 large_vehicle
1104.11 1011.78 1108.59 1014.74 1102.43 1024.09 1097.95 1021.13 medium_vehicle
688.24 263.58 695.36 271.27 685.71 280.21 678.59 272.52 heavy_equipment
1186.35 275.69 1191.75 275.91 1190.97 295.26 1185.57 295.04 large_vehicle
1067.73 1225.77 1073.18 1226.81 1069.39 1246.7 1063.94 1245.66 large_vehicle
684.19 246.63 689.16 252.0 680.97 259.58 676.0 254.21 heavy_equipment
