330.62 342.84 332.38 344.83 328.16 348.56 326.4 346.57 small_vehicle
105.54 993.54 110.36 991.36 116.12 1004.06 111.3 1006.24 heavy_equipment
779.55 727.57 784.85 729.57 781.05 739.68 775.75 737.68 heavy_equipment
421.6 684.18 423.76 688.76 413.56 693.56 411.4 688.98 medium_vehicle
227.53 446.87 229.57 449.18 224.95 453.27 222.91 450.96 small_vehicle
758.77 775.31 763.64 775.28 763.71 784.18 758.84 784.21 heavy_equipment
115.13 981.09 119.85 982.56 116.07 994.69 111.35 993.22 large_vehicle
347.86 299.4 350.72 302.63 346.5 306.36 343.64 303.13 small_vehicle
163.95 488.69 167.38 492.11 160.54 498.97 157.11 495.55 medium_vehicle
757.4 857.3 764.05 866.16 752.66 874.71 746.01 865.85 heavy_equipment
150.21 509.9 152.26 512.07 148.17 515.94 146.12 513.77 small_vehicle
254.19 417.55 256.17 419.78 251.95 423.51 249.97 421.28 small_vehicle
783.73 800.14 792.04 803.27 786.34 818.44 778.03 815.31 heavy_equipment
878.21 739.31 880.54 734.4 889.07 738.45 886.74 743.36 heavy_equipment
227.74 432.6 229.52 434.61 225.3 438.34 223.52 436.33 small_vehicle
876.66 677.23 877.69 672.06 886.86 673.87 885.83 679.04 heavy_equipment
805.82 626.09 810.25 629.61 803.51 638.11 799.08 634.59 heavy_equipment
98.18 576.13 100.82 579.12 95.3 584.01 92.66 581.02 small_vehicle
878.94 671.42 879.87 666.7 888.4 668.39 887.47 673.11 heavy_equipment
781.11 680.0 783.34 683.27 773.53 689.96 771.3 686.69 medium_vehicle
70.37 1018.37 76.38 1022.87 59.49 1045.45 53.48 1040.95 heavy_equipment
274.62 378.24 277.89 381.6 270.96 388.35 267.69 384.99 medium_vehicle
