750.0 970.19 780.64 985.8 777.53 991.91 746.89 976.3 large_vehicle
594.74 920.61 602.34 919.03 609.43 952.98 601.83 954.56 large_vehicle
501.3 1259.79 529.67 1267.39 526.78 1278.2 498.41 1270.6 medium_vessel
401.16 872.18 409.25 874.31 401.82 902.63 393.73 900.5 large_vehicle
191.02 929.33 276.67 961.87 144.19 1310.63 58.54 1278.09 large_vessel
338.8 44.2 346.7 44.2 346.7 60.9 338.8 60.9 medium_vehicle
228.66 886.8 254.42 899.09 251.25 905.73 225.49 893.44 large_vehicle
751.51 950.59 780.94 960.32 778.75 966.94 749.32 957.21 large_vehicle
1063.7 587.2 1072.2 587.2 1072.2 603.8 1063.7 603.8 heavy_equipment
233.37 850.82 240.53 853.84 229.05 881.0 221.89 877.98 large_vehicle
1033.51 553.76 1054.01 553.87 1053.98 560.31 1033.48 560.2 container
532.17 867.13 564.31 875.5 562.51 882.43 530.37 874.06 double_trailer_truck
325.29 846.28 333.68 847.06 330.52 881.11 322.13 880.33 large_vehicle
636.8 1038.6 642.92 1042.93 621.22 1073.58 615.1 1069.25 double_trailer_truck
379.13 863.3 387.27 864.08 383.84 899.69 375.7 898.91 double_trailer_truck
138.6 698.39 133.0 710.52 126.33 707.43 131.93 695.3 container
614.64 909.95 622.93 910.91 618.3 950.92 610.01 949.96 double_trailer_truck
536.9 878.15 567.89 889.79 565.52 896.09 534.53 884.45 large_vehicle
504.38 1148.68 510.53 1152.23 501.44 1167.97 495.29 1164.42 medium_vessel
521.18 1142.79 545.91 1143.56 545.73 1149.16 521.0 1148.39 container
533.33 886.86 568.83 899.09 566.55 905.72 531.05 893.49 double_trailer_truck
562.55 1043.42 598.03 1050.51 596.64 1057.49 561.16 1050.4 double_trailer_truck
763.27 925.46 789.61 935.46 787.03 942.26 760.69 932.26 large_vehicle
751.15 960.05 779.51 971.51 776.69 978.49 748.33 967.03 large_vehicle
573.29 978.13 581.2 980.06 572.81 1014.49 564.9 1012.56 large_vehicle
333.87 844.82 341.73 844.98 341.06 876.59 333.2 876.43 large_vehicle
413.32 816.19 441.27 827.31 438.59 834.06 410.64 822.94 large_vehicle
750.76 981.66 779.53 997.93 775.82 1004.48 747.05 988.21 large_vehicle
357.85 891.88 371.59 894.62 370.43 900.41 356.69 897.67 container
1197.71 474.21 1204.8 471.57 1215.21 499.57 1208.12 502.21 large_vehicle
