103.82 699.8 102.19 693.49 121.45 688.51 123.08 694.82 large_vehicle
80.05 861.47 113.96 844.71 117.45 851.79 83.54 868.55 double_trailer_truck
103.23 1261.24 110.84 1257.61 121.59 1280.14 113.98 1283.77 container
281.92 703.98 307.48 686.87 311.35 692.65 285.79 709.76 large_vehicle
198.23 568.1 204.22 565.88 208.85 578.39 202.86 580.61 medium_vehicle
184.63 1037.87 203.13 1037.52 203.26 1044.11 184.76 1044.46 medium_vehicle
70.3 1171.1 76.06 1170.51 77.68 1186.16 71.92 1186.75 medium_vehicle
220.14 571.62 226.01 571.49 226.24 581.72 220.37 581.85 medium_vehicle
158.29 1151.58 171.91 1153.76 171.09 1158.85 157.47 1156.67 medium_vehicle
509.52 1258.22 519.22 1248.45 523.36 1252.57 513.66 1262.34 medium_vehicle
184.44 1031.07 202.63 1030.72 202.75 1037.02 184.56 1037.37 medium_vehicle
183.18 1024.01 201.09 1019.55 202.51 1025.23 184.6 1029.69 medium_vehicle
560.81 1082.2 579.39 1084.48 578.62 1090.67 560.04 1088.39 container
165.24 1030.96 179.31 1025.98 181.21 1031.33 167.14 1036.31 medium_vehicle
39.24 701.87 44.86 697.12 65.45 721.47 59.83 726.22 large_vehicle
278.94 694.94 303.86 679.6 307.57 685.63 282.65 700.97 large_vehicle
92.62 876.94 118.88 864.42 122.12 871.23 95.86 883.75 large_vehicle
57.09 887.48 90.53 878.52 92.58 886.18 59.14 895.14 double_trailer_truck
184.14 1044.35 203.44 1044.62 203.35 1051.13 184.05 1050.86 medium_vehicle
-2.48 875.42 10.53 873.87 14.57 907.71 1.55 909.26 double_trailer_truck
561.71 1090.4 580.29 1092.68 579.52 1098.87 560.94 1096.59 container
507.1 1066.01 521.41 1065.61 521.6 1072.39 507.29 1072.79 medium_vehicle
37.77 680.11 43.52 675.95 61.08 700.2 55.33 704.36 large_vehicle
48.09 861.53 79.91 849.82 82.6 857.14 50.78 868.85 large_vehicle
