252.54 244.47 266.0 251.24 252.83 277.44 239.37 270.67 small_aircraft
193.35 523.86 207.39 530.92 194.22 557.11 180.18 550.05 small_aircraft
668.06 404.14 686.23 410.94 676.53 436.87 658.36 430.07 small_aircraft
1253.24 307.91 1266.98 316.9 1250.37 342.29 1236.63 333.3 small_aircraft
1194.46 311.67 1204.76 326.88 1184.72 340.45 1174.42 325.24 small_aircraft
162.42 882.75 178.62 884.88 174.71 914.61 158.51 912.48 small_aircraft
540.44 750.74 555.03 760.29 541.15 781.5 526.56 771.95 small_aircraft
1168.68 335.89 1177.41 351.07 1154.8 364.07 1146.07 348.89 small_aircraft
156.31 724.32 169.82 731.12 156.64 757.31 143.13 750.51 small_aircraft
1104.97 424.16 1116.21 436.05 1095.82 455.33 1084.58 443.44 small_aircraft
1030.57 575.47 1043.84 582.89 1030.49 606.79 1017.22 599.37 small_aircraft
838.29 770.67 848.63 782.69 826.51 801.72 816.17 789.7 small_aircraft
