405.72 227.1 399.98 178.99 466.08 171.1 471.82 219.21 large_aircraft
399.09 295.75 393.42 248.19 459.66 240.29 465.33 287.85 large_aircraft
457.08 714.63 468.01 712.63 468.8 716.96 457.87 718.96 medium_vehicle
249.19 240.99 230.79 164.95 312.95 145.07 331.35 221.11 large_aircraft
1214.49 1017.91 1221.64 1020.77 1216.02 1034.8 1208.87 1031.94 large_vehicle
451.14 149.92 445.25 150.1 444.92 139.82 450.81 139.64 medium_vehicle
377.94 592.82 420.98 636.17 351.46 705.21 308.42 661.86 large_aircraft
240.38 338.87 222.01 262.93 303.58 243.19 321.95 319.13 large_aircraft
424.23 371.55 418.29 371.74 417.96 361.13 423.9 360.94 medium_vehicle
536.27 355.06 533.67 305.29 592.22 302.22 594.82 351.99 large_aircraft
456.21 726.42 467.59 722.92 469.17 728.05 457.79 731.55 medium_vehicle
776.35 152.82 758.15 204.49 704.56 185.61 722.76 133.94 large_aircraft
392.09 359.15 386.42 311.67 452.66 303.77 458.33 351.25 large_aircraft
436.72 721.5 437.0 706.54 443.78 706.67 443.5 721.63 large_vehicle
457.06 720.82 467.98 717.46 469.54 722.53 458.62 725.89 medium_vehicle
