675.08 104.96 717.38 83.32 722.16 92.66 679.86 114.3 double_trailer_truck
1198.42 322.23 1209.2 317.14 1211.85 322.74 1201.07 327.83 medium_vehicle
680.87 62.23 710.56 53.38 712.78 60.86 683.09 69.71 container
1115.02 527.51 1146.52 504.71 1152.9 513.53 1121.4 536.33 large_vehicle
669.95 98.81 706.95 81.79 710.64 89.82 673.64 106.84 large_vehicle
672.08 78.97 709.02 65.53 712.48 75.06 675.54 88.5 large_vehicle
653.72 1140.57 748.2 958.3 795.07 982.59 700.59 1164.86 large_vessel
1191.01 391.08 1220.36 376.57 1223.54 383.0 1194.19 397.51 large_vehicle
860.27 -5.59 868.55 4.38 861.83 9.97 853.55 0.0 large_vehicle
1126.32 528.4 1157.53 506.55 1163.19 514.63 1131.98 536.48 large_vehicle
677.43 112.26 713.68 93.71 718.26 102.66 682.01 121.21 large_vehicle
1147.67 522.6 1177.07 504.8 1181.69 512.42 1152.29 530.22 large_vehicle
-35.66 1039.93 33.07 956.24 68.86 985.63 0.12 1069.32 large_vessel
741.9 47.36 772.82 45.25 773.52 55.41 742.6 57.52 large_vehicle
753.7 103.19 1086.95 -62.95 1121.68 6.69 788.43 172.84 large_vessel
1140.91 530.65 1175.1 513.3 1181.26 525.45 1147.07 542.8 large_vehicle
1118.07 258.7 1131.61 252.3 1134.32 258.03 1120.78 264.43 medium_vehicle
754.06 78.64 791.3 65.08 796.7 79.92 759.46 93.48 double_trailer_truck
670.33 71.93 707.58 59.39 710.23 67.27 672.98 79.81 large_vehicle
881.74 21.04 908.72 11.54 912.17 21.34 885.19 30.84 large_vehicle
1250.12 488.69 1280.36 474.79 1283.95 482.6 1253.71 496.5 large_vehicle
821.71 1193.86 861.03 1080.96 887.25 1090.09 847.93 1202.99 large_vessel
1248.73 478.63 1280.15 464.18 1284.19 472.97 1252.77 487.42 large_vehicle
683.23 126.15 719.18 107.03 723.9 115.91 687.95 135.03 large_vehicle
693.77 129.08 724.98 112.49 729.7 121.36 698.49 137.95 large_vehicle
843.02 -4.42 852.08 10.65 844.82 15.01 835.76 -0.06 large_vehicle
687.62 42.88 699.27 18.57 710.71 24.05 699.06 48.36 large_vehicle
803.26 60.35 827.42 49.19 831.64 58.32 807.48 69.48 large_vehicle
1193.66 397.67 1229.95 379.74 1234.23 388.41 1197.94 406.34 large_vehicle
1080.99 214.76 1144.74 184.62 1166.25 230.13 1102.5 260.27 large_vessel
831.25 48.55 865.53 32.71 870.13 42.67 835.85 58.51 large_vehicle
1209.48 518.12 1280.4 484.6 1303.91 534.33 1232.99 567.85 large_vessel
