419.14 125.88 425.65 139.71 419.51 142.6 413.0 128.77 container
132.91 207.98 146.47 198.06 150.92 204.14 137.36 214.06 medium_vehicle
524.99 745.79 545.78 762.75 540.53 769.19 519.74 752.23 large_vehicle
569.67 293.01 573.78 289.77 580.64 298.49 576.53 301.73 medium_vehicle
267.17 776.8 280.81 765.51 286.93 772.91 273.29 784.2 heavy_equipment
398.28 973.64 412.42 961.13 418.41 967.91 404.27 980.42 heavy_equipment
552.06 1192.67 567.68 1183.44 571.57 1190.02 555.95 1199.25 medium_vehicle
470.35 784.49 474.79 772.48 480.6 774.63 476.16 786.64 medium_vehicle
403.75 45.58 415.35 72.63 409.23 75.25 397.63 48.2 large_vehicle
423.79 1012.71 436.49 1022.7 432.72 1027.49 420.02 1017.5 medium_vehicle
415.16 714.2 422.65 700.97 428.92 704.52 421.43 717.75 medium_vehicle
287.53 686.95 301.41 679.69 305.22 686.97 291.34 694.23 heavy_equipment
-2.86 700.8 20.08 683.0 24.96 689.3 2.01 707.1 heavy_equipment
626.57 637.89 638.59 611.02 646.18 614.41 634.16 641.28 large_vehicle
133.21 196.37 145.32 188.24 149.51 194.49 137.4 202.62 medium_vehicle
436.36 119.55 443.48 134.68 436.37 138.02 429.25 122.89 container
563.36 1061.48 580.73 1054.1 583.72 1061.13 566.35 1068.51 medium_vehicle
298.78 231.4 308.2 224.2 312.07 229.27 302.65 236.47 medium_vehicle
428.49 301.64 438.68 309.55 435.58 313.55 425.39 305.64 medium_vehicle
294.25 736.6 314.08 744.1 311.18 751.79 291.35 744.29 heavy_equipment
281.57 763.56 294.19 751.91 300.69 758.96 288.07 770.61 heavy_equipment
286.92 225.29 296.61 216.84 300.36 221.14 290.67 229.59 medium_vehicle
278.33 682.93 290.6 676.52 294.01 683.04 281.74 689.45 heavy_equipment
279.91 162.67 286.44 173.71 280.95 176.96 274.42 165.92 medium_vehicle
20.87 755.72 35.53 742.74 41.52 749.51 26.86 762.49 medium_vehicle
426.82 139.11 439.96 150.86 434.89 156.53 421.75 144.78 container
278.97 142.58 293.14 131.86 297.37 137.46 283.2 148.18 medium_vehicle
553.88 1056.73 564.63 1048.0 568.86 1053.2 558.11 1061.93 medium_vehicle
185.65 4.28 190.58 0.56 197.1 9.18 192.17 12.9 medium_vehicle
146.04 100.77 157.7 97.45 159.45 103.58 147.79 106.9 medium_vehicle
427.56 1008.44 440.69 1017.87 437.13 1022.83 424.0 1013.4 medium_vehicle
73.41 647.49 82.77 660.57 78.32 663.75 68.96 650.67 heavy_equipment
