825.48 36.89 844.36 8.37 853.29 14.29 834.41 42.81 medium_vessel
747.18 86.33 762.48 68.6 768.35 73.67 753.05 91.4 medium_vessel
609.4 32.23 627.48 17.59 631.96 23.11 613.88 37.75 medium_vessel
775.15 44.11 784.0 22.43 792.17 25.76 783.32 47.44 medium_vessel
617.03 40.66 633.71 22.27 639.22 27.27 622.54 45.66 medium_vessel
810.97 28.33 830.57 1.94 840.47 9.29 820.87 35.68 medium_vessel
752.05 30.1 764.75 8.2 772.21 12.53 759.51 34.43 medium_vessel
992.52 122.85 997.7 128.37 986.76 138.65 981.58 133.13 medium_vehicle
639.46 44.82 650.77 33.14 655.33 37.56 644.02 49.24 small_vessel
763.89 34.97 778.23 16.75 784.91 22.01 770.57 40.23 medium_vessel
666.57 62.79 678.07 50.8 682.65 55.19 671.15 67.18 small_vessel
734.81 82.35 747.27 62.8 754.8 67.59 742.34 87.14 medium_vessel
605.36 26.47 618.08 12.09 623.43 16.82 610.71 31.2 medium_vessel
656.25 56.58 664.21 43.16 669.67 46.4 661.71 59.82 small_vessel
794.12 54.99 807.76 36.56 814.7 41.7 801.06 60.13 medium_vessel
646.85 19.92 662.25 2.51 668.34 7.9 652.94 25.31 medium_vessel
573.39 11.35 587.78 -4.91 593.58 0.21 579.19 16.48 medium_vessel
723.58 12.57 733.92 -4.89 742.89 0.4 732.55 17.87 medium_vessel
769.9 136.8 782.1 136.8 782.1 142.3 769.9 142.3 small_vessel
327.41 843.47 340.18 843.54 340.15 849.49 327.38 849.42 medium_vehicle
648.87 51.92 660.76 39.66 665.32 44.08 653.43 56.34 small_vessel
595.78 20.13 611.33 6.17 616.11 11.5 600.56 25.46 medium_vessel
687.47 48.39 703.19 30.62 709.68 36.37 693.96 54.14 medium_vessel
685.36 77.84 697.77 64.91 702.35 69.3 689.94 82.23 small_vessel
728.48 77.83 741.3 57.72 747.94 61.95 735.12 82.06 medium_vessel
708.48 88.89 713.34 78.74 718.3 81.12 713.44 91.27 small_vessel
752.88 92.59 767.01 75.09 773.04 79.95 758.91 97.45 medium_vessel
784.61 51.01 800.26 31.13 807.32 36.68 791.67 56.56 medium_vessel
713.81 1116.67 731.38 1115.53 731.79 1121.92 714.22 1123.06 medium_vehicle
1252.76 692.52 1258.51 691.16 1261.74 704.83 1255.99 706.19 medium_vehicle
691.85 81.69 703.34 69.71 707.77 73.96 696.28 85.94 small_vessel
781.33 88.42 804.71 75.67 808.85 83.26 785.47 96.01 medium_vessel
672.6 39.21 685.05 26.37 689.87 31.03 677.42 43.87 small_vessel
591.88 396.21 598.49 394.34 603.58 412.32 596.97 414.19 medium_vehicle
645.52 47.57 656.06 36.69 660.04 40.54 649.5 51.42 small_vessel
340.77 842.2 357.21 841.14 357.69 848.53 341.25 849.59 medium_vehicle
