140.41 755.25 146.99 756.54 144.28 770.37 137.7 769.08 medium_vehicle
211.24 1089.54 217.54 1089.59 217.47 1098.52 211.17 1098.47 heavy_equipment
199.49 1126.52 204.05 1127.69 201.83 1136.42 197.27 1135.25 small_vehicle
560.87 346.12 565.27 346.52 564.46 355.46 560.06 355.06 small_vehicle
728.06 855.75 732.52 856.06 731.98 863.94 727.52 863.63 small_vehicle
465.71 740.02 470.17 740.18 469.82 749.87 465.36 749.71 small_vehicle
931.32 345.14 942.3 341.06 944.28 346.4 933.3 350.48 medium_vehicle
756.27 602.72 760.72 603.03 760.06 612.65 755.61 612.34 small_vehicle
463.68 881.94 467.72 881.85 467.87 888.75 463.83 888.84 small_vehicle
61.07 851.84 70.77 849.49 72.0 854.56 62.3 856.91 small_vehicle
223.17 1082.5 227.9 1086.0 222.94 1092.71 218.21 1089.21 small_vehicle
488.9 589.15 493.89 589.43 493.29 600.03 488.3 599.75 medium_vehicle
511.21 608.31 515.99 608.71 515.18 618.43 510.4 618.03 small_vehicle
215.49 1108.7 220.62 1108.89 220.23 1119.58 215.1 1119.39 small_vehicle
17.2 1057.62 24.72 1057.69 24.67 1062.63 17.15 1062.56 heavy_equipment
501.54 634.59 506.3 635.26 505.22 642.9 500.46 642.23 small_vehicle
1027.52 738.15 1030.02 742.07 1023.07 746.5 1020.57 742.58 small_vehicle
475.97 645.61 481.07 645.58 481.12 656.68 476.02 656.71 medium_vehicle
