137.33 506.77 149.71 492.43 155.59 497.5 143.21 511.84 heavy_equipment
234.77 150.75 239.98 154.52 226.23 173.52 221.02 169.75 large_vehicle
231.98 148.97 236.23 152.04 221.59 172.27 217.34 169.2 large_vehicle
20.94 822.81 20.57 827.05 12.27 826.32 12.64 822.08 medium_vehicle
123.48 527.13 138.47 510.6 143.58 515.24 128.59 531.77 heavy_equipment
541.46 250.85 551.33 261.55 545.83 266.62 535.96 255.92 medium_vessel
153.7 485.08 165.78 469.9 172.23 475.03 160.15 490.21 heavy_equipment
741.24 783.49 814.9 942.18 755.46 969.78 681.8 811.09 large_vessel
185.78 336.66 190.71 332.25 197.52 339.86 192.59 344.27 medium_vehicle
208.65 274.61 213.94 278.44 204.89 290.94 199.6 287.11 medium_vehicle
65.65 446.68 68.37 450.5 59.91 456.51 57.19 452.69 medium_vehicle
86.69 435.52 90.66 438.02 84.93 447.16 80.96 444.66 medium_vehicle
