639.9 334.64 647.15 327.58 662.93 343.81 655.68 350.87 small_aircraft
525.75 184.7 534.15 178.94 546.07 196.35 537.67 202.11 small_aircraft
99.48 536.14 112.71 533.76 116.12 552.71 102.89 555.09 small_aircraft
93.95 571.94 106.33 558.47 116.17 567.51 103.79 580.98 small_aircraft
76.16 473.88 86.23 470.29 91.76 485.82 81.69 489.41 small_aircraft
239.03 192.18 248.35 186.82 259.75 206.65 250.43 212.01 small_aircraft
406.08 72.34 415.17 64.88 429.95 82.87 420.86 90.33 small_aircraft
22.03 356.88 34.82 356.34 35.56 373.83 22.77 374.37 small_aircraft
19.82 196.75 32.5 192.94 38.61 213.32 25.93 217.13 small_aircraft
390.54 453.03 398.22 446.61 412.34 463.48 404.66 469.9 small_aircraft
798.12 539.13 806.61 533.32 818.83 551.17 810.34 556.98 small_aircraft
50.56 571.4 59.67 565.16 70.51 580.99 61.4 587.23 small_aircraft
