334.3 391.44 365.8 378.64 377.11 406.49 345.61 419.29 large_aircraft
298.71 319.63 326.94 306.4 347.22 349.68 318.99 362.91 large_aircraft
571.52 187.53 591.92 179.78 601.96 206.21 581.56 213.96 large_aircraft
1126.65 29.85 1130.5 28.12 1133.57 34.95 1129.72 36.68 medium_vehicle
469.34 401.42 481.49 395.38 490.22 412.96 478.07 419.0 small_aircraft
368.43 3.79 390.86 -5.81 400.18 15.93 377.75 25.54 large_aircraft
551.25 150.77 572.45 142.72 582.49 169.16 561.29 177.21 large_aircraft
344.38 332.53 376.8 317.28 397.84 362.0 365.42 377.25 large_aircraft
1124.09 359.6 1131.59 359.6 1131.59 363.7 1124.09 363.7 medium_vehicle
346.23 414.39 381.42 422.58 376.19 445.09 341.0 436.9 large_aircraft
307.21 210.66 350.73 189.53 382.8 255.57 339.28 276.7 large_aircraft
236.37 195.69 281.5 176.07 310.29 242.29 265.16 261.91 large_aircraft
1199.47 140.23 1203.34 138.01 1208.29 146.66 1204.42 148.88 large_vehicle
581.33 219.56 608.1 209.39 621.74 245.31 594.97 255.48 large_aircraft
386.0 223.68 421.72 211.24 436.4 253.38 400.68 265.82 large_aircraft
254.45 87.85 288.56 73.23 307.53 117.49 273.42 132.11 large_aircraft
1208.12 165.05 1211.95 162.85 1216.11 170.11 1212.28 172.31 medium_vehicle
1152.77 46.58 1156.48 44.94 1159.87 52.63 1156.16 54.27 medium_vehicle
184.14 73.63 228.64 53.54 258.59 119.87 214.09 139.96 large_aircraft
484.63 435.7 500.03 431.57 504.72 449.07 489.32 453.2 small_aircraft
97.58 12.89 119.56 3.46 136.11 42.08 114.13 51.51 large_aircraft
414.33 9.73 439.5 0.46 453.08 37.38 427.91 46.65 large_aircraft
1209.44 344.8 1223.91 344.19 1224.09 348.6 1209.62 349.21 large_vehicle
396.89 397.66 443.58 377.17 472.91 444.0 426.22 464.49 large_aircraft
321.9 102.88 354.92 87.62 375.42 131.97 342.4 147.23 large_aircraft
35.09 1004.08 39.31 1002.5 42.98 1012.32 38.76 1013.9 container
39.07 1004.1 43.3 1002.8 46.61 1013.56 42.38 1014.86 container
617.55 303.72 641.85 292.9 657.38 327.77 633.08 338.59 large_aircraft
507.28 424.36 552.69 403.37 582.98 468.92 537.57 489.91 large_aircraft
