50.92 280.01 54.37 277.13 58.64 282.26 55.19 285.14 medium_vehicle
1214.95 1120.22 1220.62 1117.68 1227.26 1132.53 1221.59 1135.07 small_aircraft
769.19 88.92 781.77 85.5 784.68 96.21 772.1 99.63 small_aircraft
692.94 147.14 722.77 153.42 719.2 170.35 689.37 164.07 small_aircraft
670.84 1096.41 673.11 1092.67 678.71 1096.07 676.44 1099.81 medium_vehicle
-2.68 250.9 1.14 248.67 5.36 255.92 1.53 258.15 medium_vehicle
978.09 342.44 996.01 360.74 981.63 374.82 963.71 356.52 large_aircraft
730.99 1154.07 734.26 1150.07 745.17 1159.0 741.9 1163.0 bus
728.64 80.1 741.3 76.66 744.64 88.95 731.98 92.39 small_aircraft
612.47 50.26 640.77 55.61 637.54 72.72 609.24 67.37 small_aircraft
952.08 363.83 971.19 383.34 956.24 397.99 937.13 378.48 large_aircraft
589.79 1031.67 592.9 1028.27 599.11 1033.97 596.0 1037.37 medium_vehicle
952.39 340.28 970.23 358.5 955.72 372.71 937.88 354.49 large_aircraft
741.75 1155.79 744.18 1153.06 749.56 1157.85 747.13 1160.58 medium_vehicle
566.56 40.58 596.47 44.15 594.35 61.94 564.44 58.37 small_aircraft
321.0 -15.77 351.99 23.18 320.57 48.17 289.58 9.21 large_aircraft
440.6 864.39 444.26 861.68 451.64 871.62 447.98 874.33 large_vehicle
1218.38 1062.41 1238.26 1066.45 1235.94 1077.89 1216.06 1073.85 small_aircraft
656.01 58.73 685.95 65.04 682.32 82.25 652.38 75.94 small_aircraft
739.08 157.93 768.15 164.05 764.58 180.97 735.51 174.85 small_aircraft
645.13 136.97 675.52 143.37 672.18 159.25 641.79 152.85 small_aircraft
732.14 1149.9 734.8 1146.59 740.78 1151.41 738.12 1154.72 medium_vehicle
315.45 778.9 320.8 778.9 320.8 796.2 315.45 796.2 large_vehicle
469.77 336.17 474.19 334.4 479.26 347.03 474.84 348.8 bus
628.09 1058.94 630.7 1055.38 638.32 1060.96 635.71 1064.52 medium_vehicle
748.94 85.0 762.63 81.29 765.61 92.27 751.92 95.98 small_aircraft
984.03 369.45 1002.06 387.86 987.85 401.78 969.82 383.37 large_aircraft
452.88 308.43 457.73 306.26 463.46 319.09 458.61 321.26 bus
1223.45 1123.05 1229.38 1120.4 1234.7 1132.29 1228.77 1134.94 small_aircraft
465.23 335.89 469.86 333.82 475.91 347.35 471.28 349.42 bus
784.87 169.0 814.68 175.28 811.06 192.44 781.25 186.16 small_aircraft
271.47 -5.19 307.53 29.25 288.79 48.86 252.73 14.41 large_aircraft
444.3 287.79 448.11 285.41 455.95 297.95 452.14 300.33 bus
1205.0 1118.8 1210.46 1116.36 1216.39 1129.61 1210.93 1132.05 small_aircraft
119.17 1129.31 119.3 1123.57 132.44 1123.86 132.31 1129.6 bus
