440.5 62.0 445.2 59.43 449.74 67.72 445.04 70.29 medium_vehicle
996.07 110.86 1001.34 117.56 997.58 120.52 992.31 113.82 medium_vehicle
499.11 119.22 507.5 114.89 514.92 129.26 506.53 133.59 small_aircraft
650.46 863.99 659.49 865.92 658.33 871.31 649.3 869.38 medium_vehicle
584.73 1108.94 637.84 1117.45 633.25 1146.1 580.14 1137.59 large_aircraft
1173.72 310.26 1183.36 322.68 1178.89 326.15 1169.25 313.73 bus
767.58 961.85 784.14 972.57 781.6 976.5 765.04 965.78 large_vehicle
993.79 151.92 1003.83 164.87 999.7 168.07 989.66 155.12 bus
1213.39 156.6 1226.68 155.41 1227.15 160.65 1213.86 161.84 large_vehicle
533.33 984.35 585.25 992.66 580.97 1019.37 529.05 1011.06 large_aircraft
659.73 886.52 664.78 899.17 659.96 901.1 654.91 888.45 bus
442.07 122.99 458.17 116.22 466.38 135.76 450.28 142.53 small_aircraft
333.32 504.56 348.53 509.56 346.82 514.76 331.61 509.76 bus
665.57 829.51 672.26 834.3 669.83 837.69 663.14 832.9 medium_vehicle
765.66 958.4 778.04 964.74 776.33 968.08 763.95 961.74 large_vehicle
428.1 731.18 469.59 737.01 465.99 762.66 424.5 756.83 large_aircraft
674.09 875.78 673.12 889.67 666.58 889.21 667.55 875.32 bus
602.31 755.28 610.15 761.16 607.18 765.11 599.34 759.23 large_vehicle
640.31 1003.41 682.75 1014.15 676.06 1040.61 633.62 1029.87 large_aircraft
649.33 830.33 658.53 830.49 658.46 834.47 649.26 834.31 medium_vehicle
652.07 838.51 661.27 838.67 661.2 842.65 652.0 842.49 medium_vehicle
643.5 805.5 650.39 810.43 647.88 813.94 640.99 809.01 medium_vehicle
840.35 842.73 839.72 853.33 835.06 853.05 835.69 842.45 large_vehicle
652.85 870.91 663.09 872.93 662.18 877.53 651.94 875.51 medium_vehicle
721.77 936.84 732.85 943.52 730.65 947.17 719.57 940.49 large_vehicle
693.72 313.38 701.41 313.77 701.17 318.58 693.48 318.19 medium_vehicle
702.72 1163.75 747.97 1175.12 741.54 1200.72 696.29 1189.35 large_aircraft
634.06 963.12 669.34 972.05 662.3 999.84 627.02 990.91 large_aircraft
789.76 851.36 811.1 862.33 808.88 866.66 787.54 855.69 large_vehicle
789.58 859.96 811.05 870.11 809.24 873.95 787.77 863.8 large_vehicle
575.54 1091.26 582.53 1100.17 578.26 1103.52 571.27 1094.61 large_vehicle
460.21 814.72 503.33 823.18 498.27 848.98 455.15 840.52 large_aircraft
789.87 830.7 806.98 838.79 805.33 842.28 788.22 834.19 large_vehicle
766.08 971.94 788.59 984.78 785.84 989.61 763.33 976.77 large_vehicle
635.95 828.89 642.62 830.29 642.12 832.68 635.45 831.28 medium_vehicle
464.58 66.92 469.24 64.37 474.6 74.15 469.94 76.7 large_vehicle
554.78 924.26 561.24 940.25 556.38 942.21 549.92 926.22 large_vehicle
792.68 872.71 798.08 875.45 796.52 878.53 791.12 875.79 medium_vehicle
370.25 502.57 384.74 513.65 381.7 517.63 367.21 506.55 bus
660.33 1042.5 700.53 1049.88 695.02 1079.9 654.82 1072.52 large_aircraft
802.57 828.0 814.81 832.89 813.14 837.08 800.9 832.19 large_vehicle
635.07 830.95 642.58 832.38 641.96 835.64 634.45 834.21 medium_vehicle
364.92 533.44 370.55 538.27 367.71 541.58 362.08 536.75 medium_vehicle
497.71 896.3 539.24 902.95 534.42 933.06 492.89 926.41 large_aircraft
202.23 108.35 256.69 146.06 238.62 172.17 184.16 134.46 large_aircraft
1056.76 743.23 1066.76 752.11 1063.78 755.46 1053.78 746.58 large_vehicle
368.99 506.39 383.7 516.69 381.06 520.45 366.35 510.15 bus
373.56 495.96 388.66 506.53 386.02 510.29 370.92 499.72 bus
1059.65 734.19 1068.22 741.44 1065.32 744.86 1056.75 737.61 large_vehicle
243.55 215.16 298.06 252.91 280.15 278.77 225.64 241.02 large_aircraft
422.98 583.45 431.64 589.84 428.89 593.57 420.23 587.18 large_vehicle
340.49 520.99 349.29 520.59 349.49 525.01 340.69 525.41 medium_vehicle
654.95 845.97 663.23 846.12 663.16 850.11 654.88 849.96 medium_vehicle
918.51 166.46 926.6 166.88 926.38 171.08 918.29 170.66 medium_vehicle
481.63 856.83 533.63 865.81 528.81 893.77 476.81 884.79 large_aircraft
667.52 970.8 670.75 978.44 666.67 980.16 663.44 972.52 medium_vehicle
589.02 1133.67 598.42 1136.42 597.11 1140.9 587.71 1138.15 medium_vehicle
329.56 486.62 345.18 493.47 342.89 498.69 327.27 491.84 bus
789.89 867.31 812.63 878.95 810.71 882.69 787.97 871.05 large_vehicle
471.87 174.99 539.96 179.04 536.71 233.83 468.62 229.78 large_aircraft
775.15 1218.86 775.12 1233.35 768.49 1233.34 768.52 1218.85 bus
332.8 471.76 348.02 481.98 344.82 486.74 329.6 476.52 bus
789.26 862.9 809.07 872.26 807.14 876.33 787.33 866.97 large_vehicle
445.57 149.78 473.26 183.13 447.77 204.29 420.08 170.94 large_aircraft
338.04 509.73 345.17 511.79 343.83 516.42 336.7 514.36 medium_vehicle
329.93 479.28 345.36 488.27 342.54 493.12 327.11 484.13 bus
1046.24 173.98 1051.54 181.22 1047.78 183.96 1042.48 176.72 medium_vehicle
508.03 863.29 513.33 869.91 510.02 872.57 504.72 865.95 medium_vehicle
485.75 846.63 494.88 849.64 493.39 854.14 484.26 851.13 medium_vehicle
978.8 1207.17 987.21 1206.83 987.4 1211.62 978.99 1211.96 medium_vehicle
367.14 524.69 375.99 532.48 372.7 536.21 363.85 528.42 large_vehicle
367.3 509.89 382.54 519.68 379.67 524.15 364.43 514.36 bus
549.7 1024.71 601.42 1033.0 596.89 1061.33 545.17 1053.04 large_aircraft
463.96 128.96 478.99 122.64 486.3 140.03 471.27 146.35 small_aircraft
788.76 855.72 808.43 865.69 806.58 869.33 786.91 859.36 large_vehicle
649.97 834.41 659.17 834.57 659.1 838.55 649.9 838.39 medium_vehicle
372.33 499.41 387.27 509.87 384.64 513.64 369.7 503.18 bus
1043.69 757.91 1058.74 768.21 1056.21 771.9 1041.16 761.6 large_vehicle
423.73 60.53 428.43 57.95 433.02 66.33 428.32 68.91 medium_vehicle
567.73 1067.49 619.87 1075.84 615.27 1104.57 563.13 1096.22 large_aircraft
367.8 532.15 373.34 536.59 371.38 539.03 365.84 534.59 medium_vehicle
789.37 840.67 809.03 849.97 807.19 853.87 787.53 844.57 large_vehicle
652.07 877.32 660.51 878.07 660.05 883.25 651.61 882.5 medium_vehicle
653.9 842.25 662.18 842.4 662.11 846.4 653.83 846.25 medium_vehicle
653.74 845.85 657.79 856.11 652.98 858.01 648.93 847.75 large_vehicle
447.74 773.87 496.2 782.67 491.65 807.7 443.19 798.9 large_aircraft
553.85 756.09 584.81 762.89 578.44 791.88 547.48 785.08 large_aircraft
462.39 151.13 509.46 153.93 507.66 184.28 460.59 181.48 large_aircraft
229.67 167.93 277.7 199.24 260.42 225.75 212.39 194.44 large_aircraft
467.58 840.97 483.35 846.15 481.41 852.03 465.64 846.85 bus
