632.14 1185.39 672.03 1192.5 668.15 1214.3 628.26 1207.19 large_aircraft
567.28 972.91 603.31 958.79 621.56 1005.35 585.53 1019.47 large_aircraft
587.25 1174.51 628.09 1181.79 624.09 1204.26 583.25 1196.98 large_aircraft
540.74 1164.94 583.04 1171.26 579.62 1194.13 537.32 1187.81 large_aircraft
247.8 1091.33 267.28 1096.92 265.84 1101.95 246.36 1096.36 large_vehicle
139.71 1038.27 147.84 1047.04 144.44 1050.19 136.31 1041.42 large_vehicle
1134.06 473.88 1163.47 468.64 1168.92 499.25 1139.51 504.49 large_aircraft
1166.26 267.84 1178.98 266.44 1179.53 271.46 1166.81 272.86 bus
233.21 1053.46 249.02 1055.8 248.36 1060.27 232.55 1057.93 large_vehicle
465.23 683.4 481.85 676.35 491.35 698.73 474.73 705.78 large_aircraft
236.33 1060.97 254.17 1065.06 252.94 1070.41 235.1 1066.32 large_vehicle
434.41 556.33 471.86 543.29 487.52 588.27 450.07 601.31 large_aircraft
1170.31 245.18 1182.77 244.22 1183.16 249.31 1170.7 250.27 bus
1253.99 868.97 1282.01 875.9 1276.73 897.25 1248.71 890.32 large_aircraft
1154.99 514.3 1185.76 533.76 1173.21 553.61 1142.44 534.15 large_aircraft
262.82 1070.93 282.01 1074.94 280.91 1080.21 261.72 1076.2 large_vehicle
1235.28 732.35 1269.08 723.61 1281.78 772.72 1247.98 781.46 large_aircraft
261.91 1125.65 282.01 1131.37 280.5 1136.69 260.4 1130.97 large_vehicle
1196.07 656.33 1217.12 670.42 1202.69 691.98 1181.64 677.89 large_aircraft
27.17 991.8 25.04 1001.56 21.17 1000.71 23.3 990.95 large_vehicle
240.61 1070.28 259.82 1075.22 258.48 1080.43 239.27 1075.49 large_vehicle
735.89 1131.33 776.25 1138.96 771.6 1163.56 731.24 1155.93 large_aircraft
383.71 543.34 425.66 549.46 422.51 571.05 380.56 564.93 large_aircraft
914.58 39.0 919.71 54.88 914.24 56.65 909.11 40.77 large_vehicle
314.62 203.99 364.38 186.66 388.08 254.7 338.32 272.03 large_aircraft
273.75 1104.22 293.0 1108.84 291.78 1113.89 272.53 1109.27 large_vehicle
959.24 330.68 984.22 320.74 1003.83 370.02 978.85 379.96 large_aircraft
146.15 1038.58 151.28 1044.24 148.02 1047.18 142.89 1041.52 medium_vehicle
1264.62 211.1 1277.25 209.66 1277.86 214.95 1265.23 216.39 bus
268.03 1080.81 286.95 1086.06 285.47 1091.41 266.55 1086.16 large_vehicle
1204.49 667.72 1241.02 676.15 1231.67 716.63 1195.14 708.2 large_aircraft
280.08 1117.25 299.08 1122.2 297.68 1127.55 278.68 1122.6 large_vehicle
1273.23 224.25 1279.73 224.08 1279.86 228.93 1273.36 229.1 medium_vehicle
497.73 958.6 531.62 943.01 552.64 988.72 518.75 1004.31 large_aircraft
270.01 1092.03 289.15 1096.94 287.9 1101.84 268.76 1096.93 large_vehicle
1179.61 412.09 1192.31 401.55 1213.7 427.3 1201.0 437.84 large_aircraft
1239.44 505.01 1254.06 497.3 1271.22 529.85 1256.6 537.56 large_aircraft
1243.0 214.83 1255.01 213.25 1255.68 218.29 1243.67 219.87 bus
532.4 1243.77 572.91 1250.47 569.15 1273.13 528.64 1266.43 large_aircraft
973.6 189.59 975.91 198.02 971.95 199.11 969.64 190.68 medium_vehicle
1218.15 704.98 1249.75 707.3 1247.27 741.12 1215.67 738.8 large_aircraft
442.1 1071.83 456.51 1067.72 460.67 1082.34 446.26 1086.45 small_aircraft
494.82 1151.92 536.3 1159.61 531.98 1182.94 490.5 1175.25 large_aircraft
1181.98 287.7 1193.55 286.81 1193.97 292.31 1182.4 293.2 bus
1225.73 652.91 1231.09 658.28 1228.59 660.78 1223.23 655.41 container
261.2 73.56 309.82 56.63 333.24 123.89 284.62 140.82 large_aircraft
493.95 1084.16 508.44 1077.88 515.93 1095.18 501.44 1101.46 small_aircraft
976.61 175.12 978.04 182.83 973.78 183.62 972.35 175.91 medium_vehicle
636.78 990.9 671.24 976.13 689.92 1019.71 655.46 1034.48 large_aircraft
781.35 1139.79 822.32 1147.98 817.64 1171.37 776.67 1163.18 large_aircraft
264.93 1137.33 284.93 1143.33 283.46 1148.23 263.46 1142.23 large_vehicle
19.03 888.27 23.71 886.23 29.0 898.34 24.32 900.38 bus
244.3 1080.87 263.1 1085.55 261.88 1090.43 243.08 1085.75 large_vehicle
202.97 60.54 228.73 49.07 244.58 84.66 218.82 96.13 large_aircraft
259.82 1062.83 278.29 1063.6 278.08 1068.56 259.61 1067.79 large_vehicle
252.49 1104.38 271.84 1109.49 270.58 1114.26 251.23 1109.15 large_vehicle
1161.12 260.11 1173.82 259.13 1174.21 264.2 1161.51 265.18 bus
202.7 908.98 206.1 919.38 201.48 920.89 198.08 910.49 large_vehicle
199.08 908.99 202.98 918.41 198.12 920.42 194.22 911.0 large_vehicle
538.5 695.24 560.93 685.72 574.23 717.05 551.8 726.57 large_aircraft
255.51 1115.08 275.32 1120.54 274.01 1125.29 254.2 1119.83 large_vehicle
1173.45 504.92 1221.0 529.25 1206.17 558.22 1158.62 533.89 large_aircraft
307.9 340.95 356.03 322.18 382.31 389.6 334.18 408.37 large_aircraft
599.92 1104.26 638.96 1110.02 635.58 1132.9 596.54 1127.14 large_aircraft
182.02 1022.76 192.72 1024.09 192.29 1027.55 181.59 1026.22 large_vehicle
281.61 1148.17 298.0 1152.75 296.6 1157.75 280.21 1153.17 large_vehicle
1150.61 614.12 1182.1 614.88 1181.26 648.95 1149.77 648.19 large_aircraft
418.52 940.96 451.32 925.87 470.69 968.0 437.89 983.09 large_aircraft
1255.84 212.98 1263.18 212.08 1263.69 216.23 1256.35 217.13 medium_vehicle
703.39 1005.51 736.67 990.2 756.75 1033.85 723.47 1049.16 large_aircraft
