399.17 200.55 402.71 208.82 398.55 210.6 395.01 202.33 medium_vehicle
658.09 96.0 690.9 111.16 681.7 131.06 648.89 115.9 small_aircraft
736.52 114.12 748.84 109.71 753.31 122.2 740.99 126.61 small_aircraft
934.76 259.92 939.01 257.97 943.4 267.57 939.15 269.52 medium_vehicle
942.55 263.82 946.94 261.94 951.87 273.51 947.48 275.39 bus
627.23 309.65 646.46 302.35 657.33 330.96 638.1 338.26 large_aircraft
963.06 265.85 972.54 267.75 971.8 271.45 962.32 269.55 large_vehicle
961.47 262.25 971.64 264.38 970.71 268.84 960.54 266.71 large_vehicle
766.74 228.6 773.82 227.59 774.38 231.49 767.3 232.5 medium_vehicle
823.36 96.14 832.91 98.27 831.84 103.05 822.29 100.92 container
764.75 222.78 774.35 222.61 774.44 227.3 764.84 227.47 large_vehicle
874.68 247.89 878.68 244.39 890.28 257.69 886.28 261.19 bus
807.99 92.58 817.84 94.78 816.9 98.97 807.05 96.77 container
899.6 250.61 903.94 248.24 910.66 260.53 906.32 262.9 bus
964.15 274.01 973.47 275.29 973.0 278.72 963.68 277.44 medium_vehicle
964.99 276.63 974.31 277.82 973.79 281.9 964.47 280.71 medium_vehicle
855.23 242.97 859.06 240.14 868.62 253.1 864.79 255.93 bus
947.93 264.0 951.82 262.67 955.95 274.73 952.06 276.06 bus
907.7 254.81 911.98 252.15 917.55 261.1 913.27 263.76 bus
846.36 240.85 850.59 237.82 861.06 252.45 856.83 255.48 bus
958.73 246.8 967.42 250.38 965.85 254.19 957.16 250.61 medium_vehicle
963.63 271.69 973.33 273.33 972.76 276.7 963.06 275.06 large_vehicle
769.36 236.57 778.46 236.42 778.55 241.12 769.45 241.27 medium_vehicle
867.59 246.86 871.97 243.12 883.76 256.92 879.38 260.66 bus
743.2 164.0 773.6 164.0 773.6 183.0 743.2 183.0 small_aircraft
883.43 249.12 887.38 246.02 898.72 260.42 894.77 263.52 bus
768.59 232.26 777.15 230.55 777.93 234.47 769.37 236.18 medium_vehicle
851.04 242.0 855.0 239.16 864.76 252.78 860.8 255.62 bus
1185.56 135.85 1194.94 135.74 1194.99 139.54 1185.61 139.65 medium_vehicle
860.49 244.06 864.3 240.61 876.34 253.93 872.53 257.38 bus
701.52 266.28 727.82 256.29 746.08 304.36 719.78 314.35 large_aircraft
963.46 268.94 972.81 270.64 972.23 273.8 962.88 272.1 medium_vehicle
915.26 257.3 919.26 254.03 930.76 268.12 926.76 271.39 bus
959.88 250.42 968.34 253.91 966.61 258.11 958.15 254.62 medium_vehicle
689.86 72.8 708.03 67.28 715.56 92.09 697.39 97.61 small_aircraft
740.58 126.48 751.61 121.34 757.18 133.3 746.15 138.44 small_aircraft
931.32 259.49 935.57 257.54 939.32 265.73 935.07 267.68 medium_vehicle
891.36 251.11 895.56 247.73 907.46 262.54 903.26 265.92 bus
