702.77 268.65 755.03 206.82 814.66 257.21 762.4 319.04 large_aircraft
807.6 1008.07 813.45 1008.91 811.08 1025.29 805.23 1024.45 large_vehicle
902.43 360.47 907.49 361.56 905.25 372.03 900.19 370.94 medium_vehicle
893.86 351.66 898.78 353.22 895.14 364.69 890.22 363.13 medium_vehicle
814.33 877.9 852.71 868.62 867.03 927.8 828.65 937.08 large_aircraft
832.76 1033.22 830.92 1037.5 821.51 1033.47 823.35 1029.19 medium_vehicle
830.92 1044.45 828.91 1049.15 820.06 1045.35 822.07 1040.65 medium_vehicle
888.97 350.22 894.1 351.56 891.08 363.17 885.95 361.83 medium_vehicle
1040.2 667.08 1072.0 645.47 1105.34 694.51 1073.54 716.12 large_aircraft
835.64 1017.03 833.58 1021.23 823.88 1016.48 825.94 1012.28 medium_vehicle
813.79 976.21 819.43 977.02 816.98 994.07 811.34 993.26 large_vehicle
