191.5 348.01 198.36 347.98 198.43 362.58 191.57 362.61 large_vehicle
711.35 329.87 752.03 331.36 750.09 384.22 709.41 382.73 large_aircraft
190.95 186.99 198.58 186.95 198.67 202.87 191.04 202.91 heavy_equipment
190.33 374.14 196.73 374.25 196.46 389.93 190.06 389.82 large_vehicle
874.0 464.72 880.27 464.72 880.27 479.5 874.0 479.5 large_vehicle
235.47 343.57 237.55 338.7 250.39 344.18 248.31 349.05 large_vehicle
101.36 579.28 103.04 574.43 114.08 578.26 112.4 583.11 large_vehicle
166.99 646.02 169.44 640.51 180.61 645.48 178.16 650.99 large_vehicle
234.17 278.88 241.18 278.19 242.8 294.65 235.79 295.34 large_vehicle
100.95 872.78 105.94 872.05 107.6 883.26 102.61 883.99 medium_vehicle
82.21 556.78 84.34 552.77 92.52 557.11 90.39 561.12 medium_vehicle
753.3 1072.59 764.4 1072.59 764.4 1091.69 753.3 1091.69 small_aircraft
167.62 620.71 173.8 620.71 173.8 634.4 167.62 634.4 large_vehicle
231.76 230.61 238.04 230.58 238.11 245.58 231.83 245.61 heavy_equipment
180.6 778.7 189.63 780.47 188.65 785.5 179.62 783.73 heavy_equipment
762.43 1244.84 769.77 1244.75 770.04 1266.52 762.7 1266.61 bus
881.7 549.94 887.15 549.94 887.15 561.3 881.7 561.3 medium_vehicle
850.92 458.25 857.41 457.97 858.07 473.15 851.58 473.43 large_vehicle
1060.7 1181.23 1067.14 1181.73 1065.8 1199.15 1059.36 1198.65 bus
895.96 23.45 901.89 26.41 894.87 40.49 888.94 37.53 heavy_equipment
247.11 612.76 252.46 609.45 258.93 619.93 253.58 623.24 heavy_equipment
185.16 190.91 191.86 190.88 191.93 203.38 185.23 203.41 heavy_equipment
259.55 550.21 265.05 550.18 265.14 566.48 259.64 566.51 heavy_equipment
226.65 228.16 232.83 228.13 232.92 243.68 226.74 243.71 heavy_equipment
210.0 788.64 210.52 784.03 221.14 785.24 220.62 789.85 medium_vehicle
67.32 705.03 72.33 704.96 72.48 714.48 67.47 714.55 medium_vehicle
178.74 744.27 181.75 738.63 194.5 745.44 191.49 751.08 large_vehicle
123.08 101.59 127.16 101.56 127.21 110.38 123.13 110.41 medium_vehicle
90.0 559.96 93.98 552.79 119.93 567.23 115.95 574.4 heavy_equipment
705.68 195.37 745.09 196.81 743.18 248.83 703.77 247.39 large_aircraft
769.26 979.18 779.71 985.83 772.01 997.92 761.56 991.27 small_aircraft
248.17 557.83 254.64 558.7 252.57 574.16 246.1 573.29 large_vehicle
708.15 267.88 748.83 269.37 746.87 322.94 706.19 321.45 large_aircraft
707.05 1247.83 736.85 1215.2 776.17 1251.1 746.37 1283.73 large_aircraft
225.5 805.87 232.27 805.87 232.27 820.2 225.5 820.2 large_vehicle
784.28 856.1 794.2 856.1 794.2 876.8 784.28 876.8 small_aircraft
219.95 521.21 222.67 516.99 230.96 522.33 228.24 526.55 medium_vehicle
246.87 704.17 245.92 700.18 253.38 698.4 254.33 702.39 medium_vehicle
227.29 512.7 235.57 516.3 233.68 520.65 225.4 517.05 heavy_equipment
1059.52 41.35 1062.96 44.41 1057.14 50.97 1053.7 47.91 medium_vehicle
721.1 834.5 736.2 834.5 736.2 859.0 721.1 859.0 small_aircraft
236.91 230.27 243.06 230.24 243.13 245.18 236.98 245.21 heavy_equipment
153.88 91.02 154.51 86.05 165.54 87.45 164.91 92.42 heavy_equipment
98.35 214.01 101.32 208.44 114.43 215.45 111.46 221.02 large_vehicle
857.5 459.0 864.2 459.0 864.2 475.1 857.5 475.1 large_vehicle
224.44 274.37 229.21 274.38 229.18 285.2 224.41 285.19 medium_vehicle
130.75 105.24 135.16 105.21 135.23 117.38 130.82 117.41 medium_vehicle
880.0 466.3 885.27 466.3 885.27 479.9 880.0 479.9 large_vehicle
1256.14 1108.19 1260.12 1105.09 1265.69 1112.24 1261.71 1115.34 medium_vehicle
864.9 460.52 871.37 460.52 871.37 476.6 864.9 476.6 large_vehicle
108.49 334.47 110.14 330.45 120.53 334.72 118.88 338.74 medium_vehicle
237.89 248.25 244.76 249.65 241.81 264.16 234.94 262.76 large_vehicle
219.46 239.13 228.43 240.16 226.66 255.41 217.69 254.38 heavy_equipment
197.29 309.42 202.67 310.84 198.84 325.35 193.46 323.93 large_vehicle
710.47 1014.24 737.32 976.74 777.98 1005.86 751.13 1043.36 large_aircraft
73.3 73.1 77.38 73.21 77.15 81.45 73.07 81.34 medium_vehicle
