1221.94 423.54 1229.28 404.73 1236.34 407.49 1229.0 426.3 large_vehicle
445.8 729.0 457.34 729.6 457.01 735.82 445.47 735.22 medium_vehicle
1059.83 237.72 1079.99 225.27 1084.31 232.27 1064.15 244.72 heavy_equipment
964.83 831.37 981.88 832.92 981.26 839.71 964.21 838.16 medium_vehicle
985.48 867.08 1001.37 868.52 1000.75 875.29 984.86 873.85 medium_vehicle
1012.44 839.59 1031.34 841.31 1030.73 848.08 1011.83 846.36 large_vehicle
7.4 262.78 25.79 261.82 26.21 269.89 7.82 270.85 large_vehicle
1121.18 877.51 1137.87 879.03 1137.25 885.8 1120.56 884.28 medium_vehicle
571.05 753.26 585.66 754.02 585.31 760.57 570.7 759.81 medium_vehicle
1001.12 788.85 1021.1 790.67 1020.44 797.95 1000.46 796.13 large_vehicle
1030.01 250.11 1036.72 246.96 1041.13 256.38 1034.42 259.53 heavy_equipment
949.91 234.17 950.46 219.83 956.13 220.05 955.58 234.39 heavy_equipment
1044.67 803.22 1057.19 803.88 1056.86 810.09 1044.34 809.43 medium_vehicle
1028.01 192.05 1033.85 185.86 1039.13 190.83 1033.29 197.02 heavy_equipment
965.82 859.15 985.59 859.32 985.53 866.12 965.76 865.95 large_vehicle
