333.33 977.24 331.8 879.7 448.27 877.87 449.8 975.41 large_aircraft
829.49 47.58 846.78 47.97 846.6 55.98 829.31 55.59 medium_vehicle
204.54 79.39 209.65 79.17 210.03 87.98 204.92 88.2 medium_vehicle
906.93 1106.63 906.52 1080.86 935.92 1080.4 936.33 1106.17 small_aircraft
1049.58 127.32 1064.69 127.29 1064.7 134.39 1049.59 134.42 heavy_equipment
996.73 134.21 1012.29 134.18 1012.3 141.68 996.74 141.71 heavy_equipment
919.4 148.41 925.3 148.46 925.17 165.97 919.27 165.92 medium_vehicle
907.33 1078.28 906.96 1055.19 924.82 1054.91 925.19 1078.0 small_aircraft
198.64 79.38 203.75 79.04 204.47 89.85 199.36 90.19 medium_vehicle
392.23 17.14 412.17 18.04 411.88 24.28 391.94 23.38 large_vehicle
1012.59 148.76 1030.57 161.82 1024.63 170.0 1006.65 156.94 heavy_equipment
-2.46 933.78 47.99 930.16 52.37 991.17 1.91 994.79 large_aircraft
192.73 81.03 197.23 80.73 197.95 91.54 193.45 91.84 medium_vehicle
187.51 83.19 192.39 82.86 192.89 90.34 188.01 90.67 medium_vehicle
300.84 170.6 315.05 170.37 315.16 177.38 300.95 177.61 medium_vehicle
925.55 147.17 931.46 147.22 931.35 162.96 925.44 162.91 medium_vehicle
931.69 143.67 937.6 143.72 937.47 161.36 931.56 161.31 medium_vehicle
794.8 1192.78 794.24 1157.12 833.73 1156.5 834.29 1192.16 small_aircraft
889.2 1005.71 888.83 982.02 917.12 981.57 917.49 1005.26 small_aircraft
1062.39 124.55 1080.1 125.57 1079.66 133.16 1061.95 132.14 medium_vehicle
191.82 101.68 196.71 101.71 196.64 111.08 191.75 111.05 medium_vehicle
592.38 900.71 592.2 889.23 611.27 888.93 611.45 900.41 small_aircraft
601.41 1050.36 600.87 1015.88 642.93 1015.22 643.47 1049.7 small_aircraft
210.4 80.1 215.42 79.88 215.79 88.28 210.77 88.5 medium_vehicle
909.85 1133.19 909.45 1107.68 939.13 1107.21 939.53 1132.72 small_aircraft
267.35 1221.21 253.58 1206.85 259.61 1201.07 273.38 1215.43 heavy_equipment
