1142.1 1050.74 1142.55 1064.97 1136.35 1065.16 1135.9 1050.93 medium_vessel
1163.34 994.56 1174.0 994.31 1174.11 998.87 1163.45 999.12 small_vessel
1053.38 1067.46 1053.38 1077.71 1047.97 1077.71 1047.97 1067.46 small_vessel
987.03 1097.07 997.81 1097.39 997.67 1101.95 986.89 1101.63 small_vessel
1193.86 1009.4 1210.32 1010.35 1210.02 1015.67 1193.56 1014.72 medium_vessel
1055.94 1110.87 1061.07 1110.92 1060.96 1122.08 1055.83 1122.03 medium_vehicle
42.77 1054.24 58.18 1054.15 58.21 1060.49 42.8 1060.58 medium_vehicle
1149.31 1050.93 1149.76 1065.16 1143.56 1065.35 1143.11 1051.12 medium_vessel
1059.94 1066.81 1059.6 1079.75 1055.15 1079.63 1055.49 1066.69 small_vessel
1108.34 1064.31 1108.34 1069.6 1095.98 1069.6 1095.98 1064.31 small_vessel
987.52 1092.2 998.29 1092.52 998.15 1097.08 987.38 1096.76 small_vessel
1131.79 1031.01 1146.51 1030.98 1146.52 1036.38 1131.8 1036.41 medium_vessel
1009.55 1072.87 1013.43 1081.28 1009.46 1083.11 1005.58 1074.7 small_vessel
704.31 1078.74 710.0 1079.12 709.15 1091.89 703.46 1091.51 medium_vehicle
1087.93 1052.02 1087.93 1062.27 1082.52 1062.27 1082.52 1052.02 small_vessel
1032.94 1067.81 1032.94 1080.39 1027.53 1080.39 1027.53 1067.81 small_vessel
1119.16 1053.53 1119.12 1063.14 1114.06 1063.12 1114.1 1053.51 small_vessel
1066.12 1032.62 1077.28 1031.82 1077.66 1037.09 1066.5 1037.89 small_vessel
688.73 1078.74 694.94 1078.94 694.53 1092.2 688.32 1092.0 medium_vehicle
1208.07 1004.04 1225.21 1003.65 1225.36 1010.05 1208.22 1010.44 medium_vessel
1024.17 1058.99 1024.18 1070.96 1019.06 1070.97 1019.06 1058.99 small_vessel
977.17 1208.1 983.1 1207.89 983.46 1218.17 977.53 1218.38 small_vessel
991.91 1081.4 1004.36 1081.77 1004.22 1086.58 991.77 1086.21 small_vessel
1204.73 998.42 1217.63 998.13 1217.74 1003.24 1204.84 1003.53 small_vessel
1092.48 1060.33 1090.73 1068.86 1086.15 1067.92 1087.9 1059.39 small_vessel
1163.1 998.85 1174.74 998.58 1174.85 1003.14 1163.21 1003.41 small_vessel
713.73 1079.05 719.03 1079.16 718.76 1091.97 713.46 1091.86 medium_vehicle
1079.49 1110.67 1084.18 1110.72 1084.05 1124.04 1079.36 1123.99 medium_vehicle
1226.31 984.42 1245.11 984.55 1245.08 990.07 1226.28 989.94 medium_vessel
20.39 1049.24 28.06 1057.24 24.36 1060.79 16.69 1052.79 medium_vehicle
1173.46 1014.74 1185.12 1009.77 1186.91 1013.96 1175.25 1018.93 small_vessel
1222.04 990.76 1242.91 990.43 1243.0 996.57 1222.13 996.9 medium_vessel
1063.68 1171.4 1075.18 1171.0 1075.38 1176.77 1063.88 1177.17 small_vessel
1092.79 1032.65 1110.55 1032.62 1110.56 1039.38 1092.8 1039.41 medium_vessel
1124.83 1050.71 1125.95 1064.12 1120.56 1064.57 1119.44 1051.16 small_vessel
987.94 1086.64 1003.2 1087.09 1003.03 1092.82 987.77 1092.37 medium_vessel
993.28 1075.95 1005.72 1076.32 1005.58 1081.13 993.14 1080.76 small_vessel
41.75 1046.34 55.78 1046.27 55.81 1053.35 41.78 1053.42 medium_vehicle
976.97 1119.73 981.66 1119.87 981.39 1128.7 976.7 1128.56 small_vessel
1134.08 1049.98 1134.42 1061.01 1129.88 1061.15 1129.54 1050.12 small_vessel
1187.95 1003.66 1203.89 1004.33 1203.67 1009.63 1187.73 1008.96 medium_vessel
48.73 1060.73 61.78 1060.66 61.81 1066.37 48.76 1066.44 medium_vehicle
1166.11 1005.57 1181.44 1005.22 1181.55 1009.97 1166.22 1010.32 medium_vessel
241.79 1265.42 259.58 1265.83 259.4 1273.84 241.61 1273.43 medium_vehicle
772.44 332.87 786.34 332.62 786.45 338.53 772.55 338.78 small_vessel
1228.22 1005.84 1243.11 1005.95 1243.08 1011.34 1228.19 1011.23 medium_vessel
