508.0 922.7 513.6 922.48 514.1 934.98 508.5 935.2 medium_vehicle
200.24 883.0 218.63 885.19 217.61 893.71 199.22 891.52 medium_vehicle
527.19 824.4 557.98 825.05 557.74 836.59 526.95 835.94 heavy_equipment
528.54 919.48 534.66 919.96 533.47 935.17 527.35 934.69 medium_vehicle
597.89 921.27 604.74 921.09 605.05 933.05 598.2 933.23 heavy_equipment
781.34 442.9 779.66 430.61 784.91 429.89 786.59 442.18 medium_vehicle
547.88 866.76 562.62 868.47 561.92 874.53 547.18 872.82 medium_vehicle
584.31 919.01 592.71 918.79 593.14 935.15 584.74 935.37 large_vehicle
571.57 918.2 579.98 917.98 580.41 934.34 572.0 934.56 heavy_equipment
510.92 904.15 516.44 905.09 513.53 922.12 508.01 921.18 medium_vehicle
330.44 829.84 348.7 832.93 347.27 841.39 329.01 838.3 heavy_equipment
150.21 799.86 170.88 798.99 171.19 806.25 150.52 807.12 large_vehicle
