595.85 253.86 615.21 258.36 613.43 266.0 594.07 261.5 heavy_equipment
482.33 267.09 493.09 277.78 488.41 282.5 477.65 271.81 medium_vehicle
556.51 455.47 570.42 454.5 570.95 462.04 557.04 463.01 heavy_equipment
574.39 412.71 576.44 394.48 582.3 395.14 580.25 413.37 large_vehicle
307.49 267.16 315.11 267.44 314.53 283.13 306.91 282.85 heavy_equipment
1221.87 1277.14 1244.92 1273.9 1245.78 1280.05 1222.73 1283.29 bus
621.42 487.79 624.0 477.2 629.27 478.49 626.69 489.08 heavy_equipment
89.07 878.17 106.56 875.81 107.67 883.98 90.18 886.34 medium_vehicle
528.56 419.54 546.19 427.65 540.92 439.11 523.29 431.0 heavy_equipment
332.0 778.6 350.58 778.53 350.63 791.26 332.05 791.33 heavy_equipment
