1084.02 107.82 1086.53 112.74 1070.39 121.0 1067.88 116.08 large_vehicle
1261.4 751.74 1270.41 764.18 1265.99 767.38 1256.98 754.94 double_trailer_truck
762.22 500.59 795.72 521.04 722.86 640.39 689.36 619.94 large_vessel
998.17 157.81 1007.35 134.97 1012.51 137.04 1003.33 159.88 large_vehicle
1004.82 182.39 1010.05 157.97 1015.06 159.04 1009.83 183.46 large_vehicle
752.9 614.4 771.21 625.32 728.33 697.25 710.02 686.33 large_vessel
1058.04 121.36 1060.55 126.28 1045.85 133.8 1043.34 128.88 large_vehicle
1256.13 768.06 1262.55 780.66 1256.88 783.56 1250.46 770.96 large_vehicle
981.16 218.11 996.12 214.6 997.35 219.86 982.39 223.37 large_vehicle
1042.12 205.83 1044.64 210.74 1028.43 219.03 1025.91 214.12 large_vehicle
1045.46 103.98 1048.01 109.99 1031.18 117.13 1028.63 111.12 large_vehicle
1266.73 334.5 1282.81 365.91 1167.84 424.74 1151.76 393.33 large_vessel
1022.11 80.05 1028.75 58.7 1034.44 60.48 1027.8 81.83 large_vehicle
1000.7 201.28 1005.8 201.28 1005.8 222.15 1000.7 222.15 large_vehicle
1070.06 193.56 1084.83 190.1 1086.26 196.23 1071.49 199.69 large_vehicle
1125.81 180.59 1158.08 243.65 1017.2 315.74 984.93 252.68 large_vessel
974.78 232.8 991.31 225.82 993.29 230.51 976.76 237.49 large_vehicle
1014.5 104.29 1020.25 84.11 1026.95 86.02 1021.2 106.2 large_vehicle
1254.19 694.73 1257.13 696.63 1253.18 702.72 1250.24 700.82 small_vessel
1205.58 478.06 1247.13 452.1 1312.51 556.73 1270.96 582.69 large_vessel
1024.47 214.58 1026.37 219.12 1011.98 225.14 1010.08 220.6 large_vehicle
980.07 240.12 992.67 228.41 996.34 232.37 983.74 244.08 large_vehicle
988.2 193.28 1002.68 189.48 1004.06 194.71 989.58 198.51 large_vehicle
1278.45 737.37 1279.62 758.84 1273.46 759.17 1272.29 737.7 double_trailer_truck
254.89 457.19 267.44 460.25 259.02 494.81 246.47 491.75 large_vessel
1227.31 288.89 1243.42 320.37 1121.11 382.96 1105.0 351.48 large_vessel
995.66 177.48 1002.17 154.64 1008.54 156.45 1002.03 179.29 large_vehicle
986.53 211.08 999.83 207.96 1000.96 212.74 987.66 215.86 large_vehicle
1005.81 152.93 1013.05 127.5 1019.2 129.25 1011.96 154.68 large_vehicle
1004.07 135.56 1014.09 116.78 1019.03 119.41 1009.01 138.19 large_vehicle
979.32 224.4 994.57 220.83 995.61 225.24 980.36 228.81 large_vehicle
1074.45 94.93 1076.96 99.85 1061.86 107.58 1059.35 102.66 large_vehicle
1261.65 0.95 1264.37 6.27 1252.97 12.1 1250.25 6.78 container
1119.01 815.82 1126.59 819.02 1117.57 840.36 1109.99 837.16 medium_vessel
1151.49 820.04 1156.25 819.54 1157.21 828.72 1152.45 829.22 medium_vessel
