466.93 891.66 487.09 899.48 484.46 906.27 464.3 898.45 pylon
725.69 803.07 746.37 811.09 743.52 818.43 722.84 810.41 pylon
345.4 994.8 370.84 1004.67 368.04 1011.91 342.6 1002.04 pylon
634.37 601.52 655.57 608.04 653.48 614.85 632.28 608.33 pylon
632.94 617.53 654.14 624.05 652.05 630.87 630.85 624.35 pylon
831.86 330.36 853.43 338.72 850.58 346.06 829.01 337.7 pylon
601.95 1000.55 625.47 1009.68 623.03 1015.98 599.51 1006.85 pylon
675.35 764.14 701.64 774.33 699.5 779.85 673.21 769.66 pylon
188.11 1013.9 205.75 1020.74 203.12 1027.53 185.48 1020.69 pylon
723.73 703.6 750.3 713.9 747.99 719.86 721.42 709.56 pylon
837.26 404.8 857.94 412.82 855.09 420.16 834.41 412.14 pylon
558.22 764.47 581.01 773.3 578.87 778.81 556.08 769.98 pylon
444.55 895.03 462.19 901.87 459.56 908.66 441.92 901.82 pylon
345.26 975.54 364.24 982.9 361.43 990.13 342.45 982.77 pylon
58.47 1011.58 76.11 1018.42 73.48 1025.21 55.84 1018.37 pylon
633.55 993.73 659.57 1003.82 656.77 1011.06 630.75 1000.97 pylon
554.4 730.08 579.88 739.97 577.52 746.05 552.04 736.16 pylon
