647.99 153.28 652.1 153.37 651.91 162.52 647.8 162.43 medium_vehicle
117.84 649.73 154.32 664.47 147.48 681.41 111.0 666.67 pylon
409.29 426.05 445.77 440.79 439.87 455.38 403.39 440.64 pylon
687.91 110.07 684.32 120.32 680.08 118.83 683.67 108.58 medium_vehicle
644.78 154.9 648.89 154.99 648.7 164.14 644.59 164.05 medium_vehicle
658.98 144.79 663.33 144.78 663.36 153.08 659.01 153.09 medium_vehicle
106.49 954.17 151.13 972.21 147.27 981.78 102.63 963.74 pylon
46.52 70.02 36.51 74.96 34.25 70.4 44.26 65.46 large_vehicle
638.4 169.37 641.27 172.73 635.56 177.61 632.69 174.25 medium_vehicle
687.33 144.33 681.5 148.92 679.38 146.22 685.21 141.63 medium_vehicle
674.99 132.51 678.87 132.59 678.7 141.13 674.82 141.05 medium_vehicle
6.51 801.42 14.63 813.87 9.96 816.92 1.84 804.47 large_vehicle
688.73 140.85 681.7 146.39 679.53 143.63 686.56 138.09 medium_vehicle
669.77 163.71 674.02 163.8 673.85 172.1 669.6 172.01 medium_vehicle
667.19 140.98 671.3 141.07 671.11 150.22 667.0 150.13 medium_vehicle
686.63 149.13 679.7 154.58 677.22 151.44 684.15 145.99 medium_vehicle
39.36 525.39 78.3 541.12 73.85 552.13 34.91 536.4 pylon
808.8 32.51 843.77 43.27 841.14 51.82 806.17 41.06 pylon
687.9 137.61 681.12 142.49 679.12 139.72 685.9 134.84 medium_vehicle
33.79 105.41 33.58 119.35 28.98 119.28 29.19 105.34 large_vehicle
444.73 338.78 480.66 353.29 473.75 370.39 437.82 355.88 pylon
