113.08 546.44 112.93 542.5 125.95 542.0 126.1 545.94 large_vehicle
114.66 585.48 117.75 582.6 122.97 588.22 119.88 591.1 medium_vehicle
113.13 482.17 116.89 482.26 116.59 494.54 112.83 494.45 medium_vehicle
518.44 85.84 540.78 93.75 538.79 99.37 516.45 91.46 pylon
116.26 480.25 120.03 480.26 119.96 491.9 116.19 491.89 medium_vehicle
114.26 990.93 118.07 994.7 108.49 1004.37 104.68 1000.6 large_vehicle
461.44 377.19 483.78 385.1 481.79 390.73 459.45 382.82 pylon
508.38 31.43 530.72 39.34 528.73 44.96 506.39 37.05 pylon
72.34 1051.78 77.22 1052.84 71.28 1080.29 66.4 1079.23 double_trailer_truck
354.33 779.84 375.95 787.49 373.96 793.11 352.34 785.46 pylon
67.64 1060.18 72.52 1061.24 66.58 1088.69 61.7 1087.63 double_trailer_truck
412.55 436.6 434.17 444.25 432.18 449.87 410.56 442.22 pylon
27.73 1171.77 31.99 1172.92 26.43 1193.38 22.17 1192.23 container
31.06 1170.79 35.32 1171.95 30.34 1190.28 26.08 1189.12 container
87.96 912.81 92.95 914.58 85.32 936.01 80.33 934.24 large_vehicle
136.95 979.53 140.88 983.74 124.04 999.44 120.11 995.23 double_trailer_truck
218.64 271.87 224.18 273.58 216.97 297.04 211.43 295.33 large_vehicle
368.26 1204.89 377.44 1204.7 377.51 1208.05 368.33 1208.24 medium_vehicle
267.01 1164.76 288.63 1172.41 286.64 1178.03 265.02 1170.38 pylon
67.14 1079.38 72.02 1080.44 66.27 1107.03 61.39 1105.97 double_trailer_truck
77.4 1023.68 82.29 1024.74 76.35 1052.19 71.46 1051.13 double_trailer_truck
408.15 365.56 430.5 373.47 428.51 379.09 406.16 371.18 pylon
240.56 1076.0 262.18 1083.65 260.19 1089.27 238.57 1081.62 pylon
314.75 749.78 337.08 757.69 335.09 763.31 312.76 755.4 pylon
356.73 1235.93 365.97 1236.95 365.56 1240.69 356.32 1239.67 medium_vehicle
117.04 580.77 120.08 577.96 125.99 584.32 122.95 587.13 medium_vehicle
333.26 792.13 353.0 798.2 351.32 803.66 331.58 797.59 pylon
358.66 1231.44 367.25 1231.71 367.13 1235.48 358.54 1235.21 medium_vehicle
105.17 982.45 108.22 986.86 91.04 998.76 87.99 994.35 double_trailer_truck
246.19 1157.54 267.81 1165.19 265.82 1170.81 244.2 1163.16 pylon
