719.96 740.07 725.69 739.63 727.03 757.45 721.3 757.89 large_vehicle
1067.01 242.82 1113.06 261.7 1110.07 268.99 1064.02 250.11 pylon
735.7 1015.87 742.73 1016.64 740.16 1039.87 733.13 1039.1 large_vehicle
678.78 963.89 680.94 969.18 665.77 975.37 663.61 970.08 large_vehicle
678.09 1141.99 675.06 1137.6 690.34 1127.06 693.37 1131.45 large_vehicle
729.32 1086.97 735.08 1087.89 731.12 1112.64 725.36 1111.72 double_trailer_truck
715.22 1078.95 719.36 1079.53 717.09 1095.63 712.95 1095.05 container
638.9 1072.93 636.29 1069.14 650.35 1059.43 652.96 1063.22 container
643.76 1127.04 648.66 1128.04 644.94 1146.33 640.04 1145.33 container
649.66 1068.57 655.37 1069.52 651.54 1092.4 645.83 1091.45 large_vehicle
755.42 911.43 762.79 912.82 758.27 936.73 750.9 935.34 large_vehicle
709.21 1078.35 713.8 1079.08 712.07 1090.0 707.48 1089.27 container
707.09 744.89 711.38 747.56 699.42 766.78 695.13 764.11 large_vehicle
716.03 1075.21 721.09 1075.6 719.68 1093.89 714.62 1093.5 container
674.32 985.27 680.68 986.12 677.97 1006.45 671.61 1005.6 large_vehicle
562.72 1254.96 564.93 1259.82 555.05 1264.3 552.84 1259.44 medium_vehicle
917.03 735.59 938.16 744.26 935.7 750.25 914.57 741.58 pylon
728.96 917.35 755.16 928.1 752.23 935.24 726.03 924.49 pylon
601.54 1262.86 606.29 1263.93 603.05 1278.31 598.3 1277.24 medium_vehicle
643.96 1135.5 648.87 1136.5 645.16 1154.78 640.25 1153.78 container
713.59 749.54 718.95 751.67 710.59 772.67 705.23 770.54 large_vehicle
679.1 1146.28 676.6 1142.65 691.72 1132.22 694.22 1135.85 large_vehicle
639.31 1031.15 669.34 1043.46 666.41 1050.6 636.38 1038.29 pylon
867.95 155.93 874.1 156.13 873.41 177.07 867.26 176.87 large_vehicle
888.05 725.76 908.05 733.96 905.6 739.94 885.6 731.74 pylon
535.1 1257.26 539.94 1258.11 538.37 1267.03 533.53 1266.18 medium_vehicle
708.24 720.72 713.32 724.97 698.12 743.15 693.04 738.9 large_vehicle
629.06 986.15 685.85 1009.44 681.29 1020.57 624.5 997.28 pylon
563.23 1241.31 568.13 1241.93 566.42 1255.33 561.52 1254.71 medium_vehicle
661.03 1060.26 666.75 1061.22 662.58 1086.09 656.86 1085.13 large_vehicle
640.47 1067.79 637.5 1063.49 650.85 1054.27 653.82 1058.57 container
756.52 435.75 758.95 438.6 753.23 443.47 750.8 440.62 heavy_equipment
706.06 739.64 711.4 742.97 698.88 763.09 693.54 759.76 large_vehicle
860.07 434.49 903.58 452.34 896.85 468.74 853.34 450.89 pylon
667.58 976.48 672.95 976.74 671.99 996.49 666.62 996.23 large_vehicle
722.48 992.61 728.96 992.58 729.03 1014.98 722.55 1015.01 large_vehicle
709.47 748.54 714.01 751.66 701.21 770.29 696.67 767.17 large_vehicle
658.84 1060.46 663.88 1061.3 660.14 1083.66 655.1 1082.82 large_vehicle
798.25 136.25 802.63 140.03 795.44 148.37 791.06 144.59 heavy_equipment
738.2 954.5 744.5 954.73 743.7 976.62 737.4 976.39 large_vehicle
743.67 948.92 749.25 949.31 747.72 971.16 742.14 970.77 large_vehicle
717.41 744.99 723.13 744.56 724.52 762.97 718.8 763.4 large_vehicle
629.42 862.52 671.96 879.97 669.03 887.11 626.49 869.66 pylon
557.89 1270.65 562.31 1271.22 561.05 1281.03 556.63 1280.46 medium_vehicle
896.66 260.33 901.74 264.13 893.13 275.63 888.05 271.83 medium_vehicle
642.63 1056.94 639.66 1052.64 653.02 1043.42 655.99 1047.72 container
646.44 1019.73 644.14 1015.35 657.6 1008.28 659.9 1012.66 container
669.02 1004.66 674.97 1005.66 671.25 1027.9 665.3 1026.9 large_vehicle
663.3 1157.72 659.7 1152.49 674.82 1142.06 678.42 1147.29 large_vehicle
757.13 668.61 761.59 672.2 747.77 689.4 743.31 685.81 large_vehicle
733.03 1115.63 739.69 1116.7 736.11 1139.03 729.45 1137.96 large_vehicle
1033.71 116.58 1082.56 134.65 1080.1 141.3 1031.25 123.23 pylon
712.64 1078.92 716.77 1079.57 713.73 1098.79 709.6 1098.14 container
714.51 746.64 720.58 746.55 720.95 769.71 714.88 769.8 large_vehicle
649.55 1132.08 654.46 1133.08 650.75 1151.36 645.84 1150.36 container
758.58 444.42 759.59 448.11 751.96 450.2 750.95 446.51 medium_vehicle
737.32 932.45 744.25 933.48 741.28 953.31 734.35 952.28 container
723.88 1049.64 729.46 1050.12 727.71 1070.64 722.13 1070.16 large_vehicle
646.53 1048.84 643.76 1044.4 655.99 1036.78 658.76 1041.22 container
720.92 737.91 726.56 736.84 729.91 754.4 724.27 755.47 large_vehicle
663.7 977.78 669.37 978.5 666.38 1002.17 660.71 1001.45 large_vehicle
904.38 734.63 924.26 742.78 921.8 748.77 901.92 740.62 pylon
556.76 1248.43 558.63 1252.94 549.23 1256.83 547.36 1252.32 medium_vehicle
766.44 39.04 772.22 39.04 772.22 52.71 766.44 52.71 heavy_equipment
637.65 1077.82 635.04 1074.03 649.1 1064.32 651.71 1068.11 container
764.52 424.93 768.98 426.15 766.71 434.42 762.25 433.2 medium_vehicle
642.78 1061.48 639.86 1057.24 653.22 1048.02 656.14 1052.26 container
732.94 974.58 759.14 985.33 756.21 992.47 730.01 981.72 pylon
608.21 1260.1 613.54 1260.98 611.19 1275.33 605.86 1274.45 medium_vehicle
