921.47 1187.44 950.48 1198.64 946.55 1208.82 917.54 1197.62 pylon
588.41 1047.4 640.38 1067.46 634.53 1082.63 582.56 1062.57 pylon
338.31 948.32 369.27 961.98 365.5 970.52 334.54 956.86 pylon
753.66 1198.32 794.07 1213.92 789.73 1225.16 749.32 1209.56 pylon
394.18 972.82 449.68 994.23 445.38 1005.36 389.88 983.95 pylon
343.64 463.43 384.72 480.62 377.74 497.32 336.66 480.13 pylon
296.37 1012.36 325.91 1025.39 319.97 1038.86 290.43 1025.83 pylon
878.61 1248.14 907.62 1259.34 903.7 1269.51 874.69 1258.31 pylon
387.21 1050.34 442.71 1071.76 438.71 1082.13 383.21 1060.71 pylon
444.62 1050.47 450.97 1052.06 446.3 1070.66 439.95 1069.07 large_vehicle
787.89 1133.73 827.96 1149.19 824.03 1159.36 783.96 1143.9 pylon
585.07 1128.45 630.62 1146.02 624.92 1160.81 579.37 1143.24 pylon
691.71 62.01 695.5 62.74 694.02 70.48 690.23 69.75 medium_vehicle
667.8 128.89 672.95 129.87 669.17 149.69 664.02 148.71 double_trailer_truck
564.57 480.55 569.76 481.39 567.83 493.31 562.64 492.47 container
