686.24 660.27 686.32 653.88 689.28 653.92 689.2 660.31 medium_vehicle
60.72 374.85 73.11 375.35 72.89 381.04 60.5 380.54 bus
274.25 422.64 285.87 420.99 286.52 425.54 274.9 427.19 bus
246.85 393.54 259.6 392.2 260.26 398.54 247.51 399.88 bus
416.73 392.0 410.52 380.56 414.97 378.14 421.18 389.58 bus
270.93 418.28 283.51 416.83 284.12 422.1 271.54 423.55 bus
435.56 385.12 421.46 377.17 424.14 372.41 438.24 380.36 bus
355.33 551.05 362.35 544.41 366.04 548.31 359.02 554.95 bus
208.79 389.88 198.87 394.03 196.97 389.47 206.89 385.32 bus
686.12 296.41 701.45 302.98 698.87 309.01 683.54 302.44 bus
689.5 660.88 689.41 653.91 693.26 653.86 693.35 660.83 medium_vehicle
455.24 350.46 456.61 338.44 460.87 338.92 459.5 350.94 bus
77.29 186.22 63.14 181.84 64.85 176.33 79.0 180.71 bus
171.06 394.84 160.28 397.87 158.69 392.2 169.47 389.17 bus
152.4 365.23 157.89 373.56 154.78 375.61 149.29 367.28 bus
234.8 459.11 225.51 450.29 228.02 447.65 237.31 456.47 bus
967.9 471.93 974.84 475.92 972.3 480.33 965.36 476.34 bus
283.59 430.92 295.75 429.16 296.45 433.99 284.29 435.75 bus
106.34 378.28 119.93 378.71 119.79 383.12 106.2 382.69 bus
76.07 366.5 89.38 366.85 89.23 372.67 75.92 372.32 bus
632.16 273.7 649.0 279.46 646.63 286.38 629.79 280.62 bus
289.99 258.1 278.94 246.45 282.84 242.76 293.89 254.41 bus
133.41 374.01 135.93 365.77 140.36 367.12 137.84 375.36 bus
250.4 397.47 262.26 396.23 262.88 402.14 251.02 403.38 bus
267.0 417.76 277.82 427.74 274.87 430.95 264.05 420.97 bus
314.09 288.56 312.63 299.44 308.28 298.86 309.74 287.98 bus
211.23 435.82 199.79 425.45 202.7 422.23 214.14 432.6 bus
123.02 385.98 116.14 385.93 116.15 383.65 123.03 383.7 medium_vehicle
289.36 412.92 297.23 411.58 298.31 417.87 290.44 419.21 bus
776.15 705.86 783.1 709.86 780.56 714.28 773.61 710.28 medium_vehicle
245.99 469.33 234.96 458.86 237.47 456.22 248.5 466.69 bus
196.02 393.48 186.1 397.63 184.2 393.07 194.12 388.92 bus
666.75 650.95 666.82 644.56 670.55 644.61 670.48 651.0 medium_vehicle
105.94 384.86 99.06 384.81 99.09 380.9 105.97 380.95 medium_vehicle
662.04 285.42 677.36 291.98 674.76 298.03 659.44 291.47 bus
435.24 388.48 421.79 380.9 423.19 378.41 436.64 385.99 bus
406.77 233.38 400.55 233.59 400.41 229.34 406.63 229.13 medium_vehicle
278.39 425.3 289.94 423.3 290.77 428.11 279.22 430.11 bus
73.81 374.51 87.38 375.29 87.02 381.56 73.45 380.78 bus
270.58 395.28 282.38 393.26 283.46 399.54 271.66 401.56 bus
227.92 586.03 235.57 588.41 234.06 593.28 226.41 590.9 medium_vehicle
154.51 374.96 145.25 378.66 143.21 373.56 152.47 369.86 bus
702.23 652.56 710.64 657.8 707.95 662.12 699.54 656.88 medium_vehicle
265.82 412.45 278.34 410.55 279.31 416.96 266.79 418.86 bus
468.12 317.18 468.9 310.33 472.51 310.74 471.73 317.59 medium_vehicle
350.86 235.59 341.87 240.03 339.28 234.8 348.27 230.36 bus
135.27 367.02 132.27 357.26 136.7 355.9 139.7 365.66 bus
163.45 374.33 155.31 380.33 152.05 375.91 160.19 369.91 bus
283.03 220.67 277.99 224.32 275.27 220.56 280.31 216.91 medium_vehicle
427.14 396.94 420.46 393.17 422.58 389.4 429.26 393.17 bus
133.92 386.88 127.04 386.83 127.05 384.55 133.93 384.6 medium_vehicle
258.6 404.89 271.19 403.57 271.87 410.03 259.28 411.35 bus
367.19 320.04 359.25 315.64 361.47 311.63 369.41 316.03 medium_vehicle
136.27 377.66 147.08 376.31 147.84 382.42 137.03 383.77 bus
254.27 400.37 266.86 399.05 267.48 405.02 254.89 406.34 bus
326.55 448.28 318.63 448.68 318.41 444.3 326.33 443.9 bus
245.15 212.54 232.49 202.32 236.41 197.46 249.07 207.68 bus
299.03 305.53 288.65 311.14 285.64 305.56 296.02 299.95 bus
662.48 648.77 662.56 642.38 666.28 642.42 666.2 648.81 medium_vehicle
222.7 447.11 211.5 436.48 214.49 433.34 225.69 443.97 bus
147.4 383.5 144.92 388.38 141.97 386.88 144.45 382.0 medium_vehicle
526.07 347.26 528.01 335.3 532.23 335.98 530.29 347.94 bus
130.54 364.56 126.17 355.32 130.35 353.34 134.72 362.58 bus
187.62 412.71 176.78 401.72 181.33 397.23 192.17 408.22 bus
120.68 367.85 124.54 373.23 121.77 375.21 117.91 369.83 medium_vehicle
198.56 423.98 187.45 413.26 190.79 409.81 201.9 420.53 bus
142.14 365.05 137.18 356.11 141.23 353.87 146.19 362.81 bus
204.17 400.42 193.0 402.29 192.08 396.82 203.25 394.95 bus
742.07 309.6 755.45 317.3 752.49 322.45 739.11 314.75 bus
274.03 308.39 260.23 307.24 260.71 301.5 274.51 302.65 bus
255.38 403.71 266.93 414.36 262.6 419.05 251.05 408.4 bus
286.84 434.02 298.07 444.39 293.73 449.1 282.5 438.73 bus
148.64 356.69 153.74 365.55 149.73 367.85 144.63 358.99 bus
592.27 309.88 606.74 317.42 604.33 322.06 589.86 314.52 bus
120.68 377.17 128.44 370.93 132.33 375.77 124.57 382.01 bus
114.02 385.16 107.14 385.11 107.15 382.83 114.03 382.88 medium_vehicle
265.88 392.63 277.67 390.61 278.45 395.19 266.66 397.21 bus
541.49 676.18 556.3 682.84 553.72 688.57 538.91 681.91 bus
156.11 532.65 162.64 533.37 162.13 537.95 155.6 537.23 medium_vehicle
147.59 363.43 147.72 373.65 143.54 373.7 143.41 363.48 bus
89.58 375.44 103.15 376.22 102.79 382.49 89.22 381.71 bus
157.63 359.04 161.07 369.22 156.21 370.86 152.77 360.68 bus
964.8 464.42 971.74 468.41 969.2 472.82 962.26 468.83 bus
273.12 425.26 283.93 435.23 279.84 439.66 269.03 429.69 bus
73.09 234.32 58.89 228.72 60.95 223.49 75.15 229.09 bus
279.65 239.43 266.06 230.5 269.49 225.27 283.08 234.2 bus
105.94 374.22 119.0 374.81 118.73 380.71 105.67 380.12 bus
242.78 393.21 254.32 403.86 250.27 408.25 238.73 397.6 bus
505.95 67.75 502.76 79.24 498.11 77.95 501.3 66.46 bus
122.12 310.63 116.7 305.1 119.69 302.18 125.11 307.71 medium_vehicle
281.34 427.67 293.59 426.64 294.0 431.5 281.75 432.53 bus
207.43 372.83 199.38 380.1 195.67 376.0 203.72 368.73 bus
290.33 466.53 277.55 467.45 277.27 463.51 290.05 462.59 bus
120.58 378.97 134.87 379.42 134.71 384.38 120.42 383.93 bus
128.57 372.18 131.1 363.93 135.53 365.28 133.0 373.53 bus
263.65 388.95 271.67 387.58 272.46 392.18 264.44 393.55 bus
