924.12 1146.32 931.98 1150.46 921.37 1170.58 913.51 1166.44 medium_vessel
834.22 1232.93 841.86 1236.96 832.17 1255.35 824.53 1251.32 medium_vessel
938.5 1149.73 944.75 1153.46 935.65 1168.72 929.4 1164.99 medium_vessel
1009.21 972.95 1012.98 972.53 1013.87 980.36 1010.1 980.78 medium_vehicle
864.0 1230.54 870.92 1233.44 863.5 1251.18 856.58 1248.28 medium_vessel
908.35 1147.49 916.59 1151.84 905.84 1172.22 897.6 1167.87 medium_vessel
1010.61 965.94 1014.61 965.49 1015.36 972.06 1011.36 972.51 medium_vehicle
829.56 1151.53 839.01 1156.04 827.1 1180.99 817.65 1176.48 large_vessel
881.77 1174.82 890.17 1179.11 878.15 1202.6 869.75 1198.31 large_vessel
702.15 1216.72 731.15 1217.07 731.04 1226.67 702.04 1226.32 large_vessel
856.72 1135.37 869.76 1140.75 854.94 1176.72 841.9 1171.34 large_vessel
846.85 1253.83 851.2 1256.43 843.49 1269.36 839.14 1266.76 medium_vessel
829.98 1254.86 835.04 1257.52 827.31 1272.17 822.25 1269.51 medium_vessel
854.14 1252.27 859.51 1255.5 851.27 1269.21 845.9 1265.98 medium_vessel
709.29 1194.49 743.33 1194.9 743.16 1208.8 709.12 1208.39 large_vessel
874.48 1232.24 879.81 1234.78 872.41 1250.29 867.08 1247.75 medium_vessel
850.15 1235.75 855.49 1238.56 847.63 1253.48 842.29 1250.67 medium_vessel
841.82 1253.76 846.19 1256.07 839.49 1268.78 835.12 1266.47 medium_vessel
826.2 1178.9 835.46 1184.35 822.92 1205.64 813.66 1200.19 large_vessel
749.34 1159.52 753.73 1161.84 747.78 1173.13 743.39 1170.81 medium_vessel
900.62 1172.84 909.39 1177.53 896.28 1202.08 887.51 1197.39 large_vessel
845.01 1232.65 850.95 1235.57 841.92 1253.93 835.98 1251.01 medium_vessel
1011.59 955.7 1015.51 955.5 1015.82 961.59 1011.9 961.79 medium_vehicle
888.02 1229.17 893.05 1233.02 881.75 1247.8 876.72 1243.95 medium_vessel
717.38 1181.62 746.53 1179.17 747.46 1190.33 718.31 1192.78 large_vessel
824.61 1255.33 828.79 1257.53 821.64 1271.1 817.46 1268.9 medium_vessel
911.38 1173.04 918.68 1177.34 906.44 1198.12 899.14 1193.82 large_vessel
