272.78 321.99 297.73 321.21 298.15 334.63 273.2 335.41 small_aircraft
326.05 405.81 351.85 405.0 352.31 419.78 326.51 420.59 small_aircraft
618.25 617.82 631.82 638.4 620.71 645.73 607.14 625.15 small_aircraft
224.37 249.26 249.08 248.48 249.49 261.56 224.78 262.34 small_aircraft
792.61 291.61 817.67 298.98 814.49 309.79 789.43 302.42 small_aircraft
678.33 382.08 691.91 405.99 679.95 412.78 666.37 388.87 small_aircraft
362.23 474.21 388.36 473.39 388.76 486.24 362.63 487.06 small_aircraft
162.24 481.89 180.37 480.84 181.05 492.75 162.92 493.8 small_aircraft
61.13 200.41 74.17 187.77 82.74 196.62 69.7 209.26 small_aircraft
901.87 611.12 923.48 612.14 922.89 624.76 901.28 623.74 small_aircraft
