636.99 458.54 663.74 470.34 658.6 481.98 631.85 470.18 small_aircraft
926.66 300.56 944.47 320.84 934.9 329.25 917.09 308.97 small_aircraft
602.18 45.66 619.36 62.49 611.76 70.25 594.58 53.42 small_aircraft
734.58 114.69 759.9 125.86 754.98 137.02 729.66 125.85 small_aircraft
973.75 950.72 997.3 963.5 991.5 974.17 967.95 961.39 small_aircraft
801.39 915.12 825.97 923.3 820.46 939.85 795.88 931.67 small_aircraft
1100.09 944.17 1124.61 947.61 1122.98 959.22 1098.46 955.78 small_aircraft
1254.95 1013.95 1271.53 1021.26 1266.86 1031.84 1250.28 1024.53 small_aircraft
580.71 863.53 593.62 863.89 593.42 871.11 580.51 870.75 small_aircraft
946.2 578.93 968.15 596.9 960.25 606.55 938.3 588.58 small_aircraft
563.16 859.17 587.68 869.99 582.79 881.1 558.27 870.28 small_aircraft
