1139.55 32.26 1138.59 28.65 1144.71 27.01 1145.67 30.62 small_vessel
1154.93 121.58 1154.05 118.28 1160.86 116.46 1161.74 119.76 small_vessel
1119.13 65.97 1120.41 62.85 1127.11 65.61 1125.83 68.73 small_vessel
127.99 143.72 131.74 143.72 131.74 152.19 127.99 152.19 small_vessel
1137.05 24.87 1136.18 21.62 1141.73 20.13 1142.6 23.38 small_vessel
1056.61 10.8 1059.49 8.38 1065.22 15.21 1062.34 17.63 small_vessel
1120.02 61.66 1121.92 58.56 1128.1 62.33 1126.2 65.43 small_vessel
1098.98 32.74 1098.76 29.1 1107.9 28.54 1108.12 32.18 small_vessel
1155.58 126.8 1154.67 123.4 1161.61 121.54 1162.52 124.94 small_vessel
1141.65 117.97 1141.52 113.78 1149.29 113.55 1149.42 117.74 small_vessel
1099.23 37.81 1099.18 34.79 1107.72 34.68 1107.77 37.7 small_vessel
1131.26 79.6 1133.13 76.53 1138.72 79.94 1136.85 83.01 small_vessel
1107.16 49.0 1107.06 45.83 1113.39 45.63 1113.49 48.8 small_vessel
1182.4 134.51 1179.7 134.5 1179.71 128.46 1182.41 128.47 small_vessel
