698.64 19.95 713.67 14.48 722.16 37.79 707.13 43.26 small_aircraft
916.93 749.34 952.2 737.6 968.67 787.13 933.4 798.87 large_aircraft
624.08 50.45 636.2 46.34 643.23 67.1 631.11 71.21 small_aircraft
177.32 812.13 182.28 824.73 177.37 826.66 172.41 814.06 medium_vehicle
207.7 842.52 210.9 854.56 205.69 855.94 202.49 843.9 medium_vehicle
1249.09 967.61 1259.13 964.79 1260.39 969.31 1250.35 972.13 medium_vehicle
458.0 907.77 462.61 907.65 462.98 921.94 458.37 922.06 heavy_equipment
1269.31 962.31 1279.4 958.79 1280.77 962.73 1270.68 966.25 medium_vehicle
552.63 1039.26 553.74 1044.76 542.21 1047.08 541.1 1041.58 medium_vehicle
358.45 962.57 362.92 961.08 366.41 971.59 361.94 973.08 medium_vehicle
688.48 30.55 699.73 27.26 703.63 40.57 692.38 43.86 small_aircraft
1244.73 1174.69 1250.1 1172.46 1255.09 1184.44 1249.72 1186.67 medium_vehicle
131.67 154.49 131.55 148.57 143.58 148.31 143.7 154.23 medium_vehicle
889.84 681.55 931.68 667.63 949.76 721.96 907.92 735.88 large_aircraft
451.87 908.16 457.28 907.73 458.4 921.96 452.99 922.39 heavy_equipment
661.38 1251.73 667.08 1249.32 675.02 1268.12 669.32 1270.53 heavy_equipment
1070.2 730.86 1082.03 726.9 1083.63 731.67 1071.8 735.63 large_vehicle
359.27 637.02 364.15 635.75 366.66 645.49 361.78 646.76 heavy_equipment
971.92 863.99 1006.91 852.35 1023.37 901.82 988.38 913.46 large_aircraft
944.14 806.73 979.41 795.0 996.0 844.88 960.73 856.61 large_aircraft
728.5 399.22 781.29 372.09 823.52 454.27 770.73 481.4 large_aircraft
448.26 909.41 452.94 909.04 454.11 923.87 449.43 924.24 heavy_equipment
985.59 480.7 996.01 476.1 1001.21 487.88 990.79 492.48 heavy_equipment
444.33 912.16 449.55 911.75 450.66 925.81 445.44 926.22 heavy_equipment
454.33 946.85 458.22 945.33 461.66 954.12 457.77 955.64 medium_vehicle
1176.4 989.01 1185.9 985.7 1187.32 989.78 1177.82 993.09 medium_vehicle
127.71 147.99 127.59 142.08 139.61 141.82 139.73 147.73 medium_vehicle
714.64 30.27 724.47 26.31 729.59 39.06 719.76 43.02 small_aircraft
714.33 14.6 728.0 9.1 737.38 32.44 723.71 37.94 small_aircraft
489.79 961.84 491.49 965.82 482.35 969.73 480.65 965.75 medium_vehicle
1271.0 956.21 1281.1 952.7 1282.64 957.12 1272.54 960.63 medium_vehicle
791.28 416.01 828.24 410.09 837.12 465.57 800.16 471.49 large_aircraft
472.07 941.51 477.1 941.83 476.22 955.94 471.19 955.62 heavy_equipment
643.67 44.4 657.64 39.68 665.24 62.13 651.27 66.85 small_aircraft
453.8 926.43 458.64 924.02 465.68 938.13 460.84 940.54 large_vehicle
1212.77 977.79 1223.01 974.74 1224.35 979.22 1214.11 982.27 medium_vehicle
1238.11 970.26 1248.38 967.93 1249.42 972.5 1239.15 974.83 medium_vehicle
124.61 141.57 124.22 135.9 135.5 135.11 135.89 140.78 medium_vehicle
586.08 1148.43 591.02 1145.81 596.52 1156.2 591.58 1158.82 medium_vehicle
