922.22 992.63 944.05 999.59 928.46 1048.44 906.63 1041.48 large_aircraft
888.92 1101.34 911.04 1108.35 896.81 1153.21 874.69 1146.2 large_aircraft
77.03 414.44 82.73 415.47 80.97 425.29 75.27 424.26 medium_vehicle
843.61 1243.67 857.74 1247.56 851.28 1271.01 837.15 1267.12 small_aircraft
200.62 147.98 207.51 148.01 207.46 160.51 200.57 160.48 medium_vehicle
1055.43 174.64 1079.36 178.86 1073.6 211.54 1049.67 207.32 large_aircraft
736.64 1163.32 770.78 1173.89 754.47 1226.61 720.33 1216.04 large_aircraft
795.17 121.59 831.68 88.02 848.68 106.51 812.17 140.08 large_aircraft
1195.2 1093.55 1214.19 1095.95 1209.46 1133.4 1190.47 1131.0 small_aircraft
663.46 173.53 692.64 190.58 661.89 243.21 632.71 226.16 large_aircraft
448.79 91.69 474.62 102.55 460.08 137.14 434.25 126.28 large_aircraft
191.71 1027.2 242.87 1043.04 220.8 1114.35 169.64 1098.51 large_aircraft
938.12 939.43 960.15 945.88 946.46 992.71 924.43 986.26 large_aircraft
711.55 83.36 733.34 102.43 706.61 132.97 684.82 113.9 large_aircraft
555.44 276.35 575.41 257.53 587.07 269.9 567.1 288.72 small_aircraft
1126.22 1058.32 1145.47 1060.75 1141.03 1095.87 1121.78 1093.44 small_aircraft
665.3 159.64 685.17 160.58 683.67 192.35 663.8 191.41 small_aircraft
953.12 1135.9 974.75 1143.1 958.85 1190.92 937.22 1183.72 large_aircraft
994.07 185.01 1018.77 190.35 1009.45 233.44 984.75 228.1 large_aircraft
1046.49 71.26 1070.63 76.48 1062.88 112.35 1038.74 107.13 large_aircraft
937.6 1189.85 959.26 1197.91 942.19 1243.81 920.53 1235.75 large_aircraft
786.72 996.58 821.5 1007.34 804.27 1063.0 769.49 1052.24 large_aircraft
1175.97 1148.25 1195.17 1150.68 1190.67 1186.33 1171.47 1183.9 small_aircraft
952.98 881.88 975.02 888.74 960.09 936.66 938.05 929.8 large_aircraft
1101.03 1131.43 1120.11 1133.84 1115.67 1169.05 1096.59 1166.64 small_aircraft
445.19 290.7 470.31 307.52 434.95 360.35 409.83 343.53 large_aircraft
836.13 59.05 854.68 74.4 820.2 116.08 801.65 100.73 large_aircraft
40.94 1096.65 61.81 1103.15 54.29 1127.28 33.42 1120.78 small_aircraft
501.94 1047.77 535.28 1058.79 517.71 1111.9 484.37 1100.88 large_aircraft
779.57 63.34 817.88 67.77 814.45 97.41 776.14 92.98 large_aircraft
720.82 1262.45 740.74 1266.76 736.83 1284.83 716.91 1280.52 large_aircraft
356.64 1121.97 391.42 1132.73 374.07 1188.77 339.29 1178.01 large_aircraft
1212.87 1038.95 1231.48 1042.17 1225.33 1077.77 1206.72 1074.55 small_aircraft
962.5 192.51 986.91 197.79 977.96 239.18 953.55 233.9 large_aircraft
825.32 45.35 840.53 59.43 817.58 84.22 802.37 70.14 large_aircraft
448.82 226.31 486.96 248.24 439.61 330.59 401.47 308.66 large_aircraft
1256.81 98.14 1285.7 116.9 1251.96 168.86 1223.07 150.1 large_aircraft
817.94 70.33 830.34 85.92 802.07 108.4 789.67 92.81 large_aircraft
1087.06 1176.55 1106.15 1178.96 1101.68 1214.35 1082.59 1211.94 small_aircraft
624.58 25.5 647.15 33.84 632.69 72.94 610.12 64.6 large_aircraft
626.05 -3.76 649.72 1.34 643.36 30.74 619.69 25.63 large_aircraft
818.7 122.19 820.45 150.03 778.71 152.66 776.96 124.82 large_aircraft
166.56 49.78 173.44 49.81 173.39 65.31 166.51 65.28 bus
1229.3 985.45 1248.03 987.82 1243.51 1023.54 1224.78 1021.17 small_aircraft
981.46 1030.42 1004.25 1035.35 994.0 1082.76 971.21 1077.83 large_aircraft
778.58 44.63 814.6 52.42 808.91 78.75 772.89 70.96 large_aircraft
810.74 90.09 823.15 107.23 789.91 131.29 777.5 114.15 large_aircraft
143.0 1188.75 193.95 1204.53 172.21 1274.77 121.26 1258.99 large_aircraft
436.46 67.68 467.39 80.24 454.43 112.16 423.5 99.6 large_aircraft
439.85 111.78 480.01 127.12 464.53 167.66 424.37 152.32 large_aircraft
830.63 37.36 848.53 37.23 848.66 55.43 830.76 55.56 small_aircraft
1077.45 62.77 1101.52 67.97 1092.41 110.11 1068.34 104.91 large_aircraft
869.11 213.08 894.6 215.4 891.7 247.28 866.21 244.96 large_aircraft
1186.77 53.75 1231.34 32.01 1255.22 80.97 1210.65 102.71 large_aircraft
1141.25 996.95 1162.5 1003.33 1147.95 1051.83 1126.7 1045.45 large_aircraft
761.93 1081.95 795.62 1092.77 778.2 1147.02 744.51 1136.2 large_aircraft
499.44 41.33 518.77 53.75 495.07 90.67 475.74 78.25 large_aircraft
1200.31 111.39 1229.55 130.37 1190.62 190.31 1161.38 171.33 large_aircraft
918.64 1244.0 940.44 1250.0 930.92 1284.56 909.12 1278.56 large_aircraft
400.36 135.56 426.51 131.98 431.41 167.73 405.26 171.31 large_aircraft
1112.99 1094.31 1132.44 1096.77 1127.95 1132.29 1108.5 1129.83 small_aircraft
819.15 33.63 837.38 32.01 838.96 49.65 820.73 51.27 small_aircraft
967.34 1083.24 989.95 1089.47 976.82 1137.15 954.21 1130.92 large_aircraft
1024.62 177.9 1049.69 183.32 1040.38 226.41 1015.31 220.99 large_aircraft
