52.97 632.75 96.99 628.82 101.57 680.1 57.55 684.03 large_aircraft
268.96 600.51 283.11 603.26 279.1 623.89 264.95 621.14 small_aircraft
237.95 946.21 247.04 949.16 243.36 960.5 234.27 957.55 small_aircraft
86.81 400.45 121.4 394.1 128.22 431.26 93.63 437.61 large_aircraft
19.01 710.02 84.04 699.14 95.15 765.49 30.12 776.37 large_aircraft
52.53 412.65 77.93 407.98 83.21 436.75 57.81 441.42 large_aircraft
301.03 1251.42 315.36 1248.69 316.63 1255.38 302.3 1258.11 small_aircraft
75.31 560.08 119.19 556.16 123.9 608.95 80.02 612.87 large_aircraft
175.92 859.8 209.95 853.06 217.38 890.58 183.35 897.32 large_aircraft
112.59 809.8 151.54 809.06 152.39 853.39 113.44 854.13 large_aircraft
347.56 348.43 377.46 342.07 383.24 369.25 353.34 375.61 small_aircraft
246.22 526.33 306.43 516.47 317.27 582.67 257.06 592.53 large_aircraft
190.71 797.2 211.92 802.69 199.79 849.61 178.58 844.12 small_aircraft
16.16 426.76 41.44 422.12 46.55 449.94 21.27 454.58 large_aircraft
229.44 612.44 247.34 609.12 250.73 627.41 232.83 630.73 small_aircraft
-11.96 876.53 34.53 868.75 45.45 933.99 -1.04 941.77 large_aircraft
-5.53 795.88 59.29 785.03 70.2 850.27 5.37 861.12 large_aircraft
310.3 1227.8 322.19 1227.8 322.19 1238.09 310.3 1238.09 small_aircraft
311.0 1214.02 326.55 1211.14 329.09 1224.86 313.54 1227.74 small_aircraft
298.45 1260.32 312.78 1257.58 314.33 1265.7 300.0 1268.44 small_aircraft
123.05 393.68 155.94 386.99 162.9 421.17 130.01 427.86 large_aircraft
202.86 827.45 226.85 822.48 232.55 849.98 208.56 854.95 small_aircraft
