1157.72 316.06 1163.65 316.6 1162.12 333.38 1156.19 332.84 bus
1222.74 437.17 1226.96 440.35 1221.45 447.65 1217.23 444.47 medium_vehicle
1162.05 314.85 1167.35 315.43 1165.61 331.44 1160.31 330.86 bus
1182.64 332.36 1189.65 332.43 1189.54 345.43 1182.53 345.36 bus
1225.81 391.75 1231.31 387.99 1233.42 391.07 1227.92 394.83 medium_vehicle
1152.07 316.15 1157.52 317.79 1152.54 334.39 1147.09 332.75 bus
1201.2 1016.38 1203.49 1019.92 1197.35 1023.89 1195.06 1020.35 medium_vehicle
1091.05 377.28 1096.31 377.92 1094.58 392.26 1089.32 391.62 bus
1112.89 311.6 1118.29 313.26 1113.65 328.32 1108.25 326.66 bus
1097.22 314.71 1101.51 314.99 1100.47 331.17 1096.18 330.89 bus
1232.07 391.48 1234.49 394.97 1226.55 400.46 1224.13 396.97 medium_vehicle
1118.28 310.18 1122.78 311.79 1117.25 327.24 1112.75 325.63 bus
1233.79 337.71 1246.66 338.79 1246.28 343.38 1233.41 342.3 bus
1265.86 352.37 1272.16 352.42 1272.03 366.34 1265.73 366.29 bus
1142.4 319.23 1147.29 320.64 1142.76 336.45 1137.87 335.04 bus
1072.54 325.9 1078.73 326.38 1077.45 343.03 1071.26 342.55 bus
1126.84 312.69 1131.56 314.28 1126.71 328.69 1121.99 327.1 bus
1100.68 374.43 1104.96 375.1 1102.58 390.31 1098.3 389.64 bus
1088.21 377.16 1091.83 377.69 1089.63 392.77 1086.01 392.24 bus
1062.37 332.38 1067.11 332.74 1065.87 348.89 1061.13 348.53 bus
1161.3 343.86 1167.93 344.37 1166.84 358.63 1160.21 358.12 bus
1136.08 316.0 1141.18 317.92 1135.88 331.93 1130.78 330.01 bus
1174.64 336.14 1179.96 336.26 1179.61 351.96 1174.29 351.84 bus
1262.24 385.66 1267.06 385.71 1266.93 400.34 1262.11 400.29 bus
1178.92 314.36 1190.61 314.63 1190.51 319.03 1178.82 318.76 bus
1097.77 375.39 1101.43 375.88 1099.32 391.47 1095.66 390.98 bus
1205.27 406.84 1211.0 401.65 1214.15 405.11 1208.42 410.3 medium_vehicle
1131.77 315.24 1137.08 317.09 1131.72 332.49 1126.41 330.64 bus
1171.88 313.67 1175.67 313.96 1174.47 329.53 1170.68 329.24 bus
1090.95 319.22 1096.51 319.88 1094.62 335.67 1089.06 335.01 bus
1145.92 353.4 1151.25 353.81 1150.12 368.52 1144.79 368.11 bus
1086.31 320.38 1090.79 320.59 1089.99 336.99 1085.51 336.78 bus
1245.75 403.06 1250.67 404.68 1246.08 418.65 1241.16 417.03 bus
902.24 1218.16 914.11 1209.57 917.56 1214.33 905.69 1222.92 bus
1279.72 379.22 1281.64 382.34 1270.31 389.28 1268.39 386.16 bus
1025.23 381.88 1029.44 386.06 1024.33 391.2 1020.12 387.02 medium_vehicle
1265.26 395.97 1271.36 396.02 1271.23 411.42 1265.13 411.37 bus
1114.09 371.56 1119.28 372.16 1117.56 387.05 1112.37 386.45 bus
1149.88 348.98 1156.14 349.01 1156.05 365.31 1149.79 365.28 bus
1167.65 340.63 1173.81 340.8 1173.42 354.58 1167.26 354.41 bus
1174.59 312.64 1179.8 313.04 1178.58 328.84 1173.37 328.44 bus
1178.77 334.58 1184.53 334.61 1184.46 348.81 1178.7 348.78 bus
1198.67 423.28 1202.16 426.07 1197.54 431.84 1194.05 429.05 medium_vehicle
1256.19 381.65 1258.95 386.15 1247.0 393.47 1244.24 388.97 bus
1111.32 371.75 1114.57 372.27 1112.17 387.42 1108.92 386.9 bus
1132.96 360.71 1139.23 361.37 1137.53 377.58 1131.26 376.92 bus
1141.01 356.19 1146.61 356.2 1146.58 371.8 1140.98 371.79 bus
1019.1 387.67 1022.27 391.51 1015.21 397.32 1012.04 393.48 medium_vehicle
1225.19 389.8 1230.92 385.88 1233.02 388.95 1227.29 392.87 medium_vehicle
1070.98 361.58 1084.0 355.98 1086.4 361.56 1073.38 367.16 bus
1279.54 383.11 1282.88 388.56 1271.04 395.81 1267.7 390.36 bus
1257.24 409.75 1263.62 410.04 1262.96 424.64 1256.58 424.35 bus
1279.8 374.77 1281.82 378.3 1270.11 384.98 1268.09 381.45 bus
1252.54 411.66 1258.26 411.71 1258.13 426.44 1252.41 426.39 bus
1217.82 433.05 1221.53 435.52 1217.16 442.1 1213.45 439.63 medium_vehicle
1155.2 348.32 1161.35 348.27 1161.44 362.27 1155.29 362.32 bus
1257.44 387.06 1263.36 387.11 1263.23 401.34 1257.31 401.29 bus
804.5 1219.53 810.53 1215.17 813.01 1218.59 806.98 1222.95 medium_vehicle
1168.7 313.14 1172.68 313.53 1171.09 329.73 1167.11 329.34 bus
1104.37 374.34 1107.42 374.84 1105.15 388.57 1102.1 388.07 bus
1032.06 370.53 1037.26 370.73 1036.93 379.29 1031.73 379.09 medium_vehicle
1083.68 322.23 1088.13 322.6 1086.84 338.02 1082.39 337.65 bus
1279.92 349.04 1281.96 352.03 1271.35 359.24 1269.31 356.25 bus
1120.87 312.04 1126.53 314.08 1121.23 328.72 1115.57 326.68 bus
1145.97 319.04 1149.33 320.01 1145.41 333.5 1142.05 332.53 bus
1064.98 332.23 1070.58 332.37 1070.21 347.56 1064.61 347.42 bus
1101.1 314.6 1106.75 315.04 1105.56 330.51 1099.91 330.07 bus
1250.76 369.78 1257.35 369.83 1257.24 383.13 1250.65 383.08 bus
1084.85 378.39 1088.32 378.88 1086.32 393.08 1082.85 392.59 bus
1280.37 391.75 1283.71 397.21 1274.08 403.12 1270.74 397.66 bus
1118.65 369.41 1124.01 370.12 1121.92 385.98 1116.56 385.27 bus
1280.61 351.27 1283.94 356.33 1272.66 363.77 1269.33 358.71 bus
1280.02 344.96 1282.16 348.23 1270.99 355.54 1268.85 352.27 bus
1148.84 318.67 1153.25 319.88 1149.12 334.98 1144.71 333.77 bus
1107.41 372.35 1111.25 372.84 1109.31 388.02 1105.47 387.53 bus
