79.04 727.48 83.53 727.72 83.15 734.81 78.66 734.57 medium_vehicle
71.77 972.92 76.57 976.03 67.44 990.15 62.64 987.04 bus
7.88 1113.5 13.28 1113.49 13.31 1127.39 7.91 1127.4 bus
58.94 767.0 72.6 765.12 73.32 770.33 59.66 772.21 bus
134.4 759.96 139.66 762.48 132.59 777.24 127.33 774.72 bus
106.3 1037.49 118.44 1029.7 122.12 1035.43 109.98 1043.22 bus
48.18 1187.67 54.33 1185.58 58.9 1198.99 52.75 1201.08 bus
22.75 1103.46 28.35 1103.34 28.64 1117.23 23.04 1117.35 bus
115.83 708.92 121.66 709.59 119.91 724.73 114.08 724.06 bus
85.44 1064.23 89.56 1067.48 84.12 1074.39 80.0 1071.14 medium_vehicle
107.79 711.1 113.45 712.57 109.37 728.37 103.71 726.9 bus
91.88 717.1 98.13 718.41 95.04 733.2 88.79 731.89 bus
8.5 1174.5 13.6 1174.5 13.6 1203.4 8.5 1203.4 double_trailer_truck
152.82 893.01 157.26 895.72 148.83 909.53 144.39 906.82 bus
63.02 751.7 75.14 749.17 76.11 753.78 63.99 756.31 bus
143.81 912.51 147.94 916.16 138.09 927.29 133.96 923.64 bus
7.57 1130.61 13.77 1130.58 13.82 1144.88 7.62 1144.91 bus
135.75 700.84 141.94 702.04 138.73 718.54 132.54 717.34 bus
71.52 964.54 76.12 967.04 68.09 981.84 63.49 979.34 bus
56.83 847.55 69.58 847.24 69.72 853.1 56.97 853.41 bus
34.68 1156.33 41.82 1162.98 38.67 1166.36 31.53 1159.71 medium_vehicle
39.12 724.96 54.31 719.22 56.43 724.85 41.24 730.59 bus
11.4 1175.4 17.5 1175.4 17.5 1191.2 11.4 1191.2 large_vehicle
