643.67 504.79 667.9 493.44 680.82 521.01 656.59 532.36 large_aircraft
1000.71 188.4 1007.26 189.49 1005.12 202.46 998.57 201.37 bus
448.63 624.95 455.61 625.47 454.38 641.72 447.4 641.2 bus
850.62 1230.99 902.32 1244.65 889.26 1294.1 837.56 1280.44 large_aircraft
762.14 484.59 813.21 448.16 841.93 488.42 790.86 524.85 large_aircraft
1180.58 425.48 1184.93 426.98 1182.0 435.49 1177.65 433.99 medium_vehicle
638.59 472.83 662.82 461.48 675.74 489.05 651.51 500.4 large_aircraft
944.97 404.52 956.66 428.58 925.69 443.62 914.0 419.56 large_aircraft
698.99 402.76 731.76 391.98 738.96 413.87 706.19 424.65 large_aircraft
436.34 647.78 452.12 639.35 455.22 645.17 439.44 653.6 bus
835.09 461.02 880.7 415.57 915.05 450.03 869.44 495.48 large_aircraft
376.61 552.12 402.84 549.69 406.39 587.94 380.16 590.37 large_aircraft
708.22 518.5 734.47 502.03 750.73 527.95 724.48 544.42 large_aircraft
1006.72 185.58 1013.22 187.03 1009.93 201.71 1003.43 200.26 bus
822.36 349.16 836.41 351.63 833.68 367.11 819.63 364.64 small_aircraft
837.19 -10.65 853.6 -0.03 828.64 38.54 812.23 27.92 large_aircraft
802.12 8.52 818.65 19.22 789.44 64.38 772.91 53.68 large_aircraft
763.93 369.58 791.13 373.55 786.53 405.06 759.33 401.09 large_aircraft
1057.45 1116.28 1111.03 1130.44 1092.32 1201.28 1038.74 1187.12 large_aircraft
1012.58 185.11 1018.53 186.45 1015.53 199.85 1009.58 198.51 bus
1172.86 422.02 1177.93 423.2 1175.88 432.01 1170.81 430.83 medium_vehicle
935.78 311.58 965.71 301.16 975.83 330.23 945.9 340.65 large_aircraft
345.55 571.24 350.27 571.4 349.95 580.97 345.23 580.81 medium_vehicle
527.18 533.43 551.41 522.08 564.33 549.65 540.1 561.0 large_aircraft
742.95 374.52 758.62 380.98 746.01 411.59 730.34 405.13 large_aircraft
439.09 623.12 454.42 614.94 457.05 619.87 441.72 628.05 bus
124.38 448.99 137.52 444.13 139.73 450.11 126.59 454.97 bus
781.85 331.67 827.94 332.32 827.46 366.89 781.37 366.24 large_aircraft
1162.6 1196.7 1192.32 1203.01 1183.38 1245.06 1153.66 1238.75 large_aircraft
549.25 282.03 556.32 278.46 558.42 282.6 551.35 286.17 medium_vehicle
975.99 286.05 1003.21 271.27 1012.99 289.27 985.77 304.05 large_aircraft
723.09 497.71 772.16 461.01 802.68 501.8 753.61 538.5 large_aircraft
880.64 1.04 953.53 -10.5 960.11 31.07 887.22 42.62 large_aircraft
265.05 401.84 273.29 398.45 275.21 403.1 266.97 406.49 medium_vehicle
512.49 587.29 536.72 575.94 549.64 603.51 525.41 614.86 large_aircraft
616.75 552.51 648.46 531.99 664.95 557.48 633.24 578.0 large_aircraft
652.41 399.07 698.3 400.36 696.87 451.61 650.98 450.32 large_aircraft
904.3 37.9 929.61 57.39 891.29 107.16 865.98 87.67 large_aircraft
643.91 149.65 656.67 146.82 659.81 161.03 647.05 163.86 small_aircraft
873.91 302.84 922.28 300.06 924.73 342.51 876.36 345.29 large_aircraft
854.69 481.03 869.57 483.65 867.81 493.69 852.93 491.07 small_aircraft
862.67 384.27 904.54 376.51 916.3 439.96 874.43 447.72 large_aircraft
881.24 183.27 894.78 178.87 896.79 185.07 883.25 189.47 bus
916.61 355.81 925.01 349.96 927.62 353.7 919.22 359.55 medium_vehicle
651.99 532.35 676.17 522.29 688.63 552.21 664.45 562.27 large_aircraft
665.25 518.17 716.8 481.54 746.04 522.69 694.49 559.32 large_aircraft
971.63 412.5 991.31 428.62 956.44 471.22 936.76 455.1 large_aircraft
798.63 478.68 846.44 436.52 878.64 473.05 830.83 515.21 large_aircraft
738.91 232.84 746.62 229.66 748.38 233.95 740.67 237.13 medium_vehicle
1072.56 192.47 1101.71 199.96 1090.95 241.88 1061.8 234.39 large_aircraft
438.8 627.36 454.33 619.07 457.33 624.69 441.8 632.98 bus
1168.2 418.58 1174.4 419.96 1170.84 435.89 1164.64 434.51 bus
887.43 1142.26 941.51 1154.55 925.1 1226.78 871.02 1214.49 large_aircraft
918.02 350.52 926.15 344.93 928.61 348.51 920.48 354.1 medium_vehicle
936.15 34.96 959.57 49.08 936.97 86.54 913.55 72.42 large_aircraft
937.64 19.8 981.03 -13.48 1000.4 11.76 957.01 45.05 large_aircraft
1022.59 182.73 1027.77 183.89 1025.11 195.8 1019.93 194.64 bus
640.34 173.97 654.51 165.45 661.11 176.43 646.94 184.95 small_aircraft
916.2 365.01 926.9 358.68 929.6 363.25 918.9 369.58 medium_vehicle
120.41 621.79 131.67 613.03 135.31 617.69 124.05 626.45 bus
