908.95 1245.71 913.46 1248.2 909.03 1256.21 904.52 1253.72 medium_vehicle
463.72 26.5 472.29 37.12 467.96 40.61 459.39 29.99 bus
410.6 37.96 415.59 42.16 404.23 55.65 399.24 51.45 bus
151.51 859.1 176.33 854.91 181.07 882.93 156.25 887.12 small_aircraft
377.51 65.94 381.36 67.59 374.69 83.16 370.84 81.51 bus
130.31 850.58 152.94 846.75 158.14 877.5 135.51 881.33 small_aircraft
36.69 79.5 64.07 98.46 29.01 149.1 1.63 130.14 large_aircraft
369.75 66.82 374.18 69.0 366.24 85.14 361.81 82.96 bus
161.88 820.58 184.93 816.68 189.97 846.45 166.92 850.35 small_aircraft
656.32 -9.86 681.01 -5.64 674.06 35.02 649.37 30.8 large_aircraft
886.94 762.83 900.4 759.27 902.49 767.21 889.03 770.77 small_aircraft
379.21 69.23 383.21 70.94 376.47 86.66 372.47 84.95 bus
891.67 751.19 902.68 748.29 904.62 755.64 893.61 758.54 small_aircraft
406.7 34.76 410.77 38.19 399.77 51.26 395.7 47.83 bus
692.09 -5.32 722.0 -0.2 716.47 32.12 686.56 27.0 large_aircraft
1062.96 1032.06 1066.46 1033.99 1062.49 1041.18 1058.99 1039.25 medium_vehicle
434.53 17.72 443.1 28.35 438.25 32.27 429.68 21.64 bus
402.89 28.7 407.66 32.33 396.61 46.84 391.84 43.21 bus
358.01 66.98 361.58 69.48 351.78 83.48 348.21 80.98 bus
883.99 772.62 896.24 769.38 898.33 777.32 886.08 780.56 small_aircraft
365.77 66.12 369.57 68.23 361.29 83.18 357.49 81.07 bus
135.85 820.52 158.82 816.63 163.64 845.1 140.67 848.99 small_aircraft
383.38 67.65 386.43 68.96 379.69 84.67 376.64 83.36 bus
89.47 69.43 116.86 88.39 81.37 139.64 53.98 120.68 large_aircraft
306.72 1047.16 311.76 1046.9 312.32 1057.46 307.28 1057.72 medium_vehicle
386.99 68.32 390.99 70.04 383.7 87.05 379.7 85.33 bus
443.34 17.37 451.91 28.0 447.06 31.92 438.49 21.29 bus
139.14 62.84 167.13 82.22 126.47 140.93 98.48 121.55 large_aircraft
372.3 67.34 377.66 69.64 370.69 85.9 365.33 83.6 bus
360.66 70.43 365.38 73.73 355.57 87.73 350.85 84.43 bus
