156.88 542.63 161.98 545.83 153.12 559.95 148.02 556.75 bus
76.22 592.11 78.91 595.7 71.76 601.05 69.07 597.46 medium_vehicle
89.51 720.42 102.51 713.99 105.25 719.53 92.25 725.96 bus
103.44 759.36 115.76 752.89 118.17 757.47 105.85 763.94 bus
117.18 727.96 119.85 733.04 107.79 739.37 105.12 734.29 bus
133.51 697.0 145.91 690.52 148.69 695.83 136.29 702.31 bus
16.78 708.2 22.78 708.19 22.81 721.56 16.81 721.57 bus
11.65 56.5 17.38 56.49 17.41 70.71 11.68 70.72 bus
116.24 714.2 129.28 706.94 132.17 712.14 119.13 719.4 bus
46.2 945.3 58.3 944.31 58.79 950.19 46.69 951.18 bus
124.05 524.7 137.55 516.26 140.72 521.32 127.22 529.76 bus
26.38 175.16 33.12 175.09 33.27 190.27 26.53 190.34 bus
141.67 707.64 156.0 700.3 158.52 705.23 144.19 712.57 bus
81.79 746.94 95.76 739.32 98.45 744.26 84.48 751.88 bus
102.71 48.79 106.31 54.13 91.9 63.84 88.3 58.5 bus
77.47 727.1 89.86 720.68 92.38 725.55 79.99 731.97 bus
102.91 750.81 115.68 744.44 118.41 749.91 105.64 756.28 bus
137.56 558.42 149.07 564.41 146.11 570.11 134.6 564.12 bus
118.64 719.83 131.8 712.71 134.6 717.89 121.44 725.01 bus
80.58 648.65 93.87 640.35 97.44 646.06 84.15 654.36 bus
128.69 653.46 141.93 645.18 145.52 650.93 132.28 659.21 bus
41.21 801.02 46.64 800.97 46.75 814.08 41.32 814.13 bus
105.99 595.97 111.13 599.27 102.69 612.41 97.55 609.11 bus
59.0 574.9 64.2 574.9 64.2 584.19 59.0 584.19 medium_vehicle
72.77 775.7 86.32 768.31 88.97 773.17 75.42 780.56 bus
147.03 690.55 159.95 683.33 162.54 687.95 149.62 695.17 bus
118.91 705.07 132.39 697.78 135.14 702.86 121.66 710.15 bus
22.95 44.4 29.38 44.39 29.41 59.61 22.98 59.62 bus
81.59 739.64 93.03 733.53 95.67 738.48 84.23 744.59 bus
158.35 548.65 163.82 552.09 154.26 567.32 148.79 563.88 bus
78.64 656.63 85.84 656.77 85.55 672.06 78.35 671.92 bus
129.02 722.0 131.65 727.0 119.56 733.35 116.93 728.35 bus
42.14 673.05 56.05 664.35 59.57 669.99 45.66 678.69 bus
42.46 766.82 47.36 766.72 47.63 779.84 42.73 779.94 bus
105.85 675.51 120.99 672.76 122.15 679.16 107.01 681.91 bus
105.83 576.94 111.14 580.19 101.93 595.22 96.62 591.97 bus
112.86 716.04 115.66 721.36 102.84 728.09 100.04 722.77 bus
50.79 796.65 63.16 788.93 66.12 793.66 53.75 801.38 bus
41.81 752.95 46.98 752.8 47.37 766.17 42.2 766.32 bus
56.91 655.96 60.29 660.91 46.37 670.44 42.99 665.49 bus
116.78 752.6 130.12 745.21 132.84 750.13 119.5 757.52 bus
86.97 688.94 99.58 681.6 102.77 687.08 90.16 694.42 bus
49.38 767.69 54.28 767.7 54.25 781.21 49.35 781.2 bus
75.15 766.87 88.29 758.67 91.39 763.63 78.25 771.83 bus
143.68 645.88 158.02 637.63 161.1 642.99 146.76 651.24 bus
79.39 552.9 84.33 552.68 84.75 561.97 79.81 562.19 medium_vehicle
102.56 713.89 115.52 706.97 118.36 712.3 105.4 719.22 bus
12.47 141.0 19.08 140.99 19.11 154.74 12.5 154.75 bus
139.42 603.93 152.06 596.03 155.42 601.41 142.78 609.31 bus
11.75 81.1 17.88 81.09 17.91 94.61 11.78 94.62 bus
48.35 583.32 53.89 583.19 54.1 592.43 48.56 592.56 medium_vehicle
41.61 786.25 46.51 786.15 46.8 799.86 41.9 799.96 bus
96.61 649.11 112.42 640.74 115.45 646.45 99.64 654.82 bus
61.37 773.21 74.01 766.43 76.7 771.44 64.06 778.22 bus
129.87 721.59 142.31 714.55 145.16 719.58 132.72 726.62 bus
88.61 767.55 102.32 759.73 104.92 764.28 91.21 772.1 bus
60.56 782.78 72.73 775.92 75.34 780.54 63.17 787.4 bus
44.81 779.04 50.34 778.93 50.63 793.04 45.1 793.15 bus
41.1 651.26 56.92 641.38 60.38 646.92 44.56 656.8 bus
93.72 733.5 105.81 726.74 108.54 731.61 96.45 738.37 bus
103.84 742.41 117.63 735.04 120.51 740.44 106.72 747.81 bus
101.0 722.8 103.42 727.4 91.43 733.69 89.01 729.09 bus
56.39 649.66 60.12 655.08 46.28 664.62 42.55 659.2 bus
94.32 654.69 102.02 654.5 102.37 669.0 94.67 669.19 bus
78.81 673.84 85.91 673.75 86.08 688.15 78.98 688.24 bus
43.08 639.67 56.2 630.03 59.89 635.06 46.77 644.7 bus
