121.9 520.68 137.53 516.9 138.8 522.15 123.17 525.93 bus
145.74 498.3 145.47 502.62 131.62 501.77 131.89 497.45 bus
1211.84 1168.59 1272.3 1168.59 1272.3 1239.87 1211.84 1239.87 large_aircraft
143.73 503.0 143.96 508.38 130.24 508.98 130.01 503.6 bus
675.21 320.59 701.26 325.37 693.72 366.45 667.67 361.67 large_aircraft
776.2 471.94 794.98 484.05 774.25 516.21 755.47 504.1 large_aircraft
771.2 610.4 804.31 629.58 774.29 681.37 741.18 662.19 large_aircraft
943.51 984.09 961.69 988.35 954.52 1018.91 936.34 1014.65 large_aircraft
207.23 390.16 213.2 390.16 213.2 405.5 207.23 405.5 bus
901.42 1212.51 930.97 1227.89 903.81 1280.07 874.26 1264.69 large_aircraft
1036.16 1133.83 1056.71 1149.83 1019.53 1197.58 998.98 1181.58 large_aircraft
950.2 1205.42 999.28 1213.2 990.54 1268.42 941.46 1260.64 large_aircraft
1069.73 679.66 1097.83 692.76 1081.74 727.25 1053.64 714.15 large_aircraft
771.77 341.49 797.41 352.1 780.41 393.13 754.77 382.52 large_aircraft
773.85 419.56 798.43 437.23 769.43 477.58 744.85 459.91 large_aircraft
933.87 1208.33 953.56 1214.72 944.1 1243.84 924.41 1237.45 large_aircraft
1240.47 999.0 1280.0 999.0 1280.0 1059.06 1240.47 1059.06 large_aircraft
841.89 953.03 853.53 978.22 830.71 988.77 819.07 963.58 large_aircraft
635.13 79.89 679.34 90.91 667.53 138.28 623.32 127.26 large_aircraft
1224.41 1112.8 1266.74 1112.8 1266.74 1166.58 1224.41 1166.58 large_aircraft
900.83 997.41 930.61 1008.54 916.78 1045.52 887.0 1034.39 large_aircraft
774.9 530.55 798.52 545.89 774.17 583.4 750.55 568.06 large_aircraft
957.14 978.27 979.34 983.48 974.55 1003.88 952.35 998.67 small_aircraft
996.23 734.52 1022.05 733.12 1024.1 771.06 998.28 772.46 large_aircraft
1072.58 1104.13 1099.7 1125.24 1060.94 1175.03 1033.82 1153.92 large_aircraft
947.42 765.72 973.24 764.32 975.35 803.31 949.53 804.71 large_aircraft
964.78 1186.8 981.98 1198.32 961.85 1228.39 944.65 1216.87 large_aircraft
779.31 919.93 820.12 908.07 829.6 940.72 788.79 952.58 large_aircraft
875.42 1239.16 892.63 1250.68 866.59 1289.58 849.38 1278.06 large_aircraft
972.23 1259.58 996.9 1276.09 982.81 1297.15 958.14 1280.64 large_aircraft
863.21 878.93 877.26 898.84 855.35 914.29 841.3 894.38 large_aircraft
768.12 673.76 801.96 691.6 774.59 743.51 740.75 725.67 large_aircraft
650.43 34.4 691.74 49.43 674.28 97.4 632.97 82.37 large_aircraft
972.98 753.02 998.8 751.62 1000.77 788.08 974.95 789.48 large_aircraft
1148.57 618.38 1177.74 634.55 1142.99 697.25 1113.82 681.08 large_aircraft
994.91 1167.28 1012.11 1178.8 987.64 1215.35 970.44 1203.83 large_aircraft
1109.31 1077.1 1136.43 1098.22 1093.13 1153.84 1066.01 1132.72 large_aircraft
588.72 105.89 611.2 108.73 607.47 138.2 584.99 135.36 large_aircraft
939.52 780.73 957.09 783.16 951.89 820.69 934.32 818.26 large_aircraft
776.81 378.82 797.31 396.83 764.52 434.15 744.02 416.14 large_aircraft
720.59 42.27 762.9 64.1 727.09 133.48 684.78 111.65 large_aircraft
775.5 505.42 785.58 509.59 776.92 530.49 766.84 526.32 small_aircraft
776.77 574.63 798.2 592.93 770.44 625.43 749.01 607.13 large_aircraft
1213.02 1220.95 1234.89 1227.51 1223.25 1266.31 1201.38 1259.75 large_aircraft
779.38 523.18 788.69 528.86 776.9 548.17 767.59 542.49 small_aircraft
1117.22 654.9 1136.25 666.66 1110.86 707.77 1091.83 696.01 large_aircraft
1234.19 1061.8 1280.0 1061.8 1280.0 1121.19 1234.19 1121.19 large_aircraft
