1033.15 872.28 1040.49 867.35 1043.2 871.38 1035.86 876.31 medium_vehicle
812.83 1091.33 832.44 1105.52 798.17 1152.86 778.56 1138.67 large_aircraft
732.72 1103.29 753.05 1116.59 723.18 1162.23 702.85 1148.93 large_aircraft
595.39 1151.25 610.97 1149.42 612.21 1159.94 596.63 1161.77 small_aircraft
687.06 987.37 694.12 982.33 696.9 986.23 689.84 991.27 medium_vehicle
612.34 1129.9 638.78 1124.42 642.99 1144.74 616.55 1150.22 small_aircraft
1034.04 894.29 1047.19 885.46 1050.41 890.26 1037.26 899.09 bus
1086.1 718.47 1091.68 714.48 1094.25 718.09 1088.67 722.08 medium_vehicle
684.23 1203.97 722.49 1238.54 678.08 1287.69 639.82 1253.12 large_aircraft
747.42 1171.5 764.62 1183.46 742.7 1215.01 725.5 1203.05 large_aircraft
690.87 1158.37 727.6 1191.56 685.98 1237.61 649.25 1204.42 large_aircraft
285.68 1251.41 298.13 1242.56 301.47 1247.26 289.02 1256.11 bus
612.38 1251.91 631.84 1261.87 620.45 1284.12 600.99 1274.16 small_aircraft
1034.66 865.33 1041.99 860.4 1044.7 864.43 1037.37 869.36 medium_vehicle
738.3 1224.25 760.43 1242.36 729.95 1279.6 707.82 1261.49 large_aircraft
746.69 1132.48 756.04 1133.66 753.97 1150.08 744.62 1148.9 small_aircraft
448.86 1138.68 455.78 1133.74 458.43 1137.45 451.51 1142.39 medium_vehicle
743.67 1197.14 761.1 1208.81 738.93 1241.92 721.5 1230.25 large_aircraft
621.9 1155.97 635.75 1151.06 640.74 1165.17 626.89 1170.08 small_aircraft
750.99 1148.14 763.43 1157.14 745.07 1182.5 732.63 1173.5 small_aircraft
959.3 907.13 959.02 892.31 965.27 892.19 965.55 907.01 bus
995.36 839.91 1002.44 834.85 1005.09 838.57 998.01 843.63 medium_vehicle
1035.19 889.36 1048.34 880.53 1051.04 884.55 1037.89 893.38 bus
