310.27 802.04 318.31 798.93 334.54 840.77 326.5 843.88 large_vessel
317.99 801.64 324.43 799.33 340.2 843.39 333.76 845.7 large_vessel
19.86 359.1 48.35 348.45 110.26 514.02 81.77 524.67 large_vessel
421.62 971.39 421.55 963.56 441.68 963.39 441.75 971.22 medium_vessel
345.83 877.33 355.29 873.66 371.43 915.27 361.97 918.94 large_vessel
399.37 971.2 399.31 963.86 419.96 963.68 420.02 971.02 medium_vessel
288.25 733.98 296.38 731.07 311.51 773.33 303.38 776.24 large_vessel
187.79 468.04 198.46 464.06 228.93 545.55 218.26 549.53 large_vessel
257.7 497.93 267.65 484.95 329.73 532.59 319.78 545.57 large_vessel
341.67 880.01 351.13 876.34 367.27 917.95 357.81 921.62 large_vessel
293.75 732.58 300.2 730.27 315.07 771.81 308.62 774.12 large_vessel
25.1 262.84 32.25 256.17 55.61 281.23 48.46 287.9 large_vessel
349.54 660.43 363.86 644.47 416.49 691.69 402.17 707.65 large_vessel
69.86 313.58 79.99 304.13 129.64 357.37 119.51 366.82 large_vessel
