328.97 671.21 325.95 667.52 333.53 661.29 336.55 664.98 small_vehicle
214.86 303.47 219.64 305.89 213.31 318.43 208.53 316.01 small_vehicle
132.17 138.73 137.14 139.52 135.35 150.78 130.38 149.99 small_vehicle
296.82 1196.83 301.43 1196.96 301.16 1206.56 296.55 1206.43 small_vehicle
91.26 254.41 99.33 255.29 98.81 260.09 90.74 259.21 small_vehicle
341.32 645.63 344.63 649.25 337.1 656.15 333.79 652.53 small_vehicle
65.6 412.07 70.09 413.66 66.98 422.44 62.49 420.85 small_vehicle
725.51 395.26 729.01 391.51 737.15 399.1 733.65 402.85 small_vehicle
1244.1 133.26 1244.09 127.11 1258.92 127.08 1258.93 133.23 heavy_equipment
999.07 414.79 1003.18 411.27 1009.53 418.68 1005.42 422.2 small_vehicle
886.18 449.47 884.92 444.73 895.49 441.92 896.75 446.66 small_vehicle
130.14 280.61 134.91 280.58 134.98 291.31 130.21 291.34 small_vehicle
745.18 289.97 745.71 285.25 754.26 286.21 753.73 290.93 small_vehicle
142.55 635.96 147.32 635.99 147.25 645.31 142.48 645.28 small_vehicle
128.92 271.83 127.72 285.48 123.09 285.07 124.29 271.42 medium_vehicle
299.38 22.57 303.71 24.56 299.58 33.54 295.25 31.55 small_vehicle
530.67 1254.1 528.59 1250.28 536.77 1245.81 538.85 1249.63 small_vehicle
257.51 53.44 255.52 49.11 263.99 45.23 265.98 49.56 small_vehicle
1107.48 321.22 1110.61 323.24 1106.69 329.33 1103.56 327.31 small_vehicle
996.52 412.42 993.63 408.63 1002.04 402.22 1004.93 406.01 small_vehicle
895.98 96.47 897.73 92.03 907.32 95.8 905.57 100.24 small_vehicle
1014.52 404.13 1018.14 401.03 1024.66 408.64 1021.04 411.74 small_vehicle
1003.71 410.76 1007.33 407.66 1013.85 415.26 1010.23 418.36 small_vehicle
697.77 374.99 700.69 371.86 705.68 376.52 702.76 379.65 small_vehicle
137.75 223.06 136.09 235.64 131.55 235.05 133.21 222.47 medium_vehicle
133.14 207.5 137.44 207.7 136.95 218.4 132.65 218.2 small_vehicle
735.0 40.31 739.9 40.87 738.73 51.12 733.83 50.56 small_vehicle
1020.99 399.93 1024.85 396.61 1031.37 404.22 1027.51 407.54 small_vehicle
