704.19 204.6 713.19 205.03 712.25 224.79 703.25 224.36 heavy_equipment
224.55 1077.74 228.91 1074.12 236.3 1083.02 231.94 1086.64 small_vehicle
173.0 163.34 177.69 162.45 179.24 170.65 174.55 171.54 small_vehicle
634.62 486.6 636.67 481.38 643.14 483.92 641.09 489.14 small_vehicle
570.26 127.39 573.92 128.05 572.67 135.03 569.01 134.37 small_vehicle
617.48 464.67 622.24 464.93 621.72 474.54 616.96 474.28 small_vehicle
613.39 508.22 617.74 497.18 621.83 498.79 617.48 509.83 medium_vehicle
397.05 886.95 394.8 882.75 405.97 876.76 408.22 880.96 small_vehicle
1238.37 1258.59 1235.58 1254.73 1242.45 1249.76 1245.24 1253.62 small_vehicle
594.0 543.86 598.97 544.24 598.16 554.76 593.19 554.38 small_vehicle
564.63 722.06 569.36 722.61 568.37 731.05 563.64 730.5 small_vehicle
43.68 8.22 45.72 5.13 52.22 9.42 50.18 12.51 small_vehicle
628.34 499.37 630.17 494.73 636.68 497.29 634.85 501.93 small_vehicle
649.84 426.9 652.24 421.82 662.21 426.54 659.81 431.62 small_vehicle
979.43 112.84 982.78 107.1 998.59 116.34 995.24 122.08 medium_vehicle
628.14 492.58 629.89 488.14 638.34 491.47 636.59 495.91 small_vehicle
413.06 877.65 411.69 873.08 422.02 869.98 423.39 874.55 small_vehicle
566.24 296.44 572.36 293.64 576.14 301.91 570.02 304.71 heavy_equipment
170.04 990.46 172.41 994.34 162.52 1000.37 160.15 996.49 small_vehicle
443.59 831.44 448.8 831.18 449.34 841.79 444.13 842.05 small_vehicle
180.23 153.26 184.73 150.6 190.25 159.92 185.75 162.58 small_vehicle
636.13 460.96 638.19 455.73 648.44 459.77 646.38 465.0 small_vehicle
1001.99 123.21 1005.35 118.85 1015.21 126.45 1011.85 130.81 medium_vehicle
705.7 784.68 709.36 781.3 715.75 788.23 712.09 791.61 small_vehicle
1184.48 1137.2 1188.92 1135.45 1191.9 1143.0 1187.46 1144.75 small_vehicle
1077.18 47.46 1080.94 50.4 1073.6 59.77 1069.84 56.83 medium_vehicle
607.75 540.75 612.71 540.15 613.81 549.23 608.85 549.83 small_vehicle
1226.65 1264.55 1231.03 1266.43 1227.69 1274.21 1223.31 1272.33 small_vehicle
709.27 195.87 718.05 197.91 716.73 203.56 707.95 201.52 heavy_equipment
1031.42 60.32 1033.58 56.61 1043.9 62.64 1041.74 66.35 container
1119.86 1107.24 1118.89 1102.57 1128.34 1100.6 1129.31 1105.27 small_vehicle
538.18 996.9 540.96 1000.85 532.26 1006.96 529.48 1003.01 small_vehicle
159.23 96.21 162.57 92.8 168.86 98.96 165.52 102.37 small_vehicle
1052.92 1150.47 1049.86 1146.8 1057.68 1140.28 1060.74 1143.95 small_vehicle
122.23 161.38 126.8 161.29 126.99 171.15 122.42 171.24 small_vehicle
118.67 202.99 115.9 199.1 123.39 193.77 126.16 197.66 small_vehicle
646.89 450.76 648.96 445.5 657.47 448.85 655.4 454.11 small_vehicle
1021.7 48.42 1030.01 53.22 1027.59 57.41 1019.28 52.61 small_vehicle
669.02 1253.9 672.89 1255.06 670.67 1262.46 666.8 1261.3 small_vehicle
563.45 127.39 567.63 127.82 566.84 135.6 562.66 135.17 small_vehicle
