1205.04 1128.92 1210.6 1129.54 1209.27 1141.57 1203.71 1140.95 medium_vehicle
448.33 422.37 452.58 427.14 449.61 429.78 445.36 425.01 small_vehicle
150.33 1061.42 150.3 1058.38 155.86 1058.35 155.89 1061.39 small_vehicle
462.6 37.93 465.13 35.53 469.72 40.38 467.19 42.78 small_vehicle
240.44 313.18 243.88 314.02 242.51 319.67 239.07 318.83 small_vehicle
618.73 173.6 623.41 178.85 620.43 181.5 615.75 176.25 small_vehicle
1103.56 502.52 1106.37 500.3 1110.69 505.77 1107.88 507.99 small_vehicle
520.16 447.65 526.77 448.66 526.18 452.48 519.57 451.47 small_vehicle
516.05 484.18 520.3 488.95 517.33 491.59 513.08 486.82 small_vehicle
97.53 165.77 100.5 166.91 98.42 172.33 95.45 171.19 small_vehicle
534.75 461.31 539.78 466.96 536.8 469.61 531.77 463.96 small_vehicle
476.45 65.48 479.16 62.92 483.51 67.53 480.8 70.09 small_vehicle
495.89 77.39 498.54 75.12 502.33 79.55 499.68 81.82 small_vehicle
467.6 43.03 470.13 40.63 474.72 45.48 472.19 47.88 small_vehicle
48.7 105.67 51.49 102.58 56.67 107.25 53.88 110.34 small_vehicle
1204.25 1158.03 1209.68 1159.43 1207.53 1167.76 1202.1 1166.36 medium_vehicle
222.1 286.33 225.22 284.77 228.24 290.82 225.12 292.38 small_vehicle
304.73 266.47 307.8 267.31 306.25 272.92 303.18 272.08 small_vehicle
533.27 469.14 537.51 473.9 534.54 476.55 530.3 471.79 small_vehicle
614.6 161.3 617.34 163.08 614.15 167.97 611.41 166.19 small_vehicle
616.5 172.19 616.37 168.81 621.53 168.61 621.66 171.99 small_vehicle
351.68 22.59 353.88 19.87 358.01 23.22 355.81 25.94 small_vehicle
1216.93 1115.92 1220.05 1116.07 1219.79 1121.45 1216.67 1121.3 small_vehicle
1211.84 1110.71 1215.24 1110.88 1214.98 1116.28 1211.58 1116.11 small_vehicle
490.54 71.21 493.26 69.03 497.44 74.24 494.72 76.42 small_vehicle
155.78 1061.88 155.75 1058.38 162.43 1058.33 162.46 1061.83 small_vehicle
974.87 550.87 977.56 547.74 983.23 552.63 980.54 555.76 medium_vehicle
603.31 219.87 604.41 213.59 607.96 214.21 606.86 220.49 small_vehicle
650.12 511.73 651.73 507.71 658.56 510.44 656.95 514.46 small_vehicle
33.33 570.66 36.57 571.95 34.23 577.84 30.99 576.55 small_vehicle
