273.83 121.57 276.9 120.05 279.65 125.59 276.58 127.11 small_vehicle
705.05 94.86 704.96 92.28 710.43 92.1 710.52 94.68 small_vehicle
289.18 667.91 290.07 664.9 295.67 666.56 294.78 669.57 small_vehicle
658.16 256.62 659.01 253.74 664.17 255.27 663.32 258.15 small_vehicle
1155.43 1171.35 1158.97 1171.03 1159.55 1177.36 1156.01 1177.68 small_vehicle
1009.58 418.77 1010.92 414.72 1017.98 417.06 1016.64 421.11 small_vehicle
732.42 351.39 732.99 347.51 738.68 348.35 738.11 352.23 small_vehicle
524.58 348.42 525.48 345.4 531.08 347.05 530.18 350.07 small_vehicle
658.21 252.99 658.97 250.44 664.03 251.94 663.27 254.49 small_vehicle
392.77 227.09 395.8 225.13 399.16 230.33 396.13 232.29 small_vehicle
425.31 377.54 430.26 375.36 434.47 384.91 429.52 387.09 large_vehicle
706.54 423.32 707.87 420.43 713.1 422.85 711.77 425.74 small_vehicle
86.75 199.06 88.27 195.77 93.6 198.24 92.08 201.53 small_vehicle
449.79 594.43 451.65 597.29 446.27 600.79 444.41 597.93 small_vehicle
674.27 338.51 677.47 338.48 677.52 344.28 674.32 344.31 small_vehicle
247.68 87.13 247.8 83.75 253.65 83.96 253.53 87.34 small_vehicle
758.24 62.3 761.45 63.31 759.8 68.57 756.59 67.56 small_vehicle
711.23 85.39 715.06 85.2 715.33 90.67 711.5 90.86 small_vehicle
1159.95 1173.58 1163.49 1173.42 1163.81 1180.52 1160.27 1180.68 small_vehicle
