1217.61 1260.16 1224.55 1259.83 1224.73 1263.53 1217.79 1263.86 medium_vehicle
748.28 617.05 751.79 616.15 753.46 622.7 749.95 623.6 small_vehicle
1083.98 704.06 1085.12 700.77 1091.05 702.83 1089.91 706.12 small_vehicle
911.57 701.77 914.14 699.41 918.33 703.96 915.76 706.32 small_vehicle
834.99 847.43 835.75 844.31 841.83 845.8 841.07 848.92 small_vehicle
611.77 752.08 615.13 750.49 617.97 756.5 614.61 758.09 small_vehicle
1112.5 993.77 1115.96 993.43 1116.53 999.36 1113.07 999.7 small_vehicle
813.6 686.9 816.97 685.56 819.46 691.85 816.09 693.19 small_vehicle
1080.14 837.73 1083.69 837.6 1083.91 843.96 1080.36 844.09 small_vehicle
1085.55 853.83 1089.11 853.76 1089.22 859.81 1085.66 859.88 small_vehicle
1080.28 856.65 1084.85 856.35 1085.29 862.94 1080.72 863.24 small_vehicle
786.24 664.89 786.92 661.33 792.33 662.36 791.65 665.92 small_vehicle
1150.57 1127.74 1150.54 1124.26 1156.5 1124.19 1156.53 1127.67 small_vehicle
608.95 755.31 611.89 753.03 615.96 758.29 613.02 760.57 small_vehicle
1172.26 1127.12 1172.68 1122.02 1181.94 1122.78 1181.52 1127.88 medium_vehicle
620.82 572.29 621.0 568.8 627.62 569.15 627.44 572.64 small_vehicle
