1224.62 776.02 1239.6 774.68 1240.13 780.6 1225.15 781.94 container
906.72 853.3 928.05 832.99 932.1 837.25 910.77 857.56 container
901.66 657.03 1277.7 575.72 1287.24 619.84 911.2 701.15 large_vessel
1130.16 351.12 1173.23 338.45 1177.92 354.39 1134.85 367.06 medium_vessel
849.69 328.15 1098.61 274.34 1105.93 308.16 857.01 361.97 large_vessel
1189.03 255.93 1280.75 236.1 1289.12 274.83 1197.4 294.66 large_vessel
898.52 844.51 919.85 824.19 924.01 828.56 902.68 848.88 container
723.89 216.23 676.46 273.56 662.08 261.66 709.51 204.33 large_vessel
1011.38 1232.86 1039.69 1232.86 1039.69 1242.45 1011.38 1242.45 medium_vessel
910.77 1192.2 1256.09 1117.54 1269.9 1181.42 924.58 1256.08 large_vessel
861.77 450.18 851.82 388.71 871.7 385.49 881.65 446.96 medium_vessel
893.09 840.72 914.42 820.41 918.59 824.8 897.26 845.11 container
1225.28 781.96 1240.26 780.62 1240.79 786.54 1225.81 787.88 container
902.82 849.11 924.15 828.79 928.31 833.16 906.98 853.48 container
875.67 1.46 734.24 195.4 700.21 170.59 841.64 -23.34 large_vessel
