693.7 243.77 698.55 243.82 698.44 256.2 693.59 256.15 medium_vehicle
102.58 484.37 106.28 478.04 140.04 497.76 136.34 504.09 large_vehicle
62.55 522.19 67.02 516.01 104.15 542.88 99.68 549.06 double_trailer_truck
465.74 1273.85 486.67 1273.85 486.67 1280.0 465.74 1280.0 heavy_equipment
164.71 153.14 167.72 147.1 196.57 161.49 193.56 167.53 large_vehicle
176.56 267.83 180.5 262.34 211.09 284.24 207.15 289.73 large_vehicle
80.95 509.25 85.69 502.86 120.85 528.97 116.11 535.36 double_trailer_truck
107.8 462.41 111.07 456.41 144.57 474.68 141.3 480.68 large_vehicle
688.51 118.49 693.36 118.46 693.43 128.78 688.58 128.81 medium_vehicle
-5.16 544.32 0.05 538.94 21.74 559.96 16.52 565.34 large_vehicle
120.6 408.41 126.08 403.91 146.42 428.67 140.94 433.17 large_vehicle
155.3 312.46 158.83 306.3 192.69 325.68 189.16 331.84 large_vehicle
261.2 319.05 268.09 321.64 254.37 358.14 247.48 355.55 large_vehicle
1076.73 1062.07 1081.6 1064.74 1075.4 1076.07 1070.53 1073.4 medium_vehicle
129.73 396.09 134.93 391.27 157.55 415.61 152.35 420.43 large_vehicle
108.78 476.97 112.29 470.53 146.63 489.25 143.12 495.69 large_vehicle
146.58 334.35 147.78 327.8 179.83 333.69 178.63 340.24 large_vehicle
172.49 238.04 176.58 232.67 208.23 256.78 204.14 262.15 large_vehicle
140.61 350.16 146.44 344.92 177.82 379.9 171.99 385.14 double_trailer_truck
516.67 1237.49 524.92 1237.49 524.92 1263.24 516.67 1263.24 container
173.56 280.94 177.68 275.17 208.04 296.91 203.92 302.68 large_vehicle
698.6 155.61 703.44 155.58 703.55 170.48 698.71 170.51 medium_vehicle
160.42 168.49 162.19 161.97 192.3 170.15 190.53 176.67 large_vehicle
150.57 347.34 152.6 340.4 184.39 349.7 182.36 356.64 large_vehicle
