537.44 958.91 541.91 953.94 556.37 966.96 551.9 971.93 medium_vehicle
619.51 559.63 622.28 565.47 608.63 571.95 605.86 566.11 medium_vehicle
545.87 909.63 551.22 914.6 533.88 933.26 528.53 928.29 heavy_equipment
202.9 1208.99 216.56 1192.65 222.92 1197.97 209.26 1214.31 heavy_equipment
762.71 719.05 764.85 725.29 749.95 730.39 747.81 724.15 medium_vehicle
705.66 99.34 712.48 98.31 717.84 133.77 711.02 134.8 large_vehicle
728.01 98.29 734.69 97.1 740.93 132.11 734.25 133.3 large_vehicle
1043.93 816.19 1047.03 820.12 1037.48 827.66 1034.38 823.73 medium_vehicle
533.0 899.67 534.36 909.37 511.87 912.53 510.51 902.83 heavy_equipment
793.31 738.32 799.21 741.25 792.93 753.9 787.03 750.97 medium_vehicle
717.58 97.09 724.6 95.56 732.39 131.31 725.37 132.84 large_vehicle
627.94 579.0 630.59 585.09 616.74 591.11 614.09 585.02 medium_vehicle
740.97 525.27 745.26 530.53 729.01 543.79 724.72 538.53 medium_vehicle
759.97 -0.52 766.89 -1.5 769.35 15.75 762.43 16.73 container
417.25 1196.36 416.89 1203.98 380.01 1202.24 380.37 1194.62 large_vehicle
198.91 1200.65 213.31 1183.43 219.11 1188.29 204.71 1205.51 heavy_equipment
469.02 891.09 475.69 888.87 482.62 909.71 475.95 911.93 medium_vehicle
960.97 365.01 961.02 372.24 922.17 372.52 922.12 365.29 double_trailer_truck
244.48 893.39 248.92 896.91 241.2 906.64 236.76 903.12 heavy_equipment
795.06 194.8 800.86 193.1 805.5 208.97 799.7 210.67 container
867.44 559.77 873.38 558.06 877.49 572.4 871.55 574.11 medium_vehicle
990.72 1252.54 995.65 1256.91 981.46 1272.94 976.53 1268.57 medium_vehicle
479.48 1254.74 480.15 1275.05 470.01 1275.38 469.34 1255.07 heavy_equipment
127.85 1061.97 128.8 1068.48 109.54 1071.29 108.59 1064.78 medium_vehicle
395.6 1172.12 396.46 1180.27 380.16 1181.98 379.3 1173.83 heavy_equipment
129.0 1051.23 123.0 1056.79 111.64 1044.52 117.64 1038.96 heavy_equipment
222.65 533.26 228.25 536.73 219.45 550.98 213.85 547.51 medium_vehicle
22.44 1003.19 26.85 1008.08 12.39 1021.1 7.98 1016.21 medium_vehicle
294.94 801.6 301.91 801.6 301.91 823.68 294.94 823.68 heavy_equipment
468.03 148.9 473.96 150.1 470.67 166.31 464.74 165.11 medium_vehicle
