1044.85 1052.76 1056.48 1047.48 1058.5 1051.94 1046.87 1057.22 large_vehicle
1186.53 734.48 1198.67 731.22 1200.13 736.67 1187.99 739.93 bus
956.96 683.92 954.19 677.05 957.54 675.7 960.31 682.57 medium_vehicle
1196.28 627.08 1208.1 615.79 1211.4 619.24 1199.58 630.53 bus
1193.67 625.05 1205.49 613.76 1208.79 617.21 1196.97 628.5 bus
941.43 632.77 948.83 632.41 949.07 637.43 941.67 637.79 medium_vehicle
872.09 670.62 873.38 663.88 876.6 664.49 875.31 671.23 medium_vehicle
761.62 1150.27 774.95 1145.6 776.84 1150.99 763.51 1155.66 bus
1249.99 593.98 1260.82 582.92 1264.28 586.31 1253.45 597.37 bus
1259.14 11.68 1261.95 0.23 1266.4 1.33 1263.59 12.78 bus
1165.08 607.17 1176.49 595.49 1180.12 599.03 1168.71 610.71 bus
1169.21 610.37 1180.67 598.63 1183.63 601.51 1172.17 613.25 bus
547.88 1005.69 552.04 992.26 557.03 993.81 552.87 1007.24 bus
1257.5 40.96 1257.28 34.44 1260.97 34.32 1261.19 40.84 medium_vehicle
1204.88 601.43 1214.04 606.09 1211.72 610.65 1202.56 605.99 bus
599.13 740.85 607.74 735.8 609.82 739.35 601.21 744.4 large_vehicle
1249.43 44.94 1249.21 38.41 1252.91 38.29 1253.13 44.82 medium_vehicle
1216.08 621.88 1227.32 611.14 1231.34 615.36 1220.1 626.1 bus
1180.15 620.97 1189.12 628.28 1186.19 631.88 1177.22 624.57 bus
1240.13 48.94 1239.91 42.41 1243.61 42.29 1243.83 48.82 medium_vehicle
538.26 539.82 539.09 530.65 543.49 531.05 542.66 540.22 large_vehicle
1208.99 608.82 1217.04 615.18 1213.96 619.07 1205.91 612.71 bus
1114.95 880.81 1120.94 874.3 1124.5 877.58 1118.51 884.09 medium_vehicle
1270.68 7.61 1272.46 -0.99 1275.94 -0.27 1274.16 8.33 bus
660.03 1166.78 673.16 1163.92 674.24 1168.85 661.11 1171.71 bus
1240.6 543.44 1249.17 549.27 1246.83 552.72 1238.26 546.89 bus
1245.72 16.09 1248.54 5.46 1253.71 6.83 1250.89 17.46 bus
1199.82 730.72 1212.35 727.67 1213.69 733.15 1201.16 736.2 bus
1231.66 732.05 1242.61 732.2 1242.54 737.07 1231.59 736.92 bus
1152.48 630.4 1165.32 618.14 1169.14 622.14 1156.3 634.4 bus
1252.49 588.35 1263.31 577.3 1266.07 580.0 1255.25 591.05 bus
975.98 946.67 969.55 935.8 973.7 933.35 980.13 944.22 bus
1256.9 576.99 1267.57 564.67 1271.31 567.91 1260.64 580.23 bus
1269.66 550.22 1279.14 556.21 1276.46 560.45 1266.98 554.46 bus
1246.33 46.04 1246.11 39.51 1249.81 39.39 1250.03 45.92 medium_vehicle
768.84 1131.39 782.23 1126.86 783.82 1131.56 770.43 1136.09 bus
620.74 1082.57 631.08 1071.59 637.09 1077.25 626.75 1088.23 heavy_equipment
1165.23 858.59 1177.98 856.64 1178.91 862.7 1166.16 864.65 bus
876.58 669.86 878.41 661.64 881.79 662.39 879.96 670.61 medium_vehicle
1158.07 632.48 1168.46 622.55 1170.39 624.57 1160.0 634.5 bus
1237.64 50.24 1237.42 43.71 1241.04 43.59 1241.26 50.12 medium_vehicle
806.86 644.44 819.02 638.11 821.66 643.18 809.5 649.51 bus
7.75 1155.43 15.59 1142.64 20.46 1145.63 12.62 1158.42 bus
1233.91 831.68 1244.37 821.65 1248.07 825.52 1237.61 835.55 bus
1222.63 8.92 1222.79 -0.29 1228.32 -0.19 1228.16 9.02 bus
590.89 218.6 592.47 207.1 598.13 207.88 596.55 219.38 bus
1161.9 636.48 1173.61 625.29 1176.97 628.81 1165.26 640.0 bus
1216.13 604.33 1223.48 611.51 1220.17 614.9 1212.82 607.72 bus
716.09 1165.42 728.91 1162.63 729.98 1167.55 717.16 1170.34 bus
1176.42 610.78 1188.13 598.78 1191.47 602.03 1179.76 614.03 bus
1179.88 588.98 1189.91 596.03 1186.5 600.88 1176.47 593.83 bus
1249.93 14.39 1252.85 3.45 1258.02 4.83 1255.1 15.77 bus
1172.84 645.25 1184.17 634.04 1188.01 637.92 1176.68 649.13 bus
1232.43 53.04 1232.22 46.51 1235.35 46.4 1235.56 52.93 medium_vehicle
963.14 666.95 969.34 663.09 971.54 666.62 965.34 670.48 medium_vehicle
1137.15 772.69 1148.58 763.43 1151.65 767.21 1140.22 776.47 bus
1190.53 624.83 1202.35 613.53 1205.19 616.5 1193.37 627.8 bus
1199.86 629.82 1211.59 618.62 1215.41 622.62 1203.68 633.82 bus
970.17 1010.81 982.01 999.54 986.21 1003.94 974.37 1015.21 bus
1188.33 623.54 1199.42 612.94 1201.83 615.46 1190.74 626.06 bus
1255.45 12.92 1258.15 1.91 1262.82 3.06 1260.12 14.07 bus
739.42 1140.41 752.22 1136.3 753.76 1141.09 740.96 1145.2 bus
1243.94 539.73 1252.52 545.56 1249.88 549.44 1241.3 543.61 bus
888.0 672.78 895.59 673.23 895.37 677.02 887.78 676.57 medium_vehicle
1228.49 726.31 1239.43 726.46 1239.36 731.15 1228.42 731.0 bus
1067.84 1040.09 1072.65 1034.72 1074.88 1036.72 1070.07 1042.09 medium_vehicle
1235.37 19.78 1238.2 9.15 1243.38 10.53 1240.55 21.16 bus
963.73 1030.21 974.87 1019.6 979.06 1024.0 967.92 1034.61 bus
776.34 1144.91 788.67 1140.15 790.41 1144.66 778.08 1149.42 large_vehicle
834.2 684.09 841.6 683.73 841.8 687.88 834.4 688.24 medium_vehicle
1172.03 612.15 1183.56 600.33 1186.51 603.21 1174.98 615.03 bus
1243.23 48.03 1243.0 41.06 1246.56 40.94 1246.79 47.91 medium_vehicle
1261.44 595.86 1272.67 581.8 1276.47 584.84 1265.24 598.9 large_vehicle
548.58 787.11 561.45 779.92 564.23 784.91 551.36 792.1 bus
1195.27 407.81 1208.03 400.02 1210.67 404.35 1197.91 412.14 bus
557.8 1049.29 569.71 1045.19 571.2 1049.51 559.29 1053.61 large_vehicle
849.14 681.11 849.21 674.4 851.9 674.43 851.83 681.14 medium_vehicle
1178.26 647.07 1189.45 636.0 1193.13 639.72 1181.94 650.79 bus
1178.75 615.68 1191.08 603.04 1195.0 606.87 1182.67 619.51 bus
1229.43 54.04 1229.21 47.51 1232.91 47.39 1233.13 53.92 medium_vehicle
76.88 695.89 81.28 689.72 84.67 692.14 80.27 698.31 medium_vehicle
1265.87 8.46 1267.86 -1.13 1272.35 -0.2 1270.36 9.39 bus
1142.93 853.68 1152.87 856.32 1151.58 861.18 1141.64 858.54 bus
1253.65 538.57 1262.51 544.18 1260.03 548.1 1251.17 542.49 bus
1239.45 18.82 1242.44 7.59 1247.12 8.83 1244.13 20.06 bus
1139.91 618.71 1150.3 608.78 1154.39 613.07 1144.0 623.0 bus
1159.92 634.37 1170.31 624.44 1172.24 626.45 1161.85 636.38 bus
1208.15 673.57 1218.62 675.85 1217.65 680.28 1207.18 678.0 bus
330.47 898.07 343.39 890.96 346.04 895.78 333.12 902.89 bus
857.05 674.04 859.08 668.05 862.42 669.18 860.39 675.17 medium_vehicle
1219.23 676.53 1228.38 679.26 1227.07 683.67 1217.92 680.94 bus
1188.59 629.59 1199.25 630.21 1198.92 635.83 1188.26 635.21 bus
512.45 807.3 524.51 799.94 527.49 804.82 515.43 812.18 bus
1168.9 640.05 1180.61 628.85 1184.37 632.79 1172.66 643.99 bus
1198.1 590.35 1206.51 595.59 1204.56 598.72 1196.15 593.48 bus
1274.7 7.0 1275.67 -0.61 1279.19 -0.17 1278.22 7.44 large_vehicle
800.92 1135.41 813.92 1129.81 815.83 1134.25 802.83 1139.85 large_vehicle
867.15 671.04 870.14 663.92 873.4 665.29 870.41 672.41 medium_vehicle
1235.24 51.64 1235.02 45.11 1238.14 45.01 1238.36 51.54 medium_vehicle
1247.16 590.18 1257.08 578.31 1260.46 581.14 1250.54 593.01 bus
1194.29 599.41 1203.23 606.32 1200.0 610.5 1191.06 603.59 bus
1184.6 619.33 1195.83 608.6 1199.62 612.56 1188.39 623.29 bus
970.12 1016.44 981.96 1005.17 986.16 1009.57 974.32 1020.84 bus
