376.7 195.09 382.89 192.2 387.3 201.65 381.11 204.54 medium_vehicle
1068.86 294.21 1075.16 305.07 1070.81 307.59 1064.51 296.73 medium_vehicle
392.88 189.19 407.25 185.95 408.6 191.91 394.23 195.15 heavy_equipment
698.77 195.29 699.24 187.92 714.62 188.89 714.15 196.26 medium_vehicle
921.83 127.83 925.79 135.7 922.15 137.54 918.19 129.67 medium_vehicle
1064.76 296.8 1071.07 307.67 1067.42 309.79 1061.11 298.92 medium_vehicle
392.37 199.35 408.79 192.27 411.46 198.47 395.04 205.55 heavy_equipment
1105.55 375.32 1111.23 385.45 1107.03 387.81 1101.35 377.68 medium_vehicle
1134.89 360.93 1142.45 371.76 1138.19 374.74 1130.63 363.91 medium_vehicle
805.57 12.88 805.82 0.17 813.53 0.32 813.28 13.03 heavy_equipment
805.72 25.97 798.74 14.22 806.11 9.85 813.09 21.6 heavy_equipment
1105.12 326.81 1111.87 337.25 1107.63 339.99 1100.88 329.55 medium_vehicle
1091.03 350.65 1098.43 360.65 1094.38 363.65 1086.98 353.65 medium_vehicle
329.01 191.92 335.74 189.03 342.72 205.24 335.99 208.13 heavy_equipment
1060.42 297.51 1067.51 309.73 1063.26 312.19 1056.17 299.97 medium_vehicle
1095.32 348.41 1101.67 356.98 1097.61 359.99 1091.26 351.42 medium_vehicle
385.69 183.35 370.7 181.88 371.46 174.21 386.45 175.68 medium_vehicle
479.28 116.44 471.53 109.75 475.13 105.57 482.88 112.26 heavy_equipment
