10.58 344.86 12.05 335.45 16.0 336.07 14.53 345.48 small_vessel
7.11 295.16 13.63 285.53 17.15 287.92 10.63 297.55 medium_vessel
86.16 466.69 89.27 463.36 96.78 470.39 93.67 473.72 small_vessel
11.55 298.06 25.52 290.28 28.11 294.95 14.14 302.73 medium_vessel
177.5 518.25 180.4 514.99 187.03 520.87 184.13 524.13 small_vessel
9.83 384.67 18.05 378.01 20.66 381.23 12.44 387.89 small_vessel
11.35 407.19 14.2 404.62 19.04 409.99 16.19 412.56 small_vessel
-3.03 415.74 0.7 412.38 5.94 418.2 2.2 421.56 small_vessel
-4.24 290.43 3.35 281.32 7.76 285.0 0.16 294.11 medium_vessel
60.02 332.52 62.15 335.92 53.07 341.59 50.94 338.19 small_vessel
20.91 304.74 30.85 299.33 32.5 302.37 22.56 307.78 small_vessel
59.92 382.49 65.38 375.53 67.59 377.27 62.13 384.23 small_vessel
77.19 353.42 78.75 355.92 71.63 360.36 70.07 357.86 small_vessel
284.73 517.04 289.48 515.05 292.69 522.74 287.94 524.73 small_vessel
8.9 396.07 12.58 395.1 14.28 401.51 10.6 402.48 small_vessel
56.27 327.88 58.24 331.38 48.5 336.87 46.53 333.37 small_vessel
19.99 345.96 24.33 339.82 27.6 342.13 23.26 348.27 small_vessel
51.89 321.81 53.63 325.43 43.56 330.28 41.82 326.66 small_vessel
1076.67 880.41 1082.26 880.46 1082.13 896.11 1076.54 896.06 heavy_equipment
531.89 323.55 535.93 320.44 544.28 331.28 540.24 334.39 container
262.69 530.8 266.9 527.97 271.55 534.88 267.34 537.71 small_vessel
71.11 343.44 72.84 346.2 63.38 352.11 61.65 349.35 small_vessel
127.85 487.58 126.83 492.21 118.36 490.34 119.38 485.71 small_vessel
65.12 387.53 70.58 380.57 73.81 383.1 68.35 390.06 small_vessel
248.52 485.0 245.18 479.82 259.87 470.35 263.21 475.53 large_vehicle
57.76 380.48 63.22 373.52 65.43 375.26 59.97 382.22 small_vessel
0.31 465.67 0.97 462.6 8.24 464.15 7.58 467.22 small_vessel
40.48 360.0 50.79 351.47 53.34 354.55 43.03 363.08 medium_vessel
11.12 296.44 17.57 286.9 21.09 289.28 14.64 298.82 medium_vessel
97.09 470.17 100.54 466.48 105.47 471.1 102.02 474.79 small_vessel
72.91 345.84 74.22 347.95 66.94 352.5 65.63 350.39 small_vessel
23.42 390.06 25.83 387.89 29.59 392.08 27.18 394.25 small_vessel
38.59 308.87 41.79 312.29 32.22 321.25 29.02 317.83 small_vessel
15.57 392.4 18.48 391.12 20.88 396.54 17.97 397.82 small_vessel
218.57 508.1 218.22 504.13 228.07 503.27 228.42 507.24 small_vessel
65.74 340.24 67.47 343.0 59.59 347.92 57.86 345.16 small_vessel
108.75 503.43 111.66 500.51 116.88 505.7 113.97 508.62 small_vessel
73.8 348.1 75.64 351.05 68.35 355.61 66.51 352.66 small_vessel
31.65 352.32 37.26 346.37 40.17 349.11 34.56 355.06 small_vessel
4.35 397.62 8.12 397.05 9.15 403.82 5.38 404.39 small_vessel
117.04 496.95 120.45 493.53 125.08 498.14 121.67 501.56 small_vessel
32.16 221.91 36.33 228.58 24.27 236.12 20.1 229.45 heavy_equipment
13.63 386.5 21.27 380.31 23.88 383.54 16.24 389.73 small_vessel
10.72 455.49 13.62 453.11 17.38 457.69 14.48 460.07 small_vessel
185.75 497.66 183.66 494.32 192.42 488.83 194.51 492.17 small_vessel
70.17 391.42 75.02 383.29 78.54 385.39 73.69 393.52 small_vessel
22.41 315.18 36.8 305.18 40.0 309.78 25.61 319.78 medium_vessel
-0.78 471.32 -0.13 468.25 4.72 469.3 4.07 472.37 small_vessel
51.55 462.09 55.7 459.03 61.06 466.3 56.91 469.36 small_vessel
-0.59 468.41 0.06 465.34 7.33 466.89 6.67 469.96 small_vessel
56.32 378.75 61.78 371.79 63.99 373.53 58.53 380.49 small_vessel
49.93 371.85 55.85 365.82 58.71 368.62 52.79 374.65 small_vessel
208.91 505.5 207.05 502.53 216.31 496.72 218.17 499.69 small_vessel
12.07 394.88 15.43 393.4 17.83 398.82 14.47 400.3 small_vessel
63.74 338.74 65.47 341.51 58.55 345.83 56.82 343.06 small_vessel
45.34 366.46 51.86 361.08 53.6 363.18 47.08 368.56 small_vessel
1.55 412.53 4.5 409.87 9.74 415.69 6.79 418.35 small_vessel
62.02 336.99 63.75 339.76 56.83 344.08 55.1 341.31 small_vessel
43.1 364.47 53.41 355.94 55.96 359.02 45.65 367.55 medium_vessel
239.42 522.0 237.69 519.12 243.96 515.35 245.69 518.23 small_vessel
54.81 325.25 56.55 328.87 49.34 332.34 47.6 328.72 small_vessel
24.28 346.27 29.15 339.72 32.37 342.11 27.5 348.66 small_vessel
1185.71 1239.04 1189.09 1234.37 1199.31 1241.76 1195.93 1246.43 medium_vehicle
40.01 423.65 37.68 420.23 46.62 414.13 48.95 417.55 small_vessel
52.41 374.69 60.83 366.12 64.32 369.55 55.9 378.12 small_vessel
17.23 311.4 34.83 304.25 37.2 310.1 19.6 317.25 medium_vessel
328.34 485.95 332.74 481.66 342.38 491.54 337.98 495.83 medium_vehicle
43.18 425.74 41.25 422.08 49.67 417.64 51.6 421.3 small_vessel
1255.2 1051.14 1258.92 1055.18 1248.51 1064.75 1244.79 1060.71 medium_vehicle
218.37 504.08 217.79 500.56 227.71 498.91 228.29 502.43 small_vessel
235.54 536.91 232.8 532.35 241.87 526.91 244.61 531.47 small_vessel
21.86 402.31 24.81 399.65 30.04 405.47 27.09 408.13 small_vessel
560.51 344.89 565.2 350.63 552.01 361.42 547.32 355.68 heavy_equipment
4.75 410.53 7.7 407.87 12.94 413.69 9.99 416.35 small_vessel
21.12 444.74 23.77 440.82 31.28 445.89 28.63 449.81 small_vessel
45.28 313.89 47.43 318.35 33.8 324.91 31.65 320.45 small_vessel
1052.81 880.77 1056.83 877.77 1064.39 887.91 1060.37 890.91 medium_vehicle
68.12 341.64 69.85 344.4 61.97 349.33 60.24 346.57 small_vessel
557.34 339.45 562.41 344.85 553.66 353.06 548.59 347.66 heavy_equipment
103.01 486.93 106.73 482.97 114.25 490.06 110.53 494.02 small_vessel
101.11 489.32 107.0 487.27 110.28 496.7 104.39 498.75 small_vessel
94.63 475.62 98.35 471.67 106.67 479.51 102.95 483.46 medium_vessel
29.53 424.66 26.81 418.83 43.57 411.02 46.29 416.85 medium_vessel
75.33 350.75 77.45 354.14 69.84 358.89 67.72 355.5 small_vessel
197.5 511.98 195.61 508.96 202.65 504.54 204.54 507.56 small_vessel
104.31 480.93 108.48 476.51 117.5 485.01 113.33 489.43 medium_vessel
25.97 399.67 28.88 397.84 33.04 404.47 30.13 406.3 small_vessel
215.71 489.67 218.6 486.42 224.47 491.62 221.58 494.87 small_vessel
27.39 438.03 30.71 435.55 34.82 441.04 31.5 443.52 small_vessel
20.53 391.11 23.07 389.1 26.56 393.51 24.02 395.52 small_vessel
185.46 527.69 186.82 523.03 193.62 525.0 192.26 529.66 small_vessel
47.13 368.21 53.63 362.83 56.18 365.92 49.68 371.3 small_vessel
251.58 528.43 249.85 525.56 257.98 520.68 259.71 523.55 small_vessel
17.7 403.61 20.55 401.04 25.39 406.41 22.54 408.98 small_vessel
2.32 461.06 3.53 456.97 10.61 459.05 9.4 463.14 small_vessel
-0.18 397.16 4.35 396.47 5.68 405.26 1.14 405.95 small_vessel
18.38 392.15 20.47 390.49 23.96 394.91 21.87 396.57 small_vessel
159.98 46.06 162.39 50.76 153.83 55.16 151.42 50.46 medium_vehicle
26.86 348.86 36.16 339.0 40.38 342.97 31.08 352.83 medium_vessel
-3.46 378.04 9.39 367.62 13.04 372.13 0.18 382.55 medium_vessel
41.34 362.3 49.36 355.66 51.91 358.75 43.89 365.39 small_vessel
7.55 408.83 10.5 406.17 15.74 411.99 12.79 414.65 small_vessel
-0.2 294.52 10.58 284.02 13.54 287.06 2.75 297.56 medium_vessel
58.18 441.54 61.73 437.74 68.47 444.05 64.92 447.85 small_vessel
31.06 435.71 34.61 433.57 38.15 439.44 34.6 441.58 small_vessel
958.89 846.51 962.53 850.74 955.65 856.66 952.01 852.43 heavy_equipment
152.35 495.06 155.24 491.81 160.53 496.51 157.64 499.76 small_vessel
62.3 384.76 67.76 377.8 69.97 379.54 64.51 386.5 small_vessel
273.12 524.29 277.39 521.42 282.03 528.33 277.76 531.2 small_vessel
3.41 383.26 13.58 375.03 17.26 379.57 7.09 387.8 medium_vessel
78.69 356.11 80.41 358.87 73.79 363.0 72.07 360.24 small_vessel
5.36 457.38 8.78 454.82 13.2 460.72 9.78 463.28 small_vessel
14.9 405.11 17.75 402.54 22.59 407.91 19.74 410.48 small_vessel
58.99 330.5 60.4 332.99 50.66 338.47 49.25 335.98 small_vessel
