1033.2 1199.66 1032.51 1195.03 1046.53 1192.93 1047.22 1197.56 medium_vessel
566.3 193.89 570.42 190.25 577.57 198.33 573.45 201.97 medium_vehicle
953.2 1219.0 958.71 1219.33 958.05 1230.19 952.54 1229.86 small_vessel
965.26 1219.33 971.51 1216.97 977.59 1233.06 971.34 1235.42 medium_vessel
675.36 329.01 678.82 325.96 685.22 333.2 681.76 336.25 medium_vehicle
988.13 1219.88 992.38 1218.27 995.78 1227.27 991.53 1228.88 small_vessel
968.89 1220.7 966.86 1216.49 980.09 1210.1 982.12 1214.31 medium_vessel
463.52 77.27 468.01 73.29 474.85 81.03 470.36 85.01 medium_vehicle
943.14 1222.98 948.66 1222.87 948.89 1233.74 943.37 1233.85 small_vessel
992.87 1222.18 997.94 1220.27 1001.34 1229.28 996.27 1231.19 small_vessel
961.68 1224.72 966.63 1222.85 970.02 1231.82 965.07 1233.69 small_vessel
967.37 1216.95 965.18 1212.41 978.96 1205.75 981.15 1210.29 medium_vessel
1011.38 1234.03 1016.38 1235.5 1012.6 1248.44 1007.6 1246.97 medium_vehicle
935.51 1227.6 941.59 1225.3 946.04 1237.06 939.96 1239.36 medium_vessel
953.46 1230.17 958.81 1228.15 962.77 1238.61 957.42 1240.63 small_vessel
568.24 2.68 574.19 4.94 569.74 16.67 563.79 14.41 medium_vehicle
1236.78 1271.85 1240.04 1273.47 1236.81 1279.97 1233.55 1278.35 small_vessel
1240.22 1262.94 1243.75 1260.7 1247.23 1266.18 1243.7 1268.42 small_vessel
