686.65 775.69 710.0 764.56 714.24 773.45 690.89 784.58 small_aircraft
1050.21 56.65 1054.15 54.7 1057.58 61.6 1053.64 63.55 medium_vehicle
205.26 660.65 222.08 641.7 229.97 648.71 213.15 667.66 small_aircraft
1051.07 135.64 1058.09 139.4 1047.46 159.23 1040.44 155.47 small_aircraft
169.42 777.02 174.33 753.95 189.22 757.11 184.31 780.18 small_aircraft
1133.98 507.71 1153.43 493.83 1159.84 502.81 1140.39 516.69 small_aircraft
677.77 500.97 696.87 480.77 704.65 488.13 685.55 508.33 small_aircraft
481.13 723.7 500.46 707.19 507.58 715.54 488.25 732.05 small_aircraft
990.32 565.8 1010.04 554.96 1015.53 564.95 995.81 575.79 small_aircraft
1094.37 488.71 1110.27 496.12 1104.32 508.88 1088.42 501.47 small_aircraft
891.7 672.23 908.25 653.2 915.63 659.62 899.08 678.65 small_aircraft
1058.21 510.14 1079.96 501.26 1084.01 511.18 1062.26 520.06 small_aircraft
420.9 333.32 433.54 314.93 443.58 321.84 430.94 340.23 small_aircraft
293.52 523.25 309.72 505.87 317.65 513.26 301.45 530.64 small_aircraft
