448.55 601.21 452.57 618.34 446.54 619.75 442.52 602.62 medium_vehicle
132.43 913.56 144.66 915.3 143.93 920.44 131.7 918.7 medium_vehicle
478.21 505.34 477.39 523.34 471.66 523.08 472.48 505.08 medium_vehicle
511.75 466.26 513.98 483.2 508.31 483.95 506.08 467.01 medium_vehicle
441.1 563.63 445.28 580.88 439.3 582.33 435.12 565.08 medium_vehicle
472.34 505.18 471.52 523.3 465.79 523.04 466.61 504.92 medium_vehicle
432.04 706.27 422.56 719.63 417.35 715.93 426.83 702.57 medium_vehicle
504.89 463.47 507.18 480.9 501.5 481.65 499.21 464.22 medium_vehicle
481.15 465.54 481.37 483.11 475.64 483.18 475.42 465.61 medium_vehicle
461.06 504.45 460.51 523.01 454.51 522.83 455.06 504.27 medium_vehicle
156.18 788.92 166.59 777.6 171.91 782.5 161.5 793.82 medium_vehicle
469.72 467.67 470.4 485.23 464.67 485.45 463.99 467.89 medium_vehicle
496.81 487.72 515.05 487.47 515.14 493.52 496.9 493.77 medium_vehicle
529.6 468.46 529.41 484.44 523.61 484.37 523.8 468.39 medium_vehicle
509.81 501.12 508.99 519.24 503.26 518.98 504.08 500.86 medium_vehicle
530.97 487.99 522.71 503.73 517.37 500.93 525.63 485.19 medium_vehicle
495.75 495.32 513.5 495.07 513.59 501.33 495.84 501.58 medium_vehicle
401.83 751.24 408.19 757.19 394.31 772.02 387.95 766.07 heavy_equipment
490.61 504.82 489.79 522.94 484.06 522.68 484.88 504.56 medium_vehicle
443.36 540.32 442.99 561.32 436.73 561.21 437.1 540.21 medium_vehicle
498.79 464.17 501.08 481.6 495.4 482.35 493.11 464.92 medium_vehicle
411.77 739.46 396.48 754.8 391.0 749.33 406.29 733.99 bus
477.73 487.5 495.5 487.25 495.59 493.29 477.82 493.54 medium_vehicle
486.97 464.85 487.74 482.42 482.02 482.67 481.25 465.1 medium_vehicle
475.8 496.38 493.58 496.13 493.67 502.16 475.89 502.41 medium_vehicle
457.49 467.37 457.43 485.34 451.71 485.32 451.77 467.35 medium_vehicle
422.07 723.51 410.6 735.01 405.42 729.85 416.89 718.35 medium_vehicle
443.3 688.64 432.84 702.63 427.8 698.85 438.26 684.86 medium_vehicle
497.21 503.02 496.39 521.14 490.66 520.88 491.48 502.76 medium_vehicle
521.31 505.44 515.67 523.13 510.21 521.38 515.85 503.69 medium_vehicle
503.6 502.21 502.78 520.34 497.07 520.08 497.89 501.95 medium_vehicle
493.66 464.92 494.65 482.48 488.93 482.8 487.94 465.24 medium_vehicle
475.35 466.44 475.57 484.01 469.84 484.08 469.62 466.51 medium_vehicle
463.13 467.55 463.81 485.11 458.08 485.33 457.4 467.77 medium_vehicle
406.27 1105.93 411.7 1106.32 410.77 1119.31 405.34 1118.92 medium_vehicle
484.87 504.78 483.7 522.88 478.0 522.51 479.17 504.41 medium_vehicle
