436.19 975.2 449.58 976.0 449.21 982.17 435.82 981.37 medium_vehicle
505.9 847.24 506.44 829.11 514.33 829.34 513.79 847.47 medium_vehicle
573.67 824.98 589.73 830.64 587.45 837.13 571.39 831.47 medium_vehicle
460.93 965.33 445.33 960.74 447.32 953.99 462.92 958.58 heavy_equipment
560.85 856.46 578.94 860.81 577.42 867.13 559.33 862.78 medium_vehicle
541.55 904.97 559.7 909.32 558.18 915.64 540.03 911.29 medium_vehicle
563.71 850.16 581.8 854.51 580.28 860.83 562.19 856.48 medium_vehicle
551.93 875.73 568.62 879.73 567.02 886.39 550.33 882.39 medium_vehicle
569.81 832.4 586.69 837.95 584.66 844.13 567.78 838.58 medium_vehicle
539.89 850.24 547.72 833.12 553.83 835.91 546.0 853.03 medium_vehicle
521.75 937.65 528.65 917.27 535.46 919.57 528.56 939.95 large_vehicle
502.22 894.0 509.35 884.29 514.45 888.04 507.32 897.75 heavy_equipment
461.81 949.15 462.1 935.35 468.42 935.48 468.13 949.28 heavy_equipment
544.35 898.47 561.91 902.68 560.4 909.0 542.84 904.79 medium_vehicle
576.02 809.52 584.86 792.61 590.31 795.45 581.47 812.36 medium_vehicle
550.05 882.97 566.93 887.02 565.42 893.34 548.54 889.29 medium_vehicle
460.94 968.91 462.88 956.89 468.39 957.78 466.45 969.8 heavy_equipment
553.07 856.75 560.91 839.63 567.13 842.49 559.29 859.61 medium_vehicle
560.44 831.76 569.31 814.28 575.11 817.22 566.24 834.7 medium_vehicle
547.45 890.87 563.94 894.82 562.42 901.14 545.93 897.19 medium_vehicle
432.58 1077.62 444.73 1059.19 451.31 1063.53 439.16 1081.96 large_vehicle
