310.11 745.5 310.23 731.98 317.22 732.04 317.1 745.56 heavy_equipment
762.6 386.13 776.29 374.92 781.22 380.95 767.53 392.16 heavy_equipment
300.34 759.63 300.72 746.73 307.72 746.94 307.34 759.84 heavy_equipment
287.76 832.56 283.63 818.81 289.55 817.03 293.68 830.78 medium_vehicle
311.98 804.33 327.0 797.14 329.8 802.97 314.78 810.16 medium_vehicle
294.43 741.35 295.07 719.74 304.12 720.01 303.48 741.62 heavy_equipment
340.8 718.59 341.31 701.53 349.7 701.78 349.19 718.84 heavy_equipment
333.02 748.2 331.73 734.76 336.94 734.26 338.23 747.7 heavy_equipment
339.7 868.23 367.09 847.37 371.56 853.23 344.17 874.09 large_vehicle
344.2 833.8 350.98 830.22 362.86 852.65 356.08 856.23 heavy_equipment
340.94 880.96 356.27 866.91 360.44 871.47 345.11 885.52 large_vehicle
348.67 744.28 341.14 730.92 346.35 727.99 353.88 741.35 heavy_equipment
