1184.19 194.31 1193.0 188.05 1194.89 190.71 1186.08 196.97 container
1155.5 196.71 1164.3 190.46 1166.19 193.12 1157.39 199.37 container
741.51 656.06 744.94 655.47 746.08 662.01 742.65 662.6 small_vessel
1182.3 191.61 1191.1 185.35 1192.99 188.01 1184.19 194.27 container
1199.48 187.04 1208.59 181.25 1210.47 184.22 1201.36 190.01 container
1160.8 204.61 1169.6 198.35 1171.49 201.01 1162.69 207.27 container
1178.8 185.77 1187.7 179.65 1189.49 182.26 1180.59 188.38 container
1168.25 939.89 1193.3 935.88 1210.95 1046.08 1185.9 1050.09 large_vessel
839.63 541.05 854.36 539.97 856.81 573.21 842.08 574.29 large_vessel
1158.9 202.31 1167.7 196.05 1169.59 198.71 1160.79 204.97 container
1157.09 199.72 1165.9 193.46 1167.79 196.11 1158.98 202.37 container
1180.52 188.75 1189.33 182.49 1191.22 185.15 1182.41 191.41 container
1197.38 184.02 1206.5 178.23 1208.37 181.19 1199.25 186.98 container
1193.87 179.06 1202.99 173.28 1204.68 175.95 1195.56 181.73 container
1195.56 181.81 1204.68 176.02 1206.37 178.69 1197.25 184.48 container
717.19 622.41 718.65 620.77 722.13 623.85 720.67 625.49 small_vessel
1162.2 207.11 1171.0 200.85 1172.89 203.51 1164.09 209.77 container
