756.38 805.47 763.64 800.57 778.93 823.24 771.67 828.14 pylon
1048.86 153.74 1053.41 152.82 1055.1 161.2 1050.55 162.12 medium_vehicle
693.26 311.16 699.46 306.98 717.27 333.37 711.07 337.55 pylon
373.01 944.58 378.42 945.77 375.1 960.86 369.69 959.67 large_vehicle
1113.94 263.23 1128.18 253.63 1132.52 260.06 1118.28 269.66 bus
667.97 158.55 675.89 153.21 694.99 181.53 687.07 186.87 pylon
1053.64 181.1 1059.03 180.02 1061.93 194.41 1056.54 195.49 large_vehicle
1053.82 304.59 1068.02 295.01 1072.24 301.28 1058.04 310.86 bus
724.95 503.78 732.53 498.67 753.53 529.8 745.95 534.91 pylon
1063.19 -0.27 1068.67 0.09 1067.98 10.47 1062.5 10.1 medium_vehicle
739.75 654.57 746.4 650.09 765.22 677.98 758.57 682.46 pylon
802.96 1137.8 810.82 1132.49 828.94 1159.35 821.08 1164.66 pylon
