644.22 249.09 654.43 247.75 655.13 253.05 644.92 254.39 large_vehicle
1210.28 652.91 1229.49 640.1 1262.76 689.98 1243.55 702.79 pylon
1239.15 67.52 1246.87 67.08 1247.19 72.87 1239.47 73.31 medium_vehicle
579.85 113.24 586.35 107.55 589.82 111.52 583.32 117.21 medium_vehicle
730.86 217.04 739.55 211.63 741.94 215.48 733.25 220.89 large_vehicle
573.41 160.3 575.51 148.28 580.8 149.2 578.7 161.22 large_vehicle
685.36 35.57 697.1 25.3 701.25 30.05 689.51 40.32 bus
1102.66 1167.79 1126.66 1155.19 1159.78 1218.27 1135.78 1230.87 pylon
1177.97 813.3 1196.38 801.02 1242.25 869.8 1223.84 882.08 pylon
541.57 168.09 545.4 168.1 545.39 175.11 541.56 175.1 medium_vehicle
1255.7 66.08 1263.05 65.67 1263.35 71.19 1256.0 71.6 medium_vehicle
598.18 248.53 604.95 249.48 604.3 254.12 597.53 253.17 medium_vehicle
559.8 171.79 563.7 171.8 563.69 179.2 559.79 179.19 medium_vehicle
