1221.11 522.14 1226.41 519.24 1238.86 541.98 1233.56 544.88 pylon
1215.96 452.61 1221.87 449.34 1234.52 472.27 1228.61 475.54 pylon
1067.01 1132.6 1073.32 1129.54 1080.66 1144.66 1074.35 1147.72 pylon
1026.87 439.79 1050.59 427.13 1086.76 494.87 1063.04 507.53 pylon
1184.72 598.38 1191.4 594.28 1207.09 619.88 1200.41 623.98 pylon
1184.34 690.72 1189.95 687.43 1204.83 712.79 1199.22 716.08 pylon
1239.5 345.55 1247.39 341.72 1261.34 370.44 1253.45 374.27 pylon
1146.13 879.97 1152.13 876.31 1162.78 893.76 1156.78 897.42 pylon
945.57 772.93 969.0 759.84 1005.64 825.41 982.21 838.5 pylon
1089.83 1134.72 1095.8 1131.82 1102.21 1145.02 1096.24 1147.92 pylon
1152.68 767.65 1161.2 762.43 1177.78 789.5 1169.26 794.72 pylon
879.24 1048.91 904.96 1036.42 938.86 1106.24 913.14 1118.73 pylon
1065.3 79.64 1089.62 67.83 1117.19 124.6 1092.87 136.41 pylon
1126.86 905.38 1135.39 900.71 1152.92 932.74 1144.39 937.41 pylon
