176.04 1142.53 179.52 1143.28 177.89 1150.84 174.41 1150.09 medium_vehicle
606.13 1250.17 622.52 1244.01 624.33 1248.84 607.94 1255.0 large_vehicle
625.54 1243.18 644.41 1236.08 646.23 1240.91 627.36 1248.01 large_vehicle
1000.46 313.23 1011.66 309.26 1013.27 313.78 1002.07 317.75 medium_vehicle
629.98 1215.61 634.89 1223.55 631.18 1225.84 626.27 1217.9 medium_vehicle
612.28 1203.52 621.67 1201.56 622.62 1206.08 613.23 1208.04 medium_vehicle
164.07 615.06 211.77 589.05 225.13 613.57 177.43 639.58 large_aircraft
475.59 1223.57 487.57 1220.2 488.76 1224.44 476.78 1227.81 large_vehicle
530.9 501.81 576.85 493.96 580.86 517.42 534.91 525.27 large_aircraft
587.1 1211.39 600.83 1206.85 602.29 1211.26 588.56 1215.8 large_vehicle
522.9 1224.3 536.09 1218.84 537.63 1222.54 524.44 1228.0 large_vehicle
577.9 1229.26 582.99 1237.41 579.4 1239.66 574.31 1231.51 medium_vehicle
426.08 1241.04 428.49 1245.79 425.37 1247.37 422.96 1242.62 medium_vehicle
183.59 1142.48 187.07 1143.23 185.44 1150.79 181.96 1150.04 medium_vehicle
601.03 1249.76 618.93 1243.03 621.02 1248.6 603.12 1255.33 large_vehicle
566.53 1219.39 576.34 1216.14 577.57 1219.87 567.76 1223.12 medium_vehicle
249.72 684.13 261.78 683.8 261.93 689.03 249.87 689.36 medium_vehicle
1038.48 296.02 1051.55 290.09 1053.59 294.59 1040.52 300.52 small_aircraft
891.36 632.3 963.25 634.31 962.17 672.92 890.28 670.91 large_aircraft
553.25 359.54 609.14 340.08 617.98 365.46 562.09 384.92 large_aircraft
431.28 1239.76 433.23 1244.71 429.41 1246.22 427.46 1241.27 medium_vehicle
437.95 447.54 452.82 477.38 410.3 498.58 395.43 468.74 large_aircraft
623.71 1218.0 629.15 1227.46 625.35 1229.65 619.91 1220.19 large_vehicle
594.91 1228.37 599.7 1237.81 595.36 1240.01 590.57 1230.57 medium_vehicle
518.79 1216.75 532.64 1211.01 534.29 1215.01 520.44 1220.75 large_vehicle
1119.02 461.1 1133.71 457.51 1134.87 462.29 1120.18 465.88 bus
171.68 1142.77 175.2 1143.32 174.03 1150.78 170.51 1150.23 medium_vehicle
180.04 1142.03 183.52 1142.78 181.89 1150.34 178.41 1149.59 medium_vehicle
891.95 368.44 900.82 362.79 903.56 367.09 894.69 372.74 medium_vehicle
576.52 1260.62 594.71 1253.78 596.32 1258.08 578.13 1264.92 large_vehicle
515.44 1211.91 527.75 1206.27 529.55 1210.21 517.24 1215.85 large_vehicle
823.06 330.25 866.78 326.27 869.47 355.74 825.75 359.72 large_aircraft
