99.91 32.3 100.13 25.05 124.22 25.81 124.0 33.06 bus
226.96 71.16 227.39 77.56 204.47 79.12 204.04 72.72 bus
172.39 -2.94 179.35 -0.45 175.32 10.8 168.36 8.31 bus
99.5 46.31 99.54 37.74 124.94 37.88 124.9 46.45 bus
160.59 11.91 168.22 14.36 160.84 37.34 153.21 34.89 bus
228.67 43.29 228.6 51.34 204.11 51.13 204.18 43.08 bus
172.08 36.58 178.77 38.73 171.16 62.41 164.47 60.26 bus
98.1 71.18 98.13 63.65 121.56 63.78 121.53 71.31 bus
108.4 3.43 109.09 -2.82 131.92 -0.3 131.23 5.95 bus
230.65 16.47 230.59 22.53 207.1 22.33 207.16 16.27 bus
153.23 35.32 159.81 37.56 152.53 58.94 145.95 56.7 bus
227.85 60.51 228.27 66.63 204.92 68.22 204.5 62.1 bus
106.2 10.38 106.86 2.99 129.73 5.03 129.07 12.42 bus
228.81 36.46 228.73 45.13 203.59 44.91 203.67 36.24 bus
181.42 118.6 187.91 117.86 190.7 142.35 184.21 143.09 bus
232.42 83.31 233.16 90.66 207.82 93.23 207.08 85.88 bus
180.21 -2.31 185.84 -0.29 181.54 11.7 175.91 9.68 bus
152.5 126.21 159.02 125.82 160.32 147.11 153.8 147.5 bus
227.87 65.45 228.31 71.86 204.48 73.49 204.04 67.08 bus
166.05 36.17 172.73 38.31 165.12 62.0 158.44 59.86 bus
142.82 79.26 149.92 80.32 146.57 102.7 139.47 101.64 bus
237.77 4.45 237.61 10.31 214.26 9.7 214.42 3.84 bus
169.41 12.71 175.66 14.95 167.52 37.68 161.27 35.44 bus
159.81 35.69 166.37 37.79 159.17 60.21 152.61 58.11 bus
103.19 23.5 103.63 16.31 127.56 17.77 127.12 24.96 bus
160.99 123.85 167.48 123.12 170.23 147.6 163.74 148.33 bus
151.06 79.31 157.74 80.74 153.02 102.74 146.34 101.31 bus
235.15 8.72 234.94 16.97 209.85 16.31 210.06 8.06 bus
99.06 65.19 99.09 58.6 123.04 58.73 123.01 65.32 bus
231.64 22.78 231.59 28.84 207.41 28.63 207.46 22.57 bus
98.78 58.82 98.82 50.25 124.22 50.39 124.18 58.96 bus
99.09 78.41 98.78 71.33 121.59 70.34 121.9 77.42 bus
187.82 116.8 194.31 116.06 197.1 140.55 190.61 141.29 bus
228.56 90.35 229.54 98.95 203.51 101.91 202.53 93.31 bus
229.03 76.49 229.87 84.56 204.87 87.15 204.03 79.08 bus
226.33 52.45 227.15 61.28 202.31 63.59 201.49 54.76 bus
174.29 121.02 180.71 119.87 185.03 144.13 178.61 145.28 bus
99.62 37.08 99.76 32.5 123.85 33.25 123.71 37.83 bus
238.55 -0.3 238.42 4.53 215.07 3.92 215.2 -0.91 bus
105.2 18.03 105.67 11.37 128.19 12.98 127.72 19.64 bus
167.94 123.1 174.43 122.37 177.18 146.85 170.69 147.58 bus
157.73 80.67 164.12 82.04 159.67 102.8 153.28 101.43 bus
