9.74 549.24 16.1 549.58 14.86 572.6 8.5 572.26 bus
192.23 1028.61 192.16 1021.12 207.05 1020.99 207.12 1028.48 medium_vehicle
0.03 672.15 6.33 672.62 4.67 695.19 -1.62 694.72 bus
593.05 574.43 577.77 554.88 582.57 551.13 597.85 570.68 large_vehicle
281.29 1136.33 281.18 1124.57 286.02 1124.52 286.13 1136.28 medium_vehicle
18.47 640.14 25.01 640.45 23.91 663.85 17.37 663.54 bus
7.1 724.17 29.99 721.8 30.84 730.1 7.95 732.47 bus
18.63 546.81 24.99 547.15 23.75 570.18 17.39 569.84 bus
3.57 623.34 10.31 623.66 9.21 647.05 2.47 646.73 bus
622.0 547.27 613.77 535.52 618.76 532.03 626.99 543.78 container
313.4 441.98 313.59 419.86 319.67 419.91 319.48 442.03 bus
78.06 760.99 101.22 757.94 102.31 766.2 79.15 769.25 bus
16.77 666.45 23.07 666.75 22.01 689.34 15.71 689.04 bus
63.87 1157.24 78.72 1155.76 79.43 1162.86 64.58 1164.34 medium_vehicle
185.31 971.99 180.11 971.92 180.26 961.41 185.46 961.48 medium_vehicle
27.58 539.76 33.93 540.24 32.2 563.23 25.85 562.75 bus
599.64 563.01 589.74 548.87 594.73 545.38 604.63 559.52 medium_vehicle
23.22 500.63 29.29 500.96 28.05 523.97 21.98 523.64 bus
435.92 301.93 450.47 284.59 456.68 289.8 442.13 307.14 bus
31.38 497.82 37.44 498.15 36.2 521.17 30.14 520.84 bus
-0.47 501.52 4.21 501.78 2.97 524.8 -1.71 524.54 bus
-2.45 719.92 9.22 717.46 10.94 725.63 -0.73 728.09 bus
603.02 555.89 595.32 544.91 600.3 541.42 608.0 552.4 container
5.34 595.55 11.91 595.86 10.81 619.05 4.24 618.74 bus
175.15 1031.87 175.09 1024.61 189.99 1024.48 190.05 1031.74 medium_vehicle
306.71 580.05 306.92 556.93 313.2 556.98 312.99 580.1 bus
8.47 572.73 14.79 573.07 13.59 595.14 7.27 594.8 bus
593.73 566.13 583.22 552.44 588.04 548.74 598.55 562.43 medium_vehicle
16.45 573.97 22.53 574.26 21.43 597.65 15.35 597.36 bus
