360.64 623.22 394.82 622.56 395.76 671.46 361.58 672.12 small_aircraft
892.18 791.71 891.61 784.94 906.92 783.65 907.49 790.42 medium_vehicle
755.24 43.53 779.43 41.84 780.04 50.52 755.85 52.21 bus
784.33 485.47 797.99 476.16 813.99 499.61 800.33 508.92 small_aircraft
1237.6 547.3 1238.06 555.69 1213.01 557.04 1212.55 548.65 container
354.73 583.54 380.73 582.54 381.66 606.59 355.66 607.59 small_aircraft
897.17 800.21 896.7 794.61 912.86 793.25 913.33 798.85 medium_vehicle
897.16 806.08 896.61 800.48 912.73 798.87 913.28 804.47 medium_vehicle
891.41 777.99 891.14 771.21 908.05 770.53 908.32 777.31 medium_vehicle
294.92 303.91 315.81 302.89 316.39 314.77 295.5 315.79 small_aircraft
890.33 784.54 890.15 778.07 904.31 777.67 904.49 784.14 medium_vehicle
801.13 394.69 819.87 404.99 807.12 428.18 788.38 417.88 small_aircraft
922.31 727.32 929.39 727.37 929.28 741.85 922.2 741.8 heavy_equipment
