810.04 898.06 885.93 930.43 853.23 1007.11 777.34 974.74 large_aircraft
963.12 675.61 1036.62 694.89 1023.85 743.56 950.35 724.28 large_aircraft
621.28 606.59 694.77 625.87 681.76 675.46 608.27 656.18 large_aircraft
709.12 1150.91 785.01 1183.28 747.06 1272.26 671.17 1239.89 large_aircraft
1084.74 954.28 1160.62 986.65 1127.95 1063.24 1052.07 1030.87 large_aircraft
856.84 490.68 930.05 509.88 916.97 559.73 843.76 540.53 large_aircraft
1216.53 263.7 1247.52 271.83 1240.42 298.92 1209.43 290.79 small_aircraft
1023.64 526.53 1096.85 545.74 1083.82 595.42 1010.61 576.21 large_aircraft
1190.94 560.16 1264.06 579.34 1250.92 629.45 1177.8 610.27 large_aircraft
1151.74 236.16 1204.91 250.11 1194.83 288.53 1141.66 274.58 small_aircraft
1259.61 281.15 1285.27 287.88 1279.99 308.04 1254.33 301.31 small_aircraft
1108.05 542.71 1181.26 561.92 1168.23 611.61 1095.02 592.4 large_aircraft
879.88 656.59 952.44 675.63 939.67 724.3 867.11 705.26 large_aircraft
1131.38 57.53 1184.65 71.51 1174.68 109.51 1121.41 95.53 small_aircraft
1175.92 743.69 1210.49 752.76 1202.41 783.55 1167.84 774.48 small_aircraft
710.6 620.53 784.64 639.96 771.63 689.54 697.59 670.11 large_aircraft
937.55 923.09 1013.45 955.46 981.53 1030.3 905.63 997.93 large_aircraft
552.46 854.01 628.36 886.38 595.66 963.05 519.76 930.68 large_aircraft
1058.18 216.39 1131.3 235.57 1118.16 285.67 1045.04 266.49 large_aircraft
