595.89 133.53 592.84 17.31 703.86 14.4 706.91 130.62 large_aircraft
1044.33 1193.06 927.32 1194.9 925.48 1077.57 1042.49 1075.73 large_aircraft
485.78 1146.7 486.83 1106.8 543.36 1108.28 542.31 1148.18 small_aircraft
691.1 88.76 689.27 18.64 753.44 16.96 755.27 87.08 large_aircraft
117.56 128.21 115.95 66.7 181.12 65.0 182.73 126.51 large_aircraft
272.75 872.1 268.89 827.07 328.08 822.0 331.94 867.03 large_aircraft
53.12 406.52 49.76 342.41 114.91 339.0 118.27 403.11 large_aircraft
711.12 1221.77 647.55 1218.1 651.78 1144.69 715.35 1148.36 large_aircraft
1279.38 165.94 1298.15 200.79 1241.35 231.38 1222.58 196.53 large_aircraft
428.59 1237.96 365.16 1232.41 370.74 1168.62 434.17 1174.17 large_aircraft
1122.86 877.49 1079.15 836.59 1137.39 774.35 1181.1 815.25 large_aircraft
275.54 936.36 271.72 891.82 326.33 887.14 330.15 931.68 large_aircraft
1089.78 300.35 1101.74 196.94 1212.73 209.79 1200.77 313.2 large_aircraft
369.54 1124.53 367.47 1085.04 425.28 1082.01 427.35 1121.5 small_aircraft
1144.14 1154.16 1093.43 1108.66 1131.22 1066.54 1181.93 1112.04 large_aircraft
694.15 234.73 692.33 165.42 756.02 163.75 757.84 233.06 large_aircraft
844.57 1212.19 756.41 1216.19 752.29 1125.33 840.45 1121.33 large_aircraft
245.4 738.31 237.95 651.3 325.16 643.83 332.61 730.84 large_aircraft
698.06 302.44 696.43 240.12 762.75 238.39 764.38 300.71 large_aircraft
1136.85 805.75 1071.16 763.41 1118.44 690.04 1184.13 732.38 large_aircraft
277.66 897.35 272.71 869.29 305.34 863.53 310.29 891.59 small_aircraft
1146.58 1082.6 1090.73 1039.75 1124.0 996.4 1179.85 1039.25 large_aircraft
609.66 808.69 608.29 790.92 651.09 787.62 652.46 805.39 small_aircraft
1205.04 545.64 1213.2 545.64 1213.2 579.96 1205.04 579.96 large_vehicle
387.53 847.01 382.49 812.9 418.56 807.58 423.6 841.69 small_aircraft
1124.45 1023.37 1091.37 964.66 1141.81 936.25 1174.89 994.96 large_aircraft
696.8 168.58 694.93 97.34 758.96 95.66 760.83 166.9 large_aircraft
356.51 1131.34 347.7 1108.84 378.82 1096.65 387.63 1119.15 small_aircraft
51.13 338.67 49.18 264.22 114.95 262.5 116.9 336.95 large_aircraft
330.32 1208.71 328.93 1182.11 361.6 1180.4 362.99 1207.0 small_aircraft
676.25 915.71 686.75 880.01 742.83 896.52 732.33 932.22 large_aircraft
1201.95 299.49 1212.96 204.28 1291.03 213.31 1280.02 308.52 large_aircraft
1161.41 230.51 1173.24 128.29 1280.52 140.71 1268.69 242.93 large_aircraft
49.63 259.96 47.96 195.9 113.74 194.17 115.41 258.23 large_aircraft
1128.79 970.66 1073.55 918.96 1134.3 854.04 1189.54 905.74 large_aircraft
610.35 838.18 608.93 819.73 643.46 817.07 644.88 835.52 small_aircraft
118.18 231.44 116.35 161.34 181.11 159.65 182.94 229.75 large_aircraft
935.55 1202.08 848.19 1206.05 844.07 1115.2 931.43 1111.23 large_aircraft
1217.8 547.1 1224.05 547.1 1224.05 566.3 1217.8 566.3 large_vehicle
675.91 943.09 691.64 909.37 744.11 933.84 728.38 967.56 large_aircraft
47.26 219.52 44.2 102.75 159.96 99.71 163.02 216.48 large_aircraft
668.83 981.76 695.95 938.69 747.15 970.93 720.03 1014.0 large_aircraft
