97.95 1274.73 98.29 1280.17 84.19 1281.05 83.85 1275.61 medium_vehicle
185.47 805.58 235.78 806.99 234.45 854.77 184.14 853.36 small_aircraft
1062.73 474.58 1070.43 474.61 1070.36 495.01 1062.66 494.98 medium_vehicle
1014.58 648.1 1021.28 648.09 1021.31 668.59 1014.61 668.6 container
1045.63 466.4 1053.8 466.0 1054.94 489.19 1046.77 489.59 large_vehicle
1037.9 466.6 1045.7 466.6 1045.7 490.4 1037.9 490.4 large_vehicle
364.37 901.99 379.03 915.09 361.82 934.34 347.16 921.24 small_aircraft
1078.83 96.89 1103.33 96.5 1103.44 103.7 1078.94 104.09 large_vehicle
1083.24 650.59 1097.97 650.41 1098.04 656.6 1083.31 656.78 container
1143.42 528.5 1149.38 529.14 1145.93 561.4 1139.97 560.76 large_vehicle
1071.19 474.62 1077.31 474.44 1077.92 494.79 1071.8 494.97 medium_vehicle
320.99 623.06 357.92 624.09 356.94 658.97 320.01 657.94 small_aircraft
1006.79 1124.42 1014.43 1125.14 1012.67 1143.81 1005.03 1143.09 medium_vehicle
308.9 482.06 344.65 482.94 343.85 515.35 308.1 514.47 small_aircraft
1083.28 656.42 1098.0 656.78 1097.84 663.26 1083.12 662.9 container
1055.19 472.27 1062.06 472.51 1061.48 489.2 1054.61 488.96 medium_vehicle
343.61 926.23 358.39 915.72 373.7 937.27 358.92 947.78 small_aircraft
1047.5 160.55 1077.12 161.84 1076.86 167.94 1047.24 166.65 container
324.86 589.13 345.6 590.69 343.53 618.14 322.79 616.58 small_aircraft
98.61 1260.27 98.83 1267.01 82.29 1267.53 82.07 1260.79 medium_vehicle
1157.21 635.55 1173.12 637.22 1172.38 644.26 1156.47 642.59 container
1082.26 645.13 1096.69 643.89 1097.22 650.06 1082.79 651.3 container
322.37 661.2 358.95 661.77 358.41 696.37 321.83 695.8 small_aircraft
