1155.64 921.92 1156.3 912.99 1173.3 914.24 1172.64 923.17 heavy_equipment
1148.24 197.06 1154.3 192.01 1169.6 210.37 1163.54 215.42 heavy_equipment
294.64 123.12 314.82 125.31 314.07 132.17 293.89 129.98 medium_vehicle
1157.29 899.33 1157.27 891.44 1172.33 891.42 1172.35 899.31 heavy_equipment
248.38 272.73 254.86 274.64 247.17 300.77 240.69 298.86 large_vehicle
265.53 215.81 282.94 216.81 282.43 225.65 265.02 224.65 heavy_equipment
275.79 288.59 282.12 290.65 275.52 310.95 269.19 308.89 medium_vehicle
438.48 1014.36 443.66 1014.06 444.48 1028.13 439.3 1028.43 medium_vehicle
261.1 282.92 267.91 285.13 261.48 304.92 254.67 302.71 medium_vehicle
240.45 273.84 247.61 276.56 239.88 296.92 232.72 294.2 medium_vehicle
1266.89 615.9 1272.24 619.69 1263.34 632.25 1257.99 628.46 medium_vehicle
1126.57 946.03 1126.72 939.24 1139.23 939.53 1139.08 946.32 heavy_equipment
1154.39 880.33 1154.9 873.27 1172.86 874.56 1172.35 881.62 heavy_equipment
1156.4 713.33 1163.98 713.91 1162.24 736.55 1154.66 735.97 large_vehicle
1258.69 597.7 1270.33 608.29 1265.94 613.11 1254.3 602.52 medium_vehicle
764.37 41.52 763.44 34.78 783.6 31.98 784.53 38.72 medium_vehicle
804.87 26.44 806.3 33.05 785.52 37.55 784.09 30.94 large_vehicle
1256.09 375.52 1260.28 379.7 1249.26 390.77 1245.07 386.59 medium_vehicle
1245.88 445.95 1250.23 449.95 1238.41 462.8 1234.06 458.8 medium_vehicle
1261.69 585.77 1276.12 596.36 1272.52 601.27 1258.09 590.68 medium_vehicle
786.06 39.23 786.65 46.02 764.84 47.93 764.25 41.14 large_vehicle
1250.6 602.64 1264.07 614.31 1260.11 618.88 1246.64 607.21 medium_vehicle
101.98 840.63 107.97 841.75 105.23 856.39 99.24 855.27 heavy_equipment
1130.04 877.96 1145.43 878.63 1145.13 885.57 1129.74 884.9 medium_vehicle
1129.09 887.94 1144.47 888.61 1144.17 895.55 1128.79 894.88 medium_vehicle
253.59 235.76 272.67 231.18 274.2 237.52 255.12 242.1 medium_vehicle
1240.62 779.68 1242.76 772.12 1264.25 778.2 1262.11 785.76 heavy_equipment
1169.78 739.13 1175.3 739.31 1174.72 757.78 1169.2 757.6 medium_vehicle
254.49 278.4 260.99 280.31 252.61 308.8 246.11 306.89 large_vehicle
126.98 791.81 126.94 799.15 106.09 799.05 106.13 791.71 medium_vehicle
1273.76 623.26 1279.81 625.77 1273.74 640.41 1267.69 637.9 medium_vehicle
228.94 55.6 244.29 53.25 245.42 60.68 230.07 63.03 heavy_equipment
1211.24 706.06 1224.51 720.54 1220.13 724.54 1206.86 710.06 medium_vehicle
1264.32 387.67 1268.68 391.68 1258.11 403.18 1253.75 399.17 medium_vehicle
1257.25 737.38 1280.97 744.77 1278.97 751.2 1255.25 743.81 large_vehicle
486.02 907.78 491.77 912.14 467.3 944.38 461.55 940.02 large_vehicle
467.7 1124.97 473.07 1121.87 480.45 1134.66 475.08 1137.76 medium_vehicle
1155.62 889.01 1156.06 881.94 1170.69 882.86 1170.25 889.93 heavy_equipment
463.86 551.27 469.41 552.95 462.73 574.96 457.18 573.28 container
1251.33 772.59 1253.38 765.35 1271.75 770.55 1269.7 777.79 heavy_equipment
1157.8 962.02 1157.67 954.01 1177.64 953.7 1177.77 961.71 heavy_equipment
1130.62 898.12 1146.72 898.27 1146.67 905.07 1130.57 904.92 medium_vehicle
1254.96 748.99 1272.52 751.4 1271.56 758.44 1254.0 756.03 medium_vehicle
243.39 93.51 218.11 74.87 223.93 66.97 249.21 85.61 heavy_equipment
1090.4 932.83 1096.0 932.77 1096.39 969.26 1090.79 969.32 large_vehicle
817.46 16.64 818.58 23.3 797.63 26.84 796.51 20.18 large_vehicle
268.02 286.9 274.22 288.91 267.63 309.18 261.43 307.17 medium_vehicle
524.8 872.9 518.55 867.96 527.72 856.36 533.97 861.3 heavy_equipment
817.07 33.22 817.55 40.0 798.44 41.37 797.96 34.59 medium_vehicle
86.65 219.11 93.94 220.87 85.44 256.03 78.15 254.27 large_vehicle
399.82 168.66 417.01 178.91 413.73 184.42 396.54 174.17 medium_vehicle
1155.68 948.0 1155.89 938.5 1173.01 938.89 1172.8 948.39 heavy_equipment
