822.66 557.7 897.58 582.48 869.46 667.5 794.54 642.72 large_aircraft
543.13 914.29 624.15 943.14 596.98 1019.43 515.96 990.58 large_aircraft
920.56 590.53 997.87 614.17 967.31 714.14 890.0 690.5 large_aircraft
260.17 381.42 388.5 327.74 443.07 458.19 314.74 511.87 large_aircraft
1126.58 759.0 1132.23 762.38 1123.96 776.19 1118.31 772.81 medium_vehicle
1116.68 747.7 1132.66 751.65 1131.2 757.54 1115.22 753.59 medium_vehicle
97.04 498.06 120.71 506.44 118.12 513.77 94.45 505.39 large_vehicle
785.92 587.66 798.99 595.92 795.07 602.12 782.0 593.86 medium_vehicle
1076.95 888.92 1093.99 884.71 1095.48 890.72 1078.44 894.93 medium_vehicle
166.92 694.14 297.21 644.39 346.86 774.42 216.57 824.17 large_aircraft
804.7 846.69 882.34 870.43 856.46 955.06 778.82 931.32 large_aircraft
715.4 377.55 766.15 449.76 700.79 495.69 650.04 423.48 large_aircraft
760.16 631.02 776.57 634.99 775.12 640.99 758.71 637.02 medium_vehicle
762.97 622.35 779.58 627.33 777.6 633.93 760.99 628.95 medium_vehicle
123.36 548.32 129.95 550.06 125.53 566.81 118.94 565.07 medium_vehicle
155.03 550.4 171.17 553.98 169.59 561.1 153.45 557.52 medium_vehicle
650.95 1097.36 710.08 1035.27 770.2 1092.52 711.07 1154.61 large_aircraft
97.91 538.22 104.54 539.82 100.46 556.65 93.83 555.05 medium_vehicle
