1252.65 413.76 1276.43 415.01 1275.55 431.81 1251.77 430.56 small_aircraft
264.39 754.6 283.2 754.6 283.2 761.5 264.39 761.5 large_vehicle
247.6 391.8 326.3 391.8 326.3 481.5 247.6 481.5 large_aircraft
633.79 371.2 772.09 371.2 772.09 509.6 633.79 509.6 large_aircraft
128.88 738.68 145.1 738.68 145.1 746.3 128.88 746.3 medium_vehicle
418.74 1222.15 431.39 1226.22 429.46 1232.22 416.81 1228.15 heavy_equipment
470.53 711.68 478.63 711.71 478.56 731.91 470.46 731.88 medium_vehicle
496.86 712.79 504.76 712.55 505.43 735.13 497.53 735.37 large_vehicle
1025.74 1201.79 1039.66 1204.19 1038.58 1210.46 1024.66 1208.06 medium_vehicle
451.66 471.99 459.43 472.0 459.38 497.46 451.61 497.45 large_vehicle
266.09 703.6 287.41 706.86 286.31 714.08 264.99 710.82 large_vehicle
1241.59 326.89 1266.19 326.89 1266.19 345.4 1241.59 345.4 small_aircraft
262.1 772.45 282.99 772.45 282.99 779.35 262.1 779.35 large_vehicle
495.54 746.68 502.34 746.65 502.45 768.58 495.65 768.61 large_vehicle
265.5 727.8 287.5 727.8 287.5 735.09 265.5 735.09 large_vehicle
806.0 418.6 885.0 418.6 885.0 506.3 806.0 506.3 large_aircraft
124.9 761.6 147.5 762.39 147.28 768.62 124.68 767.83 large_vehicle
543.27 421.34 621.77 420.24 623.01 508.64 544.51 509.74 large_aircraft
1010.23 799.83 1036.06 791.84 1038.55 799.88 1012.72 807.87 heavy_equipment
151.9 800.7 170.4 800.7 170.4 806.0 151.9 806.0 medium_vehicle
1256.58 551.52 1281.19 555.24 1278.48 573.15 1253.87 569.43 small_aircraft
955.81 330.26 1087.23 323.14 1094.91 465.05 963.49 472.17 large_aircraft
483.17 691.8 499.13 682.88 502.06 688.12 486.1 697.04 medium_vehicle
