531.67 493.59 551.37 493.8 551.3 501.3 531.6 501.09 medium_vehicle
604.79 464.75 632.09 464.75 632.09 485.2 604.79 485.2 small_aircraft
168.27 1016.97 174.5 1018.93 170.05 1033.06 163.82 1031.1 medium_vehicle
996.28 923.13 1014.29 937.56 1009.46 943.59 991.45 929.16 heavy_equipment
1053.82 896.04 1060.13 897.13 1057.35 913.22 1051.04 912.13 medium_vehicle
825.7 542.55 837.05 528.73 857.75 545.73 846.4 559.55 small_aircraft
888.4 530.9 894.8 530.9 894.8 562.1 888.4 562.1 large_vehicle
525.32 471.94 557.51 472.89 557.27 480.87 525.08 479.92 bus
636.4 468.66 660.5 468.66 660.5 489.3 636.4 489.3 small_aircraft
746.04 502.64 755.85 490.12 772.62 503.26 762.81 515.78 small_aircraft
960.6 445.8 997.0 445.8 997.0 473.5 960.6 473.5 small_aircraft
196.75 930.54 203.18 932.36 198.59 948.59 192.16 946.77 medium_vehicle
551.94 1129.99 577.95 1135.33 576.6 1141.9 550.59 1136.56 bus
865.76 545.63 873.0 545.56 873.19 566.66 865.95 566.73 medium_vehicle
1037.86 893.86 1042.05 898.64 1029.19 909.9 1025.0 905.12 medium_vehicle
1130.33 769.34 1141.45 776.02 1138.05 781.66 1126.93 774.98 medium_vehicle
905.3 519.9 911.75 519.9 911.75 562.52 905.3 562.52 large_vehicle
820.85 555.33 837.9 549.19 847.08 574.69 830.03 580.83 small_aircraft
1187.67 737.63 1193.64 740.75 1185.68 756.04 1179.71 752.92 medium_vehicle
