969.15 639.99 991.43 659.29 987.0 664.4 964.72 645.1 large_vehicle
956.24 623.97 968.73 634.78 964.55 639.6 952.06 628.79 medium_vehicle
1115.8 719.27 1124.36 726.46 1120.61 730.93 1112.05 723.74 medium_vehicle
966.13 625.4 982.49 639.58 979.13 643.47 962.77 629.29 large_vehicle
387.79 661.85 397.33 672.55 392.48 676.87 382.94 666.17 medium_vehicle
533.05 725.3 563.86 738.13 544.55 784.53 513.74 771.7 pylon
49.65 337.74 75.93 356.14 46.22 398.56 19.94 380.16 pylon
973.97 622.3 996.09 641.46 991.68 646.54 969.56 627.38 large_vehicle
968.67 606.64 978.88 615.48 974.63 620.39 964.42 611.55 medium_vehicle
916.05 556.59 924.43 563.61 920.29 568.54 911.91 561.52 medium_vehicle
100.29 234.28 116.03 246.58 91.16 278.41 75.42 266.11 pylon
1103.3 708.67 1110.93 716.6 1107.02 720.37 1099.39 712.44 heavy_equipment
975.65 1045.29 1011.17 1065.3 980.21 1120.23 944.69 1100.22 pylon
1136.87 735.9 1147.29 744.77 1143.45 749.28 1133.03 740.41 medium_vehicle
