573.21 100.23 578.83 100.03 579.29 112.49 573.67 112.69 medium_vehicle
736.25 212.01 758.98 220.33 746.03 255.73 723.3 247.41 pylon
527.79 317.15 531.48 319.96 525.25 328.14 521.56 325.33 medium_vehicle
469.34 537.77 487.64 547.92 471.32 577.37 453.02 567.22 pylon
671.57 173.81 675.15 176.92 663.9 189.91 660.32 186.8 bus
521.6 325.75 525.36 328.61 517.97 338.32 514.21 335.46 medium_vehicle
564.09 145.06 572.97 152.64 569.17 157.08 560.29 149.5 medium_vehicle
570.41 360.02 610.73 385.11 576.53 440.06 536.21 414.97 pylon
412.52 595.33 451.14 626.83 400.95 688.38 362.33 656.88 pylon
246.32 855.85 275.3 873.54 243.7 925.32 214.72 907.63 pylon
618.78 129.65 622.15 132.76 613.39 142.26 610.02 139.15 medium_vehicle
559.26 137.56 571.22 145.39 568.71 149.23 556.75 141.4 medium_vehicle
552.76 102.68 563.19 111.65 559.35 116.11 548.92 107.14 medium_vehicle
612.6 120.89 616.49 124.26 606.76 135.46 602.87 132.09 medium_vehicle
603.63 209.29 607.77 212.44 600.38 222.14 596.24 218.99 medium_vehicle
563.24 134.37 572.99 142.7 569.85 146.38 560.1 138.05 medium_vehicle
596.02 219.41 600.15 222.55 594.8 229.58 590.67 226.44 medium_vehicle
574.76 145.13 584.89 153.78 581.85 157.35 571.72 148.7 medium_vehicle
534.82 307.15 538.29 309.79 531.11 319.22 527.64 316.58 medium_vehicle
562.4 149.28 566.93 152.97 563.55 157.12 559.02 153.43 medium_vehicle
607.67 117.37 610.7 120.17 602.94 128.58 599.91 125.78 medium_vehicle
62.07 983.08 95.16 999.43 68.55 1053.27 35.46 1036.92 pylon
574.02 94.64 576.33 98.67 566.74 104.17 564.43 100.14 medium_vehicle
