892.22 718.55 913.72 736.14 878.65 778.98 857.15 761.39 pylon
33.5 724.17 45.32 734.74 39.81 740.9 27.99 730.33 medium_vehicle
61.02 681.05 73.13 691.88 68.74 696.79 56.63 685.96 container
432.7 1053.77 436.67 1058.33 414.57 1077.54 410.6 1072.98 double_trailer_truck
34.08 651.07 38.97 653.94 23.7 679.96 18.81 677.09 double_trailer_truck
23.66 734.81 36.56 746.35 31.98 751.47 19.08 739.93 medium_vehicle
502.33 1013.21 515.45 1024.7 510.44 1030.43 497.32 1018.94 medium_vehicle
49.02 685.25 66.73 701.08 62.82 705.45 45.11 689.62 container
294.73 843.36 315.81 864.51 310.9 869.41 289.82 848.26 large_vehicle
456.27 1104.13 460.97 1108.69 451.79 1118.17 447.09 1113.61 container
298.97 255.62 341.73 278.93 310.28 336.62 267.52 313.31 pylon
98.9 733.4 105.93 739.0 90.14 758.86 83.11 753.26 large_vehicle
222.88 709.91 239.97 730.2 234.86 734.5 217.77 714.21 large_vehicle
541.51 1102.31 551.14 1111.52 546.86 1116.0 537.23 1106.79 medium_vehicle
23.53 728.66 44.85 743.81 41.21 748.93 19.89 733.78 large_vehicle
29.79 643.31 35.55 646.32 27.82 661.12 22.06 658.11 container
507.36 1028.81 518.41 1038.48 513.68 1043.88 502.63 1034.21 medium_vehicle
45.28 667.57 65.42 692.8 59.15 697.81 39.01 672.58 double_trailer_truck
78.77 632.96 83.88 637.53 74.94 647.53 69.83 642.96 container
3.84 708.01 10.44 708.17 9.95 728.12 3.35 727.96 large_vehicle
32.78 634.11 37.02 638.37 20.62 654.72 16.38 650.46 large_vehicle
