822.21 76.02 840.54 88.66 837.52 93.03 819.19 80.39 large_vehicle
815.92 74.99 839.9 93.99 835.05 100.11 811.07 81.11 large_vehicle
800.11 107.35 814.63 117.36 810.26 123.69 795.74 113.68 medium_vehicle
867.16 86.75 884.79 89.04 883.75 97.04 866.12 94.75 medium_vehicle
812.86 81.94 836.21 99.03 832.28 104.41 808.93 87.32 large_vehicle
807.34 91.52 830.15 105.66 825.71 112.82 802.9 98.68 large_vehicle
908.6 53.36 922.24 69.9 916.11 74.96 902.47 58.42 bus
1155.02 44.93 1159.46 47.99 1150.66 60.74 1146.22 57.68 container
1155.89 70.75 1160.48 73.57 1154.41 83.47 1149.82 80.65 container
825.54 65.13 849.29 82.76 845.61 87.71 821.86 70.08 large_vehicle
847.51 133.13 851.82 136.1 843.47 148.21 839.16 145.24 medium_vehicle
1131.34 493.01 1136.06 496.7 1123.22 513.15 1118.5 509.46 large_vehicle
1160.74 46.5 1166.43 49.59 1155.24 70.21 1149.55 67.12 large_vehicle
785.38 228.89 789.83 231.95 782.79 242.16 778.34 239.1 heavy_equipment
1124.83 490.61 1129.75 494.3 1117.69 510.36 1112.77 506.67 large_vehicle
830.6 57.52 853.89 76.24 848.43 83.03 825.14 64.31 large_vehicle
1140.07 543.55 1144.8 546.82 1138.43 556.06 1133.7 552.79 heavy_equipment
801.0 101.61 824.32 116.3 819.27 124.32 795.95 109.63 large_vehicle
