410.29 1094.93 429.76 1089.24 448.72 1154.06 429.25 1159.75 pylon
1184.11 1005.52 1190.03 1005.52 1190.03 1009.82 1184.11 1009.82 small_vehicle
575.09 600.25 587.88 596.36 609.84 668.65 597.05 672.54 pylon
1028.2 127.75 1044.28 118.72 1083.37 188.36 1067.29 197.39 pylon
491.36 837.83 502.87 834.16 527.07 909.98 515.56 913.65 pylon
1182.59 1009.2 1189.67 1009.2 1189.67 1012.2 1182.59 1012.2 small_vehicle
859.51 489.49 875.69 484.57 900.37 565.82 884.19 570.74 pylon
561.6 1117.03 579.67 1112.36 596.17 1176.14 578.1 1180.81 pylon
1182.59 1011.42 1189.77 1011.42 1189.77 1015.0 1182.59 1015.0 small_vehicle
656.21 355.41 669.0 351.52 690.96 423.81 678.17 427.7 pylon
737.4 805.04 750.83 797.5 773.69 838.24 760.26 845.78 pylon
806.77 69.81 822.0 63.0 854.32 135.24 839.09 142.05 pylon
