1151.11 1032.19 1158.22 1028.72 1160.55 1033.49 1153.44 1036.96 small_vehicle
1197.66 1007.19 1204.31 1004.17 1206.23 1008.4 1199.58 1011.42 small_vehicle
165.74 29.62 178.4 25.4 201.44 94.67 188.78 98.89 pylon
1145.65 1050.99 1152.11 1047.84 1154.44 1052.61 1147.98 1055.76 small_vehicle
1002.18 1114.33 1008.6 1111.19 1010.72 1115.53 1004.3 1118.67 small_vehicle
1188.35 1025.9 1196.17 1022.09 1198.5 1026.86 1190.68 1030.67 small_vehicle
1069.67 1092.31 1076.56 1088.95 1078.68 1093.29 1071.79 1096.65 small_vehicle
215.49 85.9 225.09 82.37 249.69 149.24 240.09 152.77 pylon
1112.9 1049.68 1119.46 1046.48 1121.49 1050.65 1114.93 1053.85 small_vehicle
139.77 782.84 147.17 782.75 147.22 787.05 139.82 787.14 small_vehicle
770.72 1258.36 778.21 1254.7 780.33 1259.04 772.84 1262.7 small_vehicle
