1193.05 253.21 1206.51 248.07 1232.39 315.86 1218.93 321.0 pylon
972.69 1059.8 976.2 1059.8 976.2 1066.32 972.69 1066.32 small_vehicle
687.54 665.5 702.16 660.04 728.1 729.41 713.48 734.87 pylon
897.88 515.31 907.64 511.81 932.08 580.08 922.32 583.58 pylon
821.47 398.01 831.16 394.68 854.35 462.01 844.66 465.34 pylon
379.99 732.1 390.77 728.34 413.76 794.36 402.98 798.12 pylon
444.16 544.13 453.08 541.03 476.08 607.07 467.16 610.17 pylon
29.18 812.0 39.05 808.47 61.71 871.74 51.84 875.27 pylon
1198.93 302.47 1207.46 299.58 1228.22 360.9 1219.69 363.79 pylon
78.73 686.14 91.27 681.2 116.42 745.06 103.88 750.0 pylon
