508.18 58.1 513.06 57.9 513.73 73.93 508.85 74.13 large_vehicle
520.75 42.14 525.64 42.35 524.99 57.23 520.1 57.02 large_vehicle
518.48 63.72 518.99 58.3 533.05 59.61 532.54 65.03 large_vehicle
851.38 164.31 855.32 159.84 870.29 173.04 866.35 177.51 large_vehicle
493.72 12.38 499.7 13.32 497.73 25.92 491.75 24.98 large_vehicle
668.97 0.17 708.62 -4.83 716.51 57.58 676.86 62.59 large_vessel
829.04 407.49 834.08 400.2 838.45 403.21 833.41 410.5 medium_vessel
1147.9 522.08 1165.33 513.43 1200.14 583.56 1182.71 592.21 large_vessel
721.19 90.22 724.54 85.35 741.15 96.81 737.8 101.68 large_vehicle
1040.68 512.89 1071.49 491.16 1150.01 602.47 1119.2 624.2 large_vessel
854.35 178.66 855.15 173.24 869.56 175.37 868.76 180.79 large_vehicle
869.35 135.76 874.55 134.66 878.13 151.65 872.93 152.75 large_vehicle
872.33 155.05 877.23 157.1 871.95 169.71 867.05 167.66 large_vehicle
535.39 0.06 590.27 -6.86 599.49 66.09 544.61 73.02 large_vessel
876.39 180.13 881.16 176.55 893.14 192.52 888.37 196.1 large_vehicle
490.72 37.69 495.25 39.46 490.8 50.81 486.27 49.04 large_vehicle
598.71 490.84 638.29 471.36 702.53 601.92 662.95 621.4 large_vessel
838.21 164.75 841.89 160.57 856.65 173.57 852.97 177.75 large_vehicle
883.03 75.13 926.55 69.63 943.22 201.61 899.7 207.11 large_vessel
485.54 -0.12 487.88 -3.96 497.53 1.93 495.19 5.77 large_vehicle
867.16 117.77 872.93 116.05 877.89 132.68 872.12 134.4 large_vehicle
805.72 39.46 800.1 39.61 799.77 26.84 805.39 26.69 large_vehicle
470.05 24.77 476.09 21.85 486.26 42.89 480.22 45.81 double_trailer_truck
756.17 115.96 758.34 110.69 777.97 118.78 775.8 124.05 large_vehicle
940.08 558.36 984.5 537.74 1062.7 706.22 1018.28 726.84 large_vessel
503.11 52.55 508.33 52.88 507.45 66.75 502.23 66.42 large_vehicle
500.03 35.06 506.06 35.57 504.7 51.42 498.67 50.91 large_vehicle
483.15 3.85 485.5 0.01 497.48 7.32 495.13 11.16 large_vehicle
509.75 51.02 507.02 44.52 518.29 39.78 521.02 46.28 large_vehicle
523.73 66.33 528.62 66.27 528.81 82.07 523.92 82.13 large_vehicle
783.88 91.56 778.28 91.98 776.85 73.02 782.45 72.6 large_vehicle
526.24 43.33 531.13 43.27 531.32 58.16 526.43 58.22 large_vehicle
865.61 100.21 871.14 99.46 873.32 115.52 867.79 116.27 large_vehicle
875.29 159.3 880.59 159.3 880.59 173.08 875.29 173.08 large_vehicle
512.79 60.67 517.68 60.47 518.35 76.5 513.46 76.7 large_vehicle
518.19 63.67 523.08 63.47 523.75 79.5 518.86 79.7 large_vehicle
806.42 57.78 800.8 57.75 800.89 40.23 806.51 40.26 large_vehicle
789.75 87.99 784.17 88.65 781.96 69.77 787.54 69.11 large_vehicle
776.45 70.96 770.84 71.25 770.0 54.62 775.61 54.33 large_vehicle
511.86 38.36 512.14 32.3 525.48 32.9 525.2 38.96 large_vehicle
494.56 42.22 499.14 43.88 494.98 55.35 490.4 53.69 large_vehicle
481.84 432.24 532.35 426.3 555.43 622.76 504.92 628.7 large_vessel
813.52 139.4 816.68 135.81 831.29 148.69 828.13 152.28 large_vehicle
874.16 180.87 880.08 181.59 878.31 195.99 872.39 195.27 large_vehicle
291.3 436.08 325.02 428.42 345.83 520.0 312.11 527.66 large_vessel
718.31 85.24 712.42 84.97 713.22 68.12 719.11 68.39 large_vehicle
