573.93 226.99 581.79 229.9 574.65 249.2 566.79 246.29 heavy_equipment
995.74 1211.01 1000.46 1213.92 992.7 1226.48 987.98 1223.57 medium_vehicle
931.48 715.67 937.79 716.04 937.01 729.47 930.7 729.1 medium_vehicle
267.46 822.38 277.34 817.63 280.5 824.2 270.62 828.95 medium_vehicle
301.41 257.27 310.28 256.96 310.46 262.21 301.59 262.52 medium_vehicle
554.79 250.45 561.08 250.63 560.5 271.32 554.21 271.14 medium_vehicle
300.0 247.3 310.05 247.3 310.05 251.38 300.0 251.38 medium_vehicle
678.32 970.73 699.7 988.54 695.34 993.76 673.96 975.95 large_vehicle
980.98 1209.14 985.92 1212.18 978.13 1224.79 973.19 1221.75 medium_vehicle
586.4 831.3 593.97 829.99 597.31 849.31 589.74 850.62 bus
999.71 1213.7 1004.43 1216.61 996.67 1229.18 991.95 1226.27 medium_vehicle
426.63 432.98 427.34 428.36 437.83 429.96 437.12 434.58 medium_vehicle
1004.81 1216.3 1009.53 1219.21 1001.77 1231.78 997.05 1228.87 medium_vehicle
885.31 1237.07 889.73 1233.32 897.12 1242.01 892.7 1245.76 bus
978.56 1202.06 983.49 1205.1 975.42 1218.16 970.49 1215.12 medium_vehicle
599.79 709.54 605.37 708.95 606.81 722.69 601.23 723.28 medium_vehicle
803.0 363.24 809.29 363.66 808.39 376.8 802.1 376.38 medium_vehicle
966.87 50.67 974.31 43.04 979.77 48.36 972.33 55.99 heavy_equipment
602.56 731.28 609.78 730.49 612.01 750.74 604.79 751.53 bus
489.85 352.48 491.36 346.16 509.8 350.55 508.29 356.87 large_vehicle
508.75 355.43 510.64 349.91 520.87 353.42 518.98 358.94 medium_vehicle
