1247.76 760.48 1154.99 621.91 1188.85 599.25 1281.62 737.82 pylon
228.99 336.01 205.49 276.37 224.24 268.99 247.74 328.63 pylon
352.09 336.67 325.62 217.27 380.9 205.02 407.37 324.42 pylon
974.75 553.91 937.05 490.41 950.91 482.18 988.61 545.68 pylon
715.68 564.44 726.24 570.16 724.14 574.04 713.58 568.32 medium_vehicle
888.14 72.51 892.26 74.59 888.76 81.53 884.64 79.45 small_vehicle
431.9 845.44 438.78 848.91 436.65 853.13 429.77 849.66 small_vehicle
589.05 597.49 599.83 603.92 597.57 607.7 586.79 601.27 medium_vehicle
872.82 69.23 852.6 17.91 868.25 11.74 888.47 63.06 pylon
901.81 620.74 906.12 621.62 904.48 629.57 900.17 628.69 small_vehicle
1097.5 673.36 1055.5 602.62 1077.14 589.76 1119.14 660.5 pylon
930.36 609.98 837.45 471.2 871.3 448.53 964.21 587.31 pylon
666.41 424.03 635.24 344.89 660.96 334.76 692.13 413.9 pylon
692.76 553.82 703.79 560.39 701.32 564.53 690.29 557.96 medium_vehicle
892.16 75.26 896.54 77.47 892.7 85.06 888.32 82.85 small_vehicle
592.27 591.81 603.64 598.59 601.18 602.72 589.81 595.94 medium_vehicle
828.4 170.66 798.68 95.21 822.24 85.93 851.96 161.38 pylon
604.8 573.71 615.93 580.74 613.39 584.76 602.26 577.73 medium_vehicle
534.67 212.07 511.61 153.53 530.4 146.13 553.46 204.67 pylon
771.87 592.66 782.83 598.56 780.59 602.72 769.63 596.82 medium_vehicle
761.03 866.65 765.38 869.02 756.38 885.53 752.03 883.16 double_trailer_truck
741.98 577.11 753.2 583.79 750.91 587.62 739.69 580.94 medium_vehicle
803.56 609.06 810.82 612.72 808.92 616.49 801.66 612.83 small_vehicle
599.37 580.28 611.75 585.44 609.99 589.68 597.61 584.52 medium_vehicle
594.96 586.77 606.97 593.07 604.66 597.48 592.65 591.18 medium_vehicle
1250.74 834.83 1220.39 783.72 1235.04 775.02 1265.39 826.13 pylon
