1264.46 341.35 1272.43 347.27 1269.24 351.58 1261.27 345.66 medium_vehicle
1270.0 358.91 1279.01 363.68 1276.5 368.42 1267.49 363.65 medium_vehicle
1195.46 391.2 1204.4 397.56 1201.3 401.92 1192.36 395.56 heavy_equipment
1256.86 374.75 1264.83 380.67 1261.64 384.98 1253.67 379.06 medium_vehicle
882.08 61.0 888.67 60.7 889.31 74.73 882.72 75.03 medium_vehicle
914.03 15.36 917.9 11.65 928.18 22.36 924.31 26.07 medium_vehicle
350.39 482.77 355.65 486.05 348.88 496.94 343.62 493.66 medium_vehicle
910.75 23.84 914.88 20.41 924.37 31.85 920.24 35.28 medium_vehicle
1236.95 380.38 1245.81 385.43 1243.16 390.09 1234.3 385.04 medium_vehicle
933.66 172.82 938.14 176.81 929.95 185.99 925.47 182.0 medium_vehicle
1234.14 384.85 1243.22 389.48 1240.78 394.26 1231.7 389.63 medium_vehicle
634.61 850.7 652.88 861.46 649.88 866.55 631.61 855.79 bus
88.22 196.44 89.56 206.71 83.34 207.52 82.0 197.25 medium_vehicle
43.68 555.61 57.22 564.78 52.66 571.5 39.12 562.33 heavy_equipment
1228.25 402.31 1238.37 403.62 1237.68 408.94 1227.56 407.63 medium_vehicle
1270.28 427.15 1279.3 428.32 1278.61 433.63 1269.59 432.46 medium_vehicle
910.99 69.85 917.25 72.0 912.66 85.39 906.4 83.24 medium_vehicle
781.42 508.68 784.57 503.21 804.37 514.6 801.22 520.07 large_vehicle
1271.95 353.16 1279.9 357.37 1277.39 362.11 1269.44 357.9 medium_vehicle
1261.27 346.46 1269.23 352.37 1266.04 356.67 1258.08 350.76 medium_vehicle
874.8 6.39 875.37 15.51 870.71 15.81 870.14 6.69 medium_vehicle
37.66 205.88 47.45 211.65 44.81 216.13 35.02 210.36 medium_vehicle
94.5 196.72 105.91 202.09 103.34 207.55 91.93 202.18 medium_vehicle
1245.38 369.85 1253.34 375.76 1250.15 380.05 1242.19 374.14 medium_vehicle
1241.1 375.37 1249.95 380.42 1247.3 385.08 1238.45 380.03 medium_vehicle
1272.22 415.39 1280.71 418.65 1278.79 423.65 1270.3 420.39 medium_vehicle
1255.37 320.91 1260.88 312.65 1265.33 315.62 1259.82 323.88 medium_vehicle
1262.98 370.55 1271.99 375.32 1269.48 380.06 1260.47 375.29 medium_vehicle
892.17 86.8 898.29 89.53 893.38 100.57 887.26 97.84 medium_vehicle
1268.23 432.77 1277.26 433.94 1276.57 439.26 1267.54 438.09 medium_vehicle
909.47 33.81 913.59 30.39 923.08 41.82 918.96 45.24 medium_vehicle
1264.41 483.31 1274.92 482.92 1275.12 488.28 1264.61 488.67 medium_vehicle
1217.19 346.37 1225.75 351.39 1223.04 356.01 1214.48 350.99 medium_vehicle
902.28 27.97 908.89 27.67 909.53 41.7 902.92 42.0 medium_vehicle
1265.95 364.87 1274.95 369.64 1272.45 374.37 1263.45 369.6 medium_vehicle
924.71 11.99 928.6 8.08 939.7 19.15 935.81 23.06 medium_vehicle
1234.73 394.16 1244.36 397.51 1242.6 402.57 1232.97 399.22 medium_vehicle
1270.86 331.35 1278.83 337.27 1275.64 341.58 1267.67 335.66 medium_vehicle
1216.81 451.42 1228.9 457.63 1226.45 462.39 1214.36 456.18 medium_vehicle
1254.17 356.96 1262.13 362.87 1258.94 367.17 1250.98 361.26 medium_vehicle
1267.76 336.55 1275.73 342.47 1272.54 346.77 1264.57 340.85 medium_vehicle
1268.55 307.76 1276.14 296.38 1280.6 299.34 1273.01 310.72 medium_vehicle
1259.61 393.16 1259.36 403.93 1254.0 403.81 1254.25 393.04 medium_vehicle
