357.95 5.9 351.65 2.08 353.79 -1.45 360.09 2.36 small_vehicle
564.64 609.12 494.01 499.1 527.75 477.43 598.38 587.45 pylon
330.64 234.8 326.41 232.82 330.32 224.48 334.55 226.46 small_vehicle
554.26 223.88 550.45 221.57 555.12 213.85 558.93 216.16 small_vehicle
236.7 153.35 229.63 150.37 231.26 146.52 238.33 149.5 small_vehicle
282.07 46.65 286.19 39.37 290.09 41.58 285.97 48.86 small_vehicle
638.25 82.65 630.22 83.8 629.64 79.73 637.67 78.58 small_vehicle
244.4 156.74 238.36 154.18 239.99 150.33 246.03 152.89 small_vehicle
783.76 433.5 788.33 424.39 792.7 426.58 788.13 435.69 small_vehicle
865.36 228.18 861.19 225.65 865.92 217.85 870.09 220.38 small_vehicle
432.67 53.26 426.58 49.0 429.09 45.4 435.18 49.66 small_vehicle
891.54 384.65 803.22 247.07 839.11 224.03 927.43 361.61 pylon
623.39 337.3 616.03 333.74 618.01 329.64 625.37 333.2 small_vehicle
815.79 405.79 781.76 343.9 797.25 335.38 831.28 397.27 pylon
424.24 66.87 417.62 63.05 419.69 59.46 426.31 63.28 small_vehicle
782.97 35.89 777.4 32.52 779.45 29.14 785.02 32.51 small_vehicle
784.15 16.32 779.17 23.59 775.37 20.98 780.35 13.71 small_vehicle
656.0 108.59 650.55 104.65 652.88 101.44 658.33 105.38 small_vehicle
278.51 197.19 274.41 195.27 277.26 189.18 281.36 191.1 small_vehicle
443.49 36.13 437.39 32.44 439.26 29.35 445.36 33.04 small_vehicle
288.98 657.96 222.54 554.46 256.56 532.62 323.0 636.12 pylon
264.98 57.15 267.93 49.32 272.96 51.21 270.01 59.04 small_vehicle
727.86 152.8 714.44 144.68 717.64 139.41 731.06 147.53 medium_vehicle
423.52 238.2 415.92 240.42 414.69 236.19 422.29 233.97 small_vehicle
311.94 9.28 316.83 2.49 320.46 5.11 315.57 11.9 small_vehicle
415.48 78.52 409.05 74.8 410.96 71.5 417.39 75.22 small_vehicle
544.98 42.26 539.33 38.84 541.66 34.99 547.31 38.41 small_vehicle
791.8 35.48 785.43 31.62 787.48 28.24 793.85 32.1 small_vehicle
383.61 8.03 376.21 3.54 378.65 -0.47 386.05 4.01 small_vehicle
1117.2 530.04 1118.46 526.03 1125.85 528.35 1124.59 532.36 small_vehicle
705.92 139.65 698.5 135.15 700.95 131.11 708.37 135.61 small_vehicle
419.23 72.57 412.61 68.75 414.68 65.16 421.3 68.98 small_vehicle
246.63 105.61 238.83 104.75 239.3 100.49 247.1 101.35 small_vehicle
304.77 144.73 297.74 142.73 298.85 138.84 305.88 140.84 small_vehicle
598.41 74.13 591.15 69.73 593.43 65.96 600.69 70.36 medium_vehicle
681.02 357.43 673.67 353.88 675.65 349.79 683.0 353.34 small_vehicle
271.15 166.8 263.91 164.19 265.29 160.35 272.53 162.96 small_vehicle
75.7 412.23 -14.64 271.51 19.38 249.66 109.73 390.38 pylon
266.23 702.53 229.88 636.41 247.04 626.97 283.39 693.09 pylon
286.44 137.73 278.49 134.6 279.95 130.9 287.9 134.03 small_vehicle
536.9 643.74 505.01 585.73 522.29 576.23 554.18 634.24 pylon
780.25 442.32 784.22 434.38 788.64 436.59 784.67 444.53 small_vehicle
597.29 96.46 592.74 102.1 589.49 99.48 594.04 93.84 small_vehicle
