284.45 115.53 275.84 110.91 278.11 106.66 286.72 111.28 small_vehicle
751.0 577.6 785.62 627.98 774.34 635.74 739.72 585.36 pylon
29.81 172.05 33.55 165.05 36.83 166.8 33.09 173.8 small_vehicle
283.15 68.47 288.96 72.51 286.58 75.94 280.77 71.9 small_vehicle
1180.59 538.46 1104.45 415.17 1130.81 398.89 1206.95 522.18 pylon
43.25 161.72 47.35 154.06 51.71 156.39 47.61 164.05 small_vehicle
289.96 120.34 285.2 115.57 287.81 112.97 292.57 117.74 small_vehicle
182.6 9.72 189.85 13.04 188.08 16.9 180.83 13.58 small_vehicle
1057.73 451.83 1093.15 503.37 1080.18 512.28 1044.76 460.74 pylon
305.6 129.11 298.89 123.68 301.5 120.45 308.21 125.88 small_vehicle
131.17 256.96 138.76 261.8 136.32 265.63 128.73 260.79 small_vehicle
519.46 637.41 602.48 775.57 571.29 794.31 488.27 656.15 pylon
179.24 816.03 213.86 866.41 202.58 874.17 167.96 823.79 pylon
8.94 108.12 19.37 114.56 16.45 119.28 6.02 112.84 medium_vehicle
29.57 121.96 36.89 127.5 34.14 131.14 26.82 125.6 small_vehicle
346.31 157.69 353.5 161.98 338.47 187.2 331.28 182.91 large_vehicle
288.04 53.96 297.87 59.87 295.62 63.63 285.79 57.72 medium_vehicle
298.01 124.03 290.4 119.95 292.67 115.71 300.28 119.79 small_vehicle
292.16 37.91 294.9 30.12 298.95 31.54 296.21 39.33 small_vehicle
285.07 37.22 290.59 26.88 295.78 29.66 290.26 40.0 small_vehicle
418.76 31.9 423.09 23.78 427.11 25.92 422.78 34.04 small_vehicle
183.54 297.35 190.21 301.16 188.11 304.82 181.44 301.01 small_vehicle
343.25 110.89 350.29 115.08 334.67 141.29 327.63 137.1 large_vehicle
81.82 108.21 86.39 99.64 91.02 102.11 86.45 110.68 small_vehicle
