5.55 104.69 11.99 108.44 10.13 111.65 3.69 107.9 small_vehicle
123.12 168.27 129.66 171.89 127.85 175.14 121.31 171.52 small_vehicle
1059.26 476.49 1062.92 478.9 1057.32 487.39 1053.66 484.98 small_vehicle
1139.61 385.35 1132.72 398.64 1126.57 395.45 1133.46 382.16 medium_vehicle
1044.36 284.78 1048.33 287.83 1042.38 295.58 1038.41 292.53 small_vehicle
972.4 1111.22 978.6 1114.24 974.23 1123.21 968.03 1120.19 heavy_equipment
1069.19 471.34 1072.75 473.69 1067.03 482.37 1063.47 480.02 small_vehicle
1013.16 544.96 1018.88 536.54 1023.69 539.8 1017.97 548.22 medium_vehicle
1048.05 330.02 1039.73 343.5 1034.44 340.23 1042.76 326.75 medium_vehicle
1098.95 391.44 1090.55 403.67 1085.03 399.88 1093.43 387.65 medium_vehicle
994.35 558.81 1004.12 565.16 1001.37 569.4 991.6 563.05 medium_vehicle
1000.11 570.91 997.58 575.06 986.12 568.09 988.65 563.94 medium_vehicle
1059.13 512.33 1063.23 515.04 1057.97 523.01 1053.87 520.3 small_vehicle
1045.67 491.22 1049.72 493.89 1043.2 503.77 1039.15 501.1 small_vehicle
1123.93 4.38 1130.84 9.82 1127.96 13.49 1121.05 8.05 small_vehicle
1112.16 1005.05 1081.83 967.33 1093.91 957.61 1124.24 995.33 pylon
1007.88 553.63 1005.35 557.78 996.69 552.51 999.22 548.36 medium_vehicle
13.15 108.24 19.66 111.84 17.68 115.41 11.17 111.81 small_vehicle
1038.45 514.33 1027.94 530.05 1023.17 526.86 1033.68 511.14 medium_vehicle
1009.29 279.94 1013.6 283.25 1007.07 291.76 1002.76 288.45 small_vehicle
120.8 151.48 127.63 155.77 125.56 159.06 118.73 154.77 medium_vehicle
1120.6 32.37 1136.61 43.54 1133.19 48.45 1117.18 37.28 bus
1011.15 296.92 1001.57 308.22 995.42 303.01 1005.0 291.71 medium_vehicle
1090.36 438.27 1083.6 448.59 1078.29 445.12 1085.05 434.8 medium_vehicle
1145.21 633.4 1103.91 580.35 1119.79 567.99 1161.09 621.04 pylon
128.27 156.86 135.32 160.76 133.42 164.17 126.37 160.27 small_vehicle
1159.66 1019.24 1107.17 944.29 1125.15 931.7 1177.64 1006.65 pylon
1073.89 450.94 1079.1 454.38 1072.6 464.25 1067.39 460.81 small_vehicle
114.95 163.91 122.76 168.24 120.55 172.22 112.74 167.89 small_vehicle
1034.72 492.69 1024.84 508.94 1018.45 505.06 1028.33 488.81 large_vehicle
1086.33 410.41 1075.47 429.69 1069.55 426.36 1080.41 407.08 large_vehicle
1045.49 522.5 1037.72 536.57 1032.11 533.48 1039.88 519.41 medium_vehicle
1063.48 467.2 1067.45 469.81 1062.58 477.2 1058.61 474.59 small_vehicle
1159.16 916.68 1188.12 966.66 1173.35 975.22 1144.39 925.24 pylon
1061.69 494.36 1050.85 510.54 1044.84 506.52 1055.68 490.34 medium_vehicle
1020.15 301.6 1005.43 318.96 998.42 313.02 1013.14 295.66 large_vehicle
1136.07 644.95 1100.23 609.36 1114.25 595.24 1150.09 630.83 pylon
1053.68 474.39 1058.16 477.35 1052.2 486.39 1047.72 483.43 small_vehicle
1235.19 86.18 1242.02 90.93 1239.36 94.75 1232.53 90.0 small_vehicle
1174.17 583.43 1138.33 547.84 1152.35 533.71 1188.19 569.3 pylon
