462.82 1234.78 440.67 1191.31 454.54 1184.25 476.69 1227.72 pylon
956.27 67.12 964.14 69.01 962.94 74.02 955.07 72.13 small_vehicle
923.73 620.48 928.98 623.23 922.75 635.1 917.5 632.35 medium_vehicle
862.64 240.33 867.2 242.58 862.42 252.26 857.86 250.01 small_vehicle
946.96 86.69 954.06 86.9 953.93 91.4 946.83 91.19 medium_vehicle
505.7 1228.07 483.55 1184.6 497.42 1177.53 519.57 1221.0 pylon
713.54 427.69 720.82 431.29 718.84 435.29 711.56 431.69 small_vehicle
873.01 243.52 877.09 245.53 872.11 255.61 868.03 253.6 small_vehicle
866.82 242.65 871.39 244.91 867.49 252.8 862.92 250.54 small_vehicle
1031.21 448.0 1036.8 450.93 1030.57 462.79 1024.98 459.86 medium_vehicle
714.42 421.27 723.8 425.91 721.55 430.47 712.17 425.83 small_vehicle
901.17 661.94 906.16 664.71 899.93 675.95 894.94 673.18 medium_vehicle
449.67 1070.91 383.43 958.0 413.74 940.22 479.98 1053.13 pylon
959.51 61.62 968.72 65.49 966.73 70.24 957.52 66.37 small_vehicle
722.65 436.45 729.13 442.07 726.42 445.2 719.94 439.58 small_vehicle
262.15 890.18 187.25 781.6 217.22 760.93 292.12 869.51 pylon
1020.73 466.2 1026.33 469.14 1020.1 481.01 1014.5 478.07 medium_vehicle
951.58 73.53 960.06 74.15 959.71 78.89 951.23 78.27 small_vehicle
