81.66 731.63 97.63 741.04 93.95 747.3 77.98 737.89 medium_vessel
68.16 833.69 107.93 861.94 96.71 877.73 56.94 849.48 large_vessel
72.48 717.39 95.48 730.95 90.17 739.97 67.17 726.41 medium_vessel
829.39 318.71 836.06 331.24 831.04 333.91 824.37 321.38 medium_vessel
72.01 737.23 100.62 754.08 93.58 766.03 64.97 749.18 large_vessel
64.58 701.21 95.71 719.54 89.71 729.72 58.58 711.39 large_vessel
73.42 1052.87 74.45 1060.15 70.66 1060.69 69.63 1053.41 small_vessel
72.25 730.58 97.89 745.69 92.98 754.02 67.34 738.91 large_vessel
14.7 962.1 9.99 966.64 7.33 963.88 12.04 959.34 small_vessel
81.53 766.88 102.0 778.47 97.22 786.93 76.75 775.34 medium_vessel
70.47 816.43 105.99 841.68 96.46 855.09 60.94 829.84 large_vessel
69.35 797.54 108.47 825.34 97.69 840.5 58.57 812.7 large_vessel
76.08 752.94 99.37 766.66 94.29 775.28 71.0 761.56 medium_vessel
84.43 888.74 102.06 900.19 97.24 907.61 79.61 896.16 medium_vessel
50.49 667.15 59.05 672.71 56.97 675.93 48.41 670.37 medium_vessel
