1050.4 -9.58 1090.98 -0.21 1034.48 244.53 993.9 235.16 large_vessel
1190.5 180.64 1197.49 179.4 1204.03 216.45 1197.04 217.69 large_vehicle
1167.88 9.04 1175.58 10.46 1170.2 39.75 1162.5 38.33 container
1171.93 188.79 1179.0 188.07 1182.8 225.5 1175.73 226.22 large_vehicle
1201.51 88.29 1202.36 78.78 1231.21 81.36 1230.36 90.87 container
1136.41 57.87 1144.04 59.63 1136.35 92.95 1128.72 91.19 container
1243.24 111.09 1243.09 102.76 1273.0 102.23 1273.15 110.56 container
1143.27 191.55 1150.36 191.99 1148.06 229.54 1140.97 229.1 large_vehicle
1200.73 96.86 1201.01 89.24 1230.42 90.32 1230.14 97.94 container
5.38 -7.12 49.2 2.98 -0.11 216.58 -43.93 206.47 large_vessel
1277.69 56.66 1270.61 55.05 1276.7 28.24 1283.78 29.85 container
1113.77 206.15 1120.86 206.06 1121.32 243.69 1114.23 243.78 large_vehicle
1161.58 189.24 1168.68 189.23 1168.75 226.85 1161.65 226.86 large_vehicle
1197.85 176.59 1205.21 175.01 1213.1 211.81 1205.74 213.39 large_vehicle
1183.97 108.92 1184.43 100.6 1212.11 102.15 1211.65 110.47 container
1133.03 199.28 1140.05 200.26 1134.99 236.77 1127.97 235.79 large_vehicle
1212.49 111.2 1212.51 102.87 1242.41 102.93 1242.39 111.26 container
1153.04 192.48 1160.14 192.6 1159.49 230.21 1152.39 230.09 large_vehicle
1156.17 104.97 1156.62 96.85 1175.98 97.93 1175.53 106.05 container
1178.26 181.5 1185.09 179.58 1195.27 215.79 1188.44 217.71 large_vehicle
1200.09 -0.58 1208.62 0.2 1206.09 27.44 1197.56 26.65 container
