416.83 1207.16 420.8 1212.06 408.63 1221.92 404.66 1217.02 medium_vehicle
1121.12 56.42 1123.99 60.7 1115.94 66.1 1113.07 61.82 heavy_equipment
1196.8 82.57 1200.01 87.46 1187.67 95.57 1184.46 90.68 medium_vehicle
1063.01 577.99 1068.68 575.83 1072.66 586.26 1066.99 588.42 medium_vehicle
1214.59 132.41 1214.96 137.47 1201.13 138.49 1200.76 133.43 medium_vehicle
1132.88 34.5 1135.29 38.84 1127.19 43.33 1124.78 38.99 heavy_equipment
47.24 846.42 55.1 843.59 64.3 869.14 56.44 871.97 large_vehicle
1109.23 596.9 1113.54 601.89 1102.49 611.43 1098.18 606.44 medium_vehicle
1176.4 125.88 1179.8 130.87 1166.1 140.22 1162.7 135.23 heavy_equipment
1115.72 462.13 1119.05 466.77 1109.7 473.49 1106.37 468.85 medium_vehicle
466.02 1162.78 469.44 1167.0 460.08 1174.58 456.66 1170.36 medium_vehicle
1040.93 538.33 1046.1 538.36 1046.03 550.61 1040.86 550.58 medium_vehicle
1199.55 90.17 1202.2 94.99 1189.8 101.8 1187.15 96.98 medium_vehicle
1269.33 236.72 1273.04 241.68 1266.23 246.78 1262.52 241.82 heavy_equipment
1040.18 522.46 1045.88 522.34 1046.2 537.63 1040.5 537.75 medium_vehicle
1156.93 88.64 1160.15 93.36 1150.63 99.85 1147.41 95.13 heavy_equipment
1171.25 116.67 1175.54 122.96 1162.49 131.86 1158.2 125.57 heavy_equipment
912.91 785.17 917.41 789.99 905.49 801.1 900.99 796.28 medium_vehicle
486.05 1167.48 490.02 1172.0 477.43 1183.06 473.46 1178.54 medium_vehicle
1219.19 132.06 1225.37 130.04 1229.36 142.24 1223.18 144.26 medium_vehicle
1207.35 123.66 1210.31 128.21 1199.59 135.17 1196.63 130.62 medium_vehicle
1119.35 50.79 1122.04 54.81 1113.82 60.31 1111.13 56.29 heavy_equipment
1133.22 40.6 1135.91 44.62 1129.19 49.12 1126.5 45.1 heavy_equipment
742.77 917.87 746.62 922.0 737.85 930.18 734.0 926.05 medium_vehicle
1186.21 172.13 1190.22 178.02 1175.21 188.25 1171.2 182.36 medium_vehicle
1241.07 537.5 1246.82 540.08 1241.64 551.6 1235.89 549.02 medium_vehicle
1175.94 576.83 1179.92 581.09 1169.32 590.98 1165.34 586.72 medium_vehicle
1275.72 241.29 1279.43 246.25 1272.62 251.35 1268.91 246.39 heavy_equipment
1203.13 103.75 1205.36 108.65 1192.6 114.46 1190.37 109.56 medium_vehicle
716.48 933.32 720.77 937.93 712.21 945.91 707.92 941.3 medium_vehicle
1130.05 614.88 1133.29 618.36 1125.31 625.8 1122.07 622.32 medium_vehicle
1136.53 55.2 1139.71 58.45 1134.27 63.78 1131.09 60.53 heavy_equipment
771.42 922.38 775.72 926.99 764.26 937.68 759.96 933.07 medium_vehicle
1189.01 39.76 1192.97 45.1 1177.35 56.66 1173.39 51.32 large_vehicle
