12.93 1082.9 42.65 1069.8 81.24 1157.3 51.52 1170.4 pylon
587.94 586.18 618.25 572.81 656.84 660.31 626.53 673.68 pylon
1225.62 140.86 1253.49 128.56 1289.97 211.29 1262.1 223.59 pylon
251.06 737.81 280.78 724.7 315.97 804.48 286.25 817.59 pylon
77.21 1179.42 111.15 1164.45 150.84 1254.44 116.9 1269.41 pylon
916.87 363.24 947.74 349.63 984.55 433.09 953.68 446.7 pylon
479.24 378.75 508.95 365.65 548.18 454.61 518.47 467.71 pylon
926.3 41.63 957.3 27.96 995.89 115.46 964.89 129.13 pylon
258.44 811.45 290.94 797.11 329.53 884.62 297.03 898.96 pylon
13.0 900.3 18.89 900.3 18.89 913.0 13.0 913.0 medium_vehicle
640.52 140.91 678.15 124.31 716.74 211.82 679.11 228.42 pylon
