1101.09 456.39 1104.33 458.14 1101.86 462.7 1098.62 460.95 small_vehicle
1185.12 279.49 1187.67 281.16 1185.0 285.23 1182.45 283.56 small_vehicle
268.67 370.23 291.21 369.96 291.27 374.84 268.73 375.11 double_trailer_truck
384.21 77.2 412.79 77.2 412.79 100.22 384.21 100.22 pylon
1236.82 437.59 1241.68 438.2 1241.32 441.08 1236.46 440.47 small_vehicle
1205.94 255.69 1208.28 257.23 1206.03 260.66 1203.69 259.12 small_vehicle
620.51 362.54 629.43 362.65 629.36 367.62 620.44 367.51 medium_vehicle
638.79 249.7 666.9 249.7 666.9 272.23 638.79 272.23 pylon
549.72 362.37 555.81 362.42 555.78 365.82 549.69 365.77 small_vehicle
28.57 375.73 52.66 375.44 52.72 380.32 28.63 380.61 double_trailer_truck
162.56 25.2 195.7 25.2 195.7 50.89 162.56 50.89 pylon
78.98 386.43 91.78 386.88 91.6 391.98 78.8 391.53 medium_vehicle
813.56 165.77 841.66 165.77 841.66 188.3 813.56 188.3 pylon
797.77 422.7 826.9 422.7 826.9 450.12 797.77 450.12 pylon
1166.43 316.91 1169.11 318.36 1166.65 322.92 1163.97 321.47 small_vehicle
583.84 365.54 589.67 365.45 589.72 368.35 583.89 368.44 small_vehicle
1242.92 226.11 1245.49 227.21 1243.87 230.98 1241.3 229.88 small_vehicle
1129.69 365.92 1133.9 368.2 1130.47 374.53 1126.26 372.25 medium_vehicle
926.28 390.92 944.61 392.04 944.28 397.43 925.95 396.31 large_vehicle
762.62 329.0 798.9 329.0 798.9 357.24 762.62 357.24 pylon
1180.7 284.84 1183.25 286.51 1180.58 290.58 1178.03 288.91 small_vehicle
33.16 424.37 52.82 424.82 52.7 429.92 33.04 429.47 large_vehicle
94.69 386.69 114.26 388.68 113.74 393.8 94.17 391.81 large_vehicle
1162.66 315.05 1165.34 316.5 1162.88 321.06 1160.2 319.61 small_vehicle
91.17 389.5 109.94 391.83 109.31 396.89 90.54 394.56 large_vehicle
