1220.22 182.48 1221.68 188.75 1195.94 194.74 1194.48 188.47 container
1177.34 200.56 1178.56 205.8 1153.03 211.75 1151.81 206.51 container
1221.56 190.63 1223.42 198.65 1197.74 204.63 1195.88 196.61 container
28.11 959.62 30.88 968.04 3.11 977.17 0.34 968.75 large_vehicle
784.72 361.62 790.6 359.95 798.03 386.03 792.15 387.7 large_vehicle
752.07 202.12 759.16 202.68 756.43 237.4 749.34 236.84 large_vehicle
1178.2 205.91 1179.16 210.04 1153.63 215.98 1152.67 211.85 container
1132.13 247.44 1133.17 251.9 1107.16 257.96 1106.12 253.5 container
703.74 233.09 707.91 241.39 679.64 255.61 675.47 247.31 large_vehicle
431.73 665.61 438.41 670.65 419.65 695.55 412.97 690.51 large_vehicle
390.78 71.6 411.24 75.32 386.77 209.94 366.31 206.22 pylon
752.5 156.98 760.0 158.72 752.11 192.64 744.61 190.9 large_vehicle
1129.84 238.12 1131.03 243.24 1105.01 249.29 1103.82 244.17 container
519.88 523.69 526.35 527.18 517.8 542.99 511.33 539.5 medium_vehicle
1218.51 171.77 1219.73 177.01 1194.2 182.95 1192.98 177.71 container
925.31 1021.7 931.17 1020.11 938.03 1045.33 932.17 1046.92 bus
974.09 1207.67 979.26 1206.27 982.95 1219.85 977.78 1221.25 medium_vehicle
819.01 686.8 825.35 685.08 833.36 714.56 827.02 716.28 large_vehicle
1178.63 210.17 1180.44 217.93 1154.91 223.87 1153.1 216.11 container
1217.41 166.67 1218.63 171.91 1193.1 177.85 1191.88 172.61 container
1131.05 243.01 1132.09 247.47 1106.08 253.53 1105.04 249.07 container
1219.11 177.07 1220.33 182.31 1194.8 188.25 1193.58 183.01 container
463.93 28.77 493.67 34.17 469.2 168.8 439.46 163.4 pylon
740.2 432.54 738.01 440.54 708.93 432.59 711.12 424.59 large_vehicle
1122.22 192.38 1123.27 198.65 1096.92 203.06 1095.87 196.79 container
693.48 203.64 698.72 205.68 693.23 219.85 687.99 217.81 medium_vehicle
545.52 531.56 553.26 536.67 532.99 567.41 525.25 562.3 large_vehicle
777.83 523.79 784.1 521.87 792.46 549.21 786.19 551.13 large_vehicle
625.11 313.18 632.68 317.07 617.15 347.29 609.58 343.4 large_vehicle
1121.28 186.59 1122.27 192.49 1095.92 196.9 1094.93 191.0 container
346.94 809.97 351.9 816.16 325.04 837.67 320.08 831.48 large_vehicle
1133.07 251.71 1134.58 258.17 1108.42 264.26 1106.91 257.8 container
