311.46 1037.67 327.06 1037.54 327.13 1044.93 311.53 1045.06 small_vessel
645.34 49.85 777.9 30.27 782.17 59.23 649.61 78.81 large_vessel
26.22 1045.53 30.75 1045.46 31.1 1070.41 26.57 1070.48 container
493.12 992.54 512.29 991.07 512.84 998.15 493.67 999.62 medium_vessel
301.2 791.96 326.94 788.44 328.27 798.1 302.53 801.62 container
35.45 1045.3 40.27 1045.23 40.62 1070.17 35.8 1070.24 container
1079.78 212.43 1068.52 299.14 1049.13 296.62 1060.39 209.91 large_vessel
349.11 216.41 361.62 213.68 363.29 221.34 350.78 224.07 container
740.68 785.66 697.77 891.87 669.14 880.3 712.05 774.09 large_vessel
1254.61 711.45 1250.7 720.36 1215.81 705.04 1219.72 696.13 medium_vessel
1207.49 762.93 1207.38 770.37 1188.98 770.08 1189.09 762.64 medium_vessel
511.01 1038.87 511.42 1046.78 478.76 1048.5 478.35 1040.59 medium_vessel
1226.95 730.02 1224.16 736.31 1207.18 728.79 1209.97 722.5 medium_vessel
523.46 940.88 542.96 940.71 543.03 948.1 523.53 948.27 medium_vessel
721.69 313.33 721.94 320.7 707.9 321.19 707.65 313.82 heavy_equipment
1260.8 692.82 1255.59 704.69 1224.73 691.15 1229.94 679.28 medium_vessel
1227.95 641.1 1206.98 688.88 1190.66 681.72 1211.63 633.94 large_vessel
647.32 79.71 776.97 60.56 780.99 87.78 651.34 106.93 large_vessel
30.53 1045.43 35.35 1045.36 35.7 1070.31 30.88 1070.38 container
513.13 1024.29 513.26 1032.77 480.56 1033.28 480.43 1024.8 medium_vessel
558.25 1047.28 558.32 1057.26 520.38 1057.53 520.31 1047.55 medium_vessel
521.28 1000.16 544.0 1000.16 544.0 1007.26 521.28 1007.26 medium_vessel
520.12 991.69 540.31 991.23 540.47 998.33 520.28 998.79 medium_vessel
789.12 68.99 837.46 61.42 840.72 82.23 792.38 89.8 medium_vessel
511.12 1049.18 511.54 1057.78 473.14 1059.66 472.72 1051.06 medium_vessel
1039.15 299.99 981.24 444.78 951.54 432.9 1009.45 288.11 large_vessel
324.05 1088.61 357.28 1087.33 357.83 1101.56 324.6 1102.84 medium_vessel
1107.98 207.93 1092.88 324.18 1065.56 320.63 1080.66 204.38 large_vessel
554.53 1023.87 554.65 1031.74 520.99 1032.26 520.87 1024.39 medium_vessel
301.27 1061.05 328.87 1060.8 328.98 1074.22 301.38 1074.47 medium_vessel
30.97 1083.43 35.72 1083.36 35.87 1094.06 31.12 1094.13 container
300.58 785.52 326.31 781.99 327.16 788.24 301.43 791.77 container
310.71 99.5 438.02 89.7 440.35 119.99 313.04 129.79 large_vessel
528.06 951.28 543.36 951.15 543.43 958.54 528.13 958.67 small_vessel
493.53 978.26 512.45 977.57 512.72 984.96 493.8 985.65 medium_vessel
705.81 283.7 723.13 283.33 723.25 289.1 705.93 289.47 medium_vehicle
1203.28 735.27 1219.82 744.48 1216.12 751.11 1199.58 741.9 small_vessel
974.12 451.42 926.28 565.8 905.37 557.05 953.21 442.67 large_vessel
799.5 654.93 773.09 720.31 756.56 713.63 782.97 648.25 medium_vessel
1246.69 722.99 1243.67 729.88 1217.64 718.45 1220.66 711.56 medium_vessel
1260.81 569.4 1239.13 621.46 1225.67 615.85 1247.35 563.79 large_vessel
1245.28 568.49 1226.32 611.68 1212.96 605.82 1231.92 562.63 medium_vessel
1154.12 911.19 1145.96 929.62 1139.75 926.87 1147.91 908.44 medium_vessel
1202.41 704.73 1168.22 779.41 1152.01 771.99 1186.2 697.31 large_vessel
552.65 1012.25 553.27 1019.84 521.09 1022.49 520.47 1014.9 medium_vessel
705.72 289.68 722.28 289.33 722.43 296.71 705.87 297.06 medium_vehicle
294.65 808.36 301.66 807.4 305.27 833.78 298.26 834.74 container
299.43 779.59 325.17 776.06 326.02 782.31 300.28 785.84 container
489.89 1002.56 512.83 1001.04 513.3 1008.13 490.36 1009.65 medium_vessel
1060.64 207.48 1048.55 289.33 1026.88 286.13 1038.97 204.28 large_vessel
335.66 1071.75 368.53 1070.49 369.04 1083.9 336.17 1085.16 medium_vessel
704.62 296.8 721.24 296.45 721.39 303.52 704.77 303.87 medium_vehicle
511.19 1063.8 511.68 1073.76 473.28 1075.64 472.79 1065.68 medium_vessel
1223.91 735.98 1221.19 742.62 1204.68 735.85 1207.4 729.21 medium_vessel
