45.29 618.56 50.37 616.25 55.78 628.13 50.7 630.44 medium_vehicle
394.69 530.37 420.38 525.47 421.81 532.94 396.12 537.84 container
49.88 723.93 55.23 723.68 55.77 735.1 50.42 735.35 medium_vehicle
541.5 105.8 560.15 105.8 560.15 114.3 541.5 114.3 heavy_equipment
707.85 123.05 714.07 122.27 717.41 148.75 711.19 149.53 container
1108.28 133.05 1114.94 132.94 1115.4 162.18 1108.74 162.29 container
407.86 333.49 413.4 332.62 417.53 358.99 411.99 359.86 container
113.55 552.18 120.02 549.98 129.6 578.11 123.13 580.31 large_vehicle
55.72 616.54 60.95 616.86 60.23 628.67 55.0 628.35 medium_vehicle
34.66 728.15 46.2 726.9 46.92 733.47 35.38 734.72 medium_vehicle
56.78 723.13 62.13 722.88 62.67 734.3 57.32 734.55 medium_vehicle
430.6 328.99 436.85 328.49 439.0 355.09 432.75 355.59 container
145.1 660.88 151.35 660.7 152.25 691.1 146.0 691.28 large_vehicle
429.06 523.82 455.18 522.58 455.54 530.17 429.42 531.41 container
