727.31 794.9 750.63 799.14 729.42 915.81 706.1 911.57 pylon
1204.4 733.25 1230.32 737.96 1209.62 851.87 1183.7 847.16 pylon
114.08 765.69 122.09 776.17 117.98 779.32 109.97 768.84 heavy_equipment
532.55 12.06 544.55 23.69 539.35 29.05 527.35 17.42 container
1126.79 683.93 1152.7 688.64 1127.66 826.43 1101.75 821.72 pylon
90.64 761.29 91.67 774.98 85.44 775.44 84.41 761.75 heavy_equipment
104.99 786.06 109.83 803.09 104.56 804.59 99.72 787.56 medium_vehicle
436.47 873.07 458.94 877.16 437.88 993.06 415.41 988.97 pylon
115.15 782.42 119.66 798.25 113.68 799.95 109.17 784.12 medium_vehicle
65.15 408.3 71.24 407.93 72.33 425.76 66.24 426.13 heavy_equipment
101.62 767.02 103.08 784.01 97.32 784.51 95.86 767.52 medium_vehicle
815.02 1048.14 838.34 1052.38 818.75 1160.19 795.43 1155.95 pylon
