135.14 54.54 163.84 74.72 159.12 81.44 130.42 61.26 medium_vessel
157.72 31.18 184.46 52.38 179.36 58.82 152.62 37.62 medium_vessel
109.79 121.53 104.72 128.03 90.24 116.75 95.31 110.25 medium_vessel
256.24 82.43 277.38 97.07 270.77 106.61 249.63 91.97 medium_vessel
120.45 102.93 117.57 107.32 105.59 99.45 108.47 95.06 small_vessel
116.72 105.8 113.07 113.2 95.98 104.75 99.63 97.35 medium_vessel
189.46 136.48 224.7 151.8 220.07 162.44 184.83 147.12 medium_vessel
119.49 85.43 129.83 99.82 123.76 104.18 113.42 89.79 medium_vessel
170.49 153.95 175.14 155.95 168.82 170.61 164.17 168.61 small_vessel
187.36 -6.0 218.64 18.78 211.92 27.25 180.64 2.46 medium_vessel
178.49 3.74 211.3 29.74 204.09 38.84 171.28 12.84 medium_vessel
217.41 112.44 243.89 133.43 238.38 140.38 211.9 119.39 medium_vessel
178.72 170.16 182.84 173.1 173.41 186.32 169.29 183.38 small_vessel
120.74 125.89 124.06 131.16 111.14 139.29 107.82 134.02 small_vessel
236.97 125.9 254.16 105.05 263.12 112.44 245.93 133.29 medium_vessel
