1235.28 913.69 1251.41 907.27 1253.93 913.6 1237.8 920.02 medium_vehicle
960.43 672.66 966.17 668.17 975.97 680.7 970.23 685.19 heavy_equipment
1237.6 925.44 1242.34 923.94 1246.16 935.99 1241.42 937.49 heavy_equipment
1264.75 879.71 1279.57 875.01 1281.62 881.48 1266.8 886.18 medium_vehicle
1082.95 912.01 1096.61 900.91 1100.3 905.46 1086.64 916.56 medium_vessel
156.58 13.78 168.81 12.34 169.37 17.13 157.14 18.57 container
1262.53 869.06 1279.7 865.07 1281.11 871.15 1263.94 875.14 medium_vehicle
175.23 48.14 179.21 53.82 168.12 61.58 164.14 55.9 container
1089.91 543.32 1120.48 537.88 1121.93 546.05 1091.36 551.49 large_vehicle
156.0 9.11 168.23 7.67 168.79 12.46 156.56 13.9 container
171.54 36.1 172.65 43.11 159.63 45.18 158.52 38.17 container
1065.05 603.57 1070.56 603.62 1070.45 617.32 1064.94 617.27 medium_vehicle
1232.78 550.66 1251.56 549.54 1251.96 556.27 1233.18 557.39 medium_vehicle
1208.81 904.95 1225.45 899.68 1227.25 905.35 1210.61 910.62 medium_vehicle
514.7 145.14 519.76 144.41 521.98 159.86 516.92 160.59 container
1057.49 909.67 1063.53 907.75 1067.96 921.72 1061.92 923.64 container
407.05 113.19 413.37 112.31 416.96 138.13 410.64 139.01 container
519.83 144.17 525.46 143.3 527.86 158.95 522.23 159.82 container
789.26 394.09 796.11 393.28 799.25 419.98 792.4 420.79 container
1186.74 940.7 1192.79 938.78 1196.99 952.01 1190.94 953.93 heavy_equipment
1216.3 931.44 1221.04 929.93 1224.16 939.76 1219.42 941.27 heavy_equipment
554.96 144.58 581.71 140.86 582.44 146.1 555.69 149.82 container
497.85 211.48 524.79 231.78 519.87 238.3 492.93 218.0 large_vehicle
1023.68 923.32 1029.73 921.4 1034.16 935.37 1028.11 937.29 medium_vehicle
555.43 149.9 581.86 146.24 582.87 153.54 556.44 157.2 container
1227.43 899.31 1243.84 893.63 1246.07 900.09 1229.66 905.77 medium_vehicle
1021.73 738.19 1027.55 735.32 1035.07 750.55 1029.25 753.42 medium_vehicle
1202.39 926.71 1209.04 924.6 1214.22 940.93 1207.57 943.04 heavy_equipment
765.67 276.65 791.45 291.77 787.62 298.29 761.84 283.17 container
763.72 237.42 787.8 255.1 783.75 260.62 759.67 242.94 container
1013.25 734.42 1019.5 733.2 1023.49 753.56 1017.24 754.78 heavy_equipment
1226.44 880.8 1239.61 876.67 1241.69 883.28 1228.52 887.41 medium_vehicle
1210.8 910.81 1227.44 905.53 1229.49 912.02 1212.85 917.3 medium_vehicle
761.55 245.65 785.63 263.34 781.28 269.26 757.2 251.57 container
1216.3 921.33 1232.48 916.35 1234.46 922.77 1218.28 927.75 medium_vehicle
413.14 112.47 418.48 111.73 422.06 137.55 416.72 138.29 container
1168.65 513.74 1199.74 511.29 1200.35 519.05 1169.26 521.5 large_vehicle
1223.38 867.11 1241.18 862.14 1242.77 867.82 1224.97 872.79 medium_vehicle
987.44 589.5 1012.07 580.43 1015.1 588.67 990.47 597.74 container
1210.99 888.25 1226.67 883.34 1228.93 890.55 1213.25 895.46 medium_vehicle
1266.26 898.24 1279.82 893.94 1281.87 900.41 1268.31 904.71 medium_vehicle
1239.66 869.16 1256.91 863.69 1258.96 870.15 1241.71 875.62 medium_vehicle
1266.97 886.46 1279.8 882.39 1281.86 888.85 1269.03 892.92 medium_vehicle
420.07 170.94 414.47 171.54 412.83 156.46 418.43 155.86 container
1191.22 530.34 1221.52 525.92 1222.59 533.3 1192.29 537.72 large_vehicle
1268.41 904.96 1280.03 901.27 1282.08 907.73 1270.46 911.42 medium_vehicle
1190.4 496.12 1221.45 496.67 1221.32 503.87 1190.27 503.32 large_vehicle
1242.55 875.95 1259.8 870.48 1261.85 876.94 1244.6 882.41 medium_vehicle
1004.43 807.35 1011.36 804.67 1017.09 819.52 1010.16 822.2 heavy_equipment
1258.47 856.41 1275.51 851.0 1277.56 857.46 1260.52 862.87 medium_vehicle
1029.39 937.67 1035.44 935.75 1040.91 953.01 1034.86 954.93 medium_vehicle
170.45 27.03 171.01 32.05 158.29 33.48 157.73 28.46 container
1145.14 812.28 1161.7 809.98 1162.72 817.34 1146.16 819.64 medium_vehicle
1260.53 862.17 1277.94 858.12 1279.48 864.72 1262.07 868.77 medium_vehicle
157.4 18.29 169.65 17.02 170.15 21.82 157.9 23.09 container
1226.88 910.22 1242.77 903.21 1245.52 909.46 1229.63 916.47 medium_vehicle
1196.47 936.59 1202.51 934.67 1207.14 949.25 1201.1 951.17 heavy_equipment
154.77 -0.23 167.01 -1.67 167.54 2.86 155.3 4.3 container
1219.38 893.23 1240.28 886.68 1242.32 893.18 1221.42 899.73 medium_vehicle
509.31 145.88 514.75 145.09 516.94 160.32 511.5 161.11 container
1249.81 891.46 1265.14 886.59 1267.2 893.07 1251.87 897.94 medium_vehicle
1063.84 681.65 1070.11 680.86 1072.35 698.87 1066.08 699.66 heavy_equipment
1175.05 938.7 1182.18 936.44 1188.01 954.81 1180.88 957.07 heavy_equipment
155.29 4.51 167.53 3.07 168.06 7.61 155.82 9.05 container
171.15 31.94 171.66 36.45 158.94 37.87 158.43 33.36 container
159.53 180.2 185.94 175.73 187.31 183.82 160.9 188.29 container
1246.88 884.93 1262.44 879.99 1264.17 885.44 1248.61 890.38 medium_vehicle
154.62 142.6 181.08 138.41 182.36 146.52 155.9 150.71 container
525.37 142.93 531.22 142.04 533.62 157.74 527.77 158.63 container
1053.42 832.84 1088.72 826.04 1089.9 832.2 1054.6 839.0 large_vehicle
1223.44 873.78 1238.72 869.52 1240.55 876.07 1225.27 880.33 medium_vehicle
1226.1 929.41 1230.83 927.91 1235.18 941.62 1230.45 943.12 heavy_equipment
151.12 111.11 177.79 106.88 179.07 114.99 152.4 119.22 container
1160.16 463.08 1190.73 458.84 1191.73 466.05 1161.16 470.29 large_vehicle
1093.85 892.81 1107.7 890.29 1108.88 896.78 1095.03 899.3 medium_vehicle
169.81 22.18 170.37 27.2 157.65 28.63 157.09 23.61 container
172.17 42.02 175.59 48.06 163.8 54.73 160.38 48.69 container
1256.52 923.17 1261.57 921.57 1264.35 930.33 1259.3 931.93 heavy_equipment
