1150.7 1156.8 1154.42 1164.16 1133.66 1174.64 1129.94 1167.28 large_vehicle
1175.82 1166.6 1179.47 1161.59 1197.75 1174.91 1194.1 1179.92 large_vehicle
1175.79 1208.49 1181.57 1204.68 1194.08 1223.64 1188.3 1227.45 large_vehicle
1274.4 1134.88 1286.42 1155.77 1279.49 1159.76 1267.47 1138.87 container
488.43 13.33 502.18 18.39 500.19 23.79 486.44 18.73 small_vessel
1268.97 1178.57 1273.92 1175.01 1281.24 1185.21 1276.29 1188.77 heavy_equipment
1271.03 1098.79 1275.09 1104.77 1256.71 1117.26 1252.65 1111.28 large_vehicle
1129.0 1167.74 1134.98 1173.99 1115.62 1192.49 1109.64 1186.24 large_vehicle
1277.31 1046.79 1286.35 1064.7 1280.54 1067.63 1271.5 1049.72 large_vehicle
1273.1 1065.23 1273.94 1072.95 1251.37 1075.4 1250.53 1067.68 large_vehicle
1172.17 1221.54 1178.53 1216.97 1189.51 1232.26 1183.15 1236.83 heavy_equipment
1183.52 1268.71 1189.95 1264.71 1199.42 1279.91 1192.99 1283.91 large_vehicle
762.29 188.78 774.15 163.46 782.64 167.43 770.78 192.75 heavy_equipment
862.89 1104.37 870.38 1111.92 850.01 1132.15 842.52 1124.6 heavy_equipment
696.42 200.5 700.62 191.53 737.55 208.83 733.35 217.8 heavy_equipment
