1205.97 201.86 1222.84 217.38 1218.61 221.98 1201.74 206.46 bus
779.39 792.67 786.07 796.23 776.33 814.54 769.65 810.98 bus
511.06 396.63 551.87 429.68 541.82 442.1 501.01 409.05 pylon
660.26 1059.83 734.89 1122.01 713.91 1147.19 639.28 1085.01 pylon
639.89 1012.05 674.25 1037.95 666.75 1047.9 632.39 1022.0 pylon
1220.31 606.16 1224.54 609.21 1218.03 618.24 1213.8 615.19 medium_vehicle
858.4 120.1 926.38 172.64 908.14 196.24 840.16 143.7 pylon
489.77 711.91 524.13 737.81 516.63 747.77 482.27 721.87 pylon
1224.96 467.49 1240.08 481.4 1235.76 486.1 1220.64 472.19 bus
1236.87 1131.09 1246.17 1138.23 1242.59 1142.9 1233.29 1135.76 medium_vehicle
560.91 403.26 628.88 455.79 610.64 479.4 542.67 426.87 pylon
531.81 710.93 605.6 770.89 585.3 795.87 511.51 735.91 pylon
1196.4 220.0 1201.38 220.0 1201.38 230.7 1196.4 230.7 medium_vehicle
1208.47 451.09 1223.73 465.12 1219.55 469.67 1204.29 455.64 bus
