551.62 501.51 595.38 537.33 584.36 550.79 540.6 514.97 pylon
80.94 708.59 124.69 744.4 113.67 757.86 69.92 722.05 pylon
589.04 546.41 662.61 602.25 641.13 630.55 567.56 574.71 pylon
866.53 480.58 903.48 513.15 889.36 529.17 852.41 496.6 pylon
818.38 422.67 858.08 449.75 846.82 466.26 807.12 439.18 pylon
118.09 1182.72 124.0 1186.58 115.44 1199.66 109.53 1195.8 medium_vehicle
769.79 315.74 813.5 351.51 802.2 365.32 758.49 329.55 pylon
1233.53 135.79 1276.12 170.29 1265.81 183.03 1223.22 148.53 pylon
739.92 838.43 745.31 842.64 736.18 854.33 730.79 850.12 medium_vehicle
1113.62 901.28 1119.52 901.0 1120.07 912.66 1114.17 912.94 medium_vehicle
228.94 820.19 308.87 887.02 282.76 918.25 202.83 851.42 pylon
