1219.73 339.72 1263.13 339.87 1263.06 359.16 1219.66 359.01 large_vessel
1124.83 180.64 1130.63 182.87 1122.72 203.49 1116.92 201.26 container
245.17 868.73 250.77 870.72 244.17 889.26 238.57 887.27 container
49.36 765.86 56.96 765.69 57.23 777.29 49.63 777.46 medium_vessel
26.9 750.35 70.54 747.91 71.55 765.96 27.91 768.4 large_vessel
1250.94 168.75 1255.2 170.16 1250.59 184.1 1246.33 182.69 medium_vessel
618.45 513.04 623.24 515.59 613.55 533.81 608.76 531.26 medium_vessel
574.47 299.38 596.68 299.89 596.54 305.95 574.33 305.44 medium_vessel
1267.87 172.47 1271.86 174.75 1265.21 186.36 1261.22 184.08 medium_vessel
638.02 660.31 655.48 661.01 655.24 667.05 637.78 666.35 medium_vessel
608.74 516.26 613.08 518.84 605.4 531.76 601.06 529.18 medium_vessel
48.18 805.81 69.91 800.63 71.53 807.4 49.8 812.58 medium_vessel
1027.0 318.32 1075.48 319.68 1074.91 340.31 1026.43 338.95 large_vessel
-3.97 796.0 29.01 785.16 34.3 801.27 1.31 812.11 large_vessel
981.33 302.92 1029.32 303.67 1029.06 320.17 981.07 319.42 large_vessel
1153.84 296.78 1166.91 297.83 1166.46 303.44 1153.39 302.39 medium_vehicle
1192.46 301.15 1196.79 302.35 1194.18 311.81 1189.85 310.61 medium_vehicle
1133.92 534.04 1159.02 534.35 1158.97 538.75 1133.87 538.44 medium_vessel
802.62 255.32 820.48 266.09 817.52 271.0 799.66 260.23 large_vehicle
695.8 277.6 718.8 277.6 718.8 283.8 695.8 283.8 large_vehicle
580.58 604.12 584.11 607.12 579.9 612.07 576.37 609.07 small_vessel
34.6 838.02 46.32 838.26 45.51 876.92 33.79 876.68 large_vessel
142.77 421.48 176.1 427.12 174.02 439.45 140.69 433.81 medium_vessel
1269.51 174.27 1274.42 176.18 1270.81 185.48 1265.9 183.57 small_vessel
576.23 295.29 597.03 295.9 596.9 300.3 576.1 299.69 medium_vessel
635.51 672.41 650.79 673.02 650.6 677.8 635.32 677.19 medium_vessel
1188.47 297.43 1193.47 298.23 1191.86 308.25 1186.86 307.45 medium_vehicle
576.07 308.83 594.77 308.74 594.82 317.25 576.12 317.34 medium_vessel
642.23 643.13 661.13 643.4 661.06 648.47 642.16 648.2 medium_vessel
1262.28 173.21 1266.52 175.25 1261.56 185.6 1257.32 183.56 medium_vessel
621.66 513.63 626.91 516.29 617.48 534.95 612.23 532.29 medium_vessel
1274.56 172.25 1279.39 173.56 1276.2 185.39 1271.37 184.08 medium_vessel
502.42 786.96 515.01 786.61 515.16 792.11 502.57 792.46 large_vehicle
1172.54 300.75 1183.43 300.5 1183.55 305.87 1172.66 306.12 medium_vehicle
1253.29 173.31 1257.47 174.44 1254.79 184.39 1250.61 183.26 small_vessel
310.55 234.69 332.86 241.09 310.16 320.25 287.85 313.85 large_vessel
574.04 305.25 595.93 304.86 596.06 312.08 574.17 312.47 medium_vessel
1219.89 325.41 1266.23 325.58 1266.16 344.51 1219.82 344.34 large_vessel
648.92 596.64 653.83 598.9 649.44 608.44 644.53 606.18 medium_vessel
1.8 893.85 25.5 893.94 25.31 948.94 1.61 948.85 large_vessel
633.81 584.54 639.77 586.92 632.16 605.96 626.2 603.58 medium_vessel
576.33 291.37 597.12 291.98 596.96 297.3 576.17 296.69 medium_vessel
1033.05 304.96 1080.92 308.06 1079.91 323.77 1032.04 320.67 large_vessel
648.9 626.5 665.2 626.5 665.2 632.29 648.9 632.29 medium_vessel
1214.96 298.73 1218.82 300.38 1212.89 314.29 1209.03 312.64 large_vehicle
1246.67 170.2 1250.66 171.79 1245.43 184.94 1241.44 183.35 medium_vessel
654.43 622.35 670.35 623.66 669.94 628.66 654.02 627.35 medium_vessel
18.36 891.38 42.23 891.88 41.02 949.54 17.15 949.04 large_vessel
1119.57 321.2 1170.36 319.6 1171.04 341.25 1120.25 342.85 large_vessel
970.07 320.85 1025.36 317.18 1026.69 337.14 971.4 340.81 large_vessel
254.62 836.51 259.45 839.27 249.72 856.27 244.89 853.51 container
87.57 51.18 318.51 59.24 316.8 108.01 85.86 99.95 large_vessel
-4.7 783.3 29.89 774.35 34.12 790.73 -0.47 799.68 large_vessel
1241.26 172.41 1245.19 173.69 1241.62 184.67 1237.69 183.39 medium_vessel
871.25 283.5 893.1 283.5 893.1 289.43 871.25 289.43 large_vehicle
1176.02 310.03 1221.4 311.38 1220.97 326.09 1175.59 324.74 large_vessel
623.7 517.9 628.44 520.3 620.73 535.57 615.99 533.17 medium_vessel
1196.13 300.85 1200.88 301.61 1199.45 310.51 1194.7 309.75 medium_vehicle
806.92 283.1 829.4 283.1 829.4 287.7 806.92 287.7 large_vehicle
581.83 617.91 579.92 622.12 573.99 619.43 575.9 615.22 small_vessel
624.45 591.64 630.07 593.16 626.38 606.75 620.76 605.23 medium_vessel
1185.39 283.05 1207.48 283.55 1207.3 291.44 1185.21 290.94 double_trailer_truck
1209.36 298.24 1214.35 299.81 1210.22 312.93 1205.23 311.36 large_vehicle
1237.99 170.49 1241.94 171.69 1238.08 184.48 1234.13 183.28 medium_vessel
1218.86 298.71 1223.02 300.63 1216.79 314.13 1212.63 312.21 large_vehicle
17.82 841.51 34.69 841.87 33.9 879.29 17.03 878.93 large_vessel
1125.03 308.61 1173.92 308.78 1173.87 323.77 1124.98 323.6 large_vessel
750.9 279.05 771.36 280.31 770.99 286.4 750.53 285.14 large_vehicle
609.84 589.05 615.35 590.78 611.28 603.76 605.77 602.03 medium_vessel
1173.71 321.32 1218.79 323.13 1218.0 342.92 1172.92 341.11 large_vessel
916.82 509.02 1014.92 513.82 1013.79 536.88 915.69 532.08 large_vessel
-2.81 775.32 31.61 766.22 34.64 777.69 0.21 786.79 large_vessel
809.53 172.16 830.33 172.41 830.26 177.74 809.46 177.49 large_vehicle
642.05 647.29 658.33 647.1 658.42 654.89 642.14 655.08 medium_vessel
612.56 517.28 617.05 519.79 609.77 532.81 605.28 530.3 medium_vessel
1131.65 178.91 1137.84 181.56 1129.07 202.01 1122.88 199.36 container
1232.76 172.91 1237.22 173.59 1235.68 183.68 1231.22 183.0 small_vessel
969.14 274.82 992.44 275.11 992.35 281.94 969.05 281.65 large_vehicle
32.23 735.17 76.21 736.94 75.54 753.65 31.56 751.88 large_vessel
1229.0 172.51 1233.17 173.63 1230.19 184.66 1226.02 183.54 medium_vessel
332.74 266.98 420.06 271.1 418.63 301.5 331.31 297.38 large_vessel
-3.52 817.26 28.64 807.11 33.06 821.13 0.89 831.28 medium_vessel
644.62 636.62 663.97 639.72 663.12 645.01 643.77 641.91 medium_vessel
327.9 295.01 415.17 299.12 414.19 319.94 326.92 315.83 large_vessel
631.42 269.79 950.3 283.16 947.41 351.96 628.53 338.59 large_vessel
1257.4 172.65 1261.21 173.68 1258.06 185.36 1254.25 184.33 medium_vessel
436.42 867.58 451.2 867.81 451.13 872.41 436.35 872.18 large_vehicle
576.75 314.84 595.57 312.66 596.68 322.22 577.86 324.4 medium_vessel
828.96 536.02 851.45 536.57 851.3 542.79 828.81 542.24 medium_vessel
1222.41 312.42 1266.52 312.57 1266.47 328.59 1222.36 328.44 large_vessel
