1076.55 986.18 1107.54 946.52 1122.35 958.08 1091.36 997.74 large_vessel
1056.99 937.9 1061.09 936.28 1064.59 945.1 1060.49 946.72 small_vessel
1154.73 650.63 1167.76 656.3 1165.64 661.18 1152.61 655.51 medium_vessel
1251.77 1055.32 1276.0 1024.3 1289.38 1034.75 1265.15 1065.77 large_vessel
1051.8 943.31 1061.58 943.89 1061.23 949.68 1051.45 949.1 small_vessel
1171.34 370.21 1174.34 366.92 1181.02 373.02 1178.02 376.31 small_vessel
1192.96 428.38 1196.51 425.48 1203.45 433.97 1199.9 436.87 medium_vessel
1111.59 417.04 1115.66 414.11 1122.04 422.95 1117.97 425.88 medium_vessel
1137.63 1185.37 1209.26 1093.68 1229.3 1109.33 1157.67 1201.02 large_vessel
1129.87 467.4 1136.18 462.58 1151.38 482.46 1145.07 487.28 medium_vessel
1219.84 417.85 1223.59 414.45 1232.17 423.91 1228.42 427.31 medium_vessel
1139.1 1153.26 1203.04 1080.48 1223.15 1098.15 1159.21 1170.93 large_vessel
689.16 797.14 707.65 777.45 712.28 781.79 693.79 801.48 large_vehicle
1121.92 473.29 1129.08 468.63 1142.69 489.58 1135.53 494.24 medium_vessel
1158.79 645.27 1160.95 640.58 1171.76 645.56 1169.6 650.25 medium_vessel
1178.48 376.62 1181.27 373.46 1187.7 379.12 1184.91 382.28 small_vessel
1182.11 365.82 1186.35 360.43 1198.88 370.3 1194.64 375.69 medium_vessel
1012.55 622.73 1015.07 617.81 1030.09 625.53 1027.57 630.45 container
1204.41 423.5 1208.67 419.55 1216.51 428.01 1212.25 431.96 medium_vessel
1217.15 1098.48 1240.69 1068.99 1253.9 1079.53 1230.36 1109.02 large_vessel
1205.36 1271.12 1205.65 1265.41 1219.85 1266.13 1219.56 1271.84 container
1152.61 381.05 1159.08 373.66 1177.56 389.85 1171.09 397.24 medium_vessel
1047.92 957.37 1057.2 958.23 1056.79 962.68 1047.51 961.82 small_vessel
1067.84 931.03 1077.94 933.9 1076.65 938.44 1066.55 935.57 medium_vessel
1104.48 420.59 1108.93 418.33 1113.24 426.84 1108.79 429.1 small_vessel
1062.64 936.06 1065.66 933.29 1072.69 940.96 1069.67 943.73 medium_vessel
881.81 585.36 885.66 581.53 897.25 593.2 893.4 597.03 container
1048.66 805.23 1064.11 809.57 1062.54 815.15 1047.09 810.81 medium_vessel
1127.22 686.74 1141.44 693.74 1139.0 698.71 1124.78 691.71 medium_vessel
1006.83 617.62 1010.55 609.52 1014.21 611.2 1010.49 619.3 small_vessel
1139.65 461.38 1143.68 458.06 1156.02 473.03 1151.99 476.35 medium_vessel
1153.39 454.28 1158.44 451.0 1169.56 468.13 1164.51 471.41 medium_vessel
1155.0 649.74 1156.92 645.31 1167.0 649.7 1165.08 654.13 medium_vessel
1088.17 1254.01 1140.68 1186.8 1157.97 1200.3 1105.46 1267.51 large_vessel
1051.2 948.33 1060.78 951.57 1059.49 955.38 1049.91 952.14 small_vessel
642.68 874.26 667.52 873.74 667.67 880.93 642.83 881.45 large_vehicle
1170.79 440.94 1175.11 437.2 1188.77 452.98 1184.45 456.72 medium_vessel
1048.91 951.13 1057.88 955.96 1055.83 959.77 1046.86 954.94 small_vessel
1169.86 449.63 1174.97 446.65 1180.61 456.31 1175.5 459.29 medium_vessel
1072.28 786.84 1078.27 778.72 1082.4 781.76 1076.41 789.88 small_vessel
590.15 901.37 640.93 899.69 641.44 915.07 590.66 916.75 large_vessel
1096.97 430.87 1100.51 427.69 1108.14 436.17 1104.6 439.35 medium_vessel
1212.39 419.19 1216.08 415.23 1224.0 422.61 1220.31 426.57 medium_vessel
1230.42 1267.5 1233.64 1264.02 1241.73 1271.52 1238.51 1275.0 medium_vehicle
