416.69 903.12 433.03 904.18 432.68 909.62 416.34 908.56 bus
594.34 1004.79 599.8 1001.48 607.79 1014.62 602.33 1017.93 bus
616.72 1035.31 611.69 1038.83 603.79 1027.55 608.82 1024.03 bus
504.23 862.2 510.85 843.4 517.49 845.73 510.87 864.53 bus
461.55 1251.63 468.57 1245.3 472.15 1249.26 465.13 1255.59 medium_vehicle
618.61 1077.28 614.28 1079.84 607.91 1069.09 612.24 1066.53 bus
398.14 936.47 413.88 939.35 412.91 944.66 397.17 941.78 bus
635.2 1117.17 631.98 1120.87 621.01 1111.33 624.23 1107.63 bus
625.63 1183.35 628.73 1189.87 612.04 1197.79 608.94 1191.27 bus
495.8 850.73 501.53 852.15 499.01 862.24 493.28 860.82 medium_vehicle
656.81 997.14 652.02 1000.0 644.38 987.18 649.17 984.32 bus
425.47 882.27 441.63 883.31 441.31 888.3 425.15 887.26 bus
411.86 908.19 429.53 909.33 429.13 915.53 411.46 914.39 bus
601.88 997.56 606.49 993.5 617.03 1005.49 612.42 1009.55 bus
622.56 1029.41 617.32 1032.61 610.15 1020.85 615.39 1017.65 bus
422.43 886.43 439.32 887.53 438.97 892.93 422.08 891.83 bus
409.18 919.57 424.94 922.92 423.82 928.2 408.06 924.85 bus
647.22 1003.96 651.89 1008.45 639.07 1021.77 634.4 1017.28 bus
608.18 1045.63 602.98 1048.88 595.71 1037.24 600.91 1033.99 bus
649.4 983.23 654.72 980.1 662.5 993.32 657.18 996.45 bus
575.6 1190.04 579.11 1196.61 561.67 1205.92 558.16 1199.35 bus
626.5 1024.22 632.1 1029.61 618.32 1043.93 612.72 1038.54 bus
674.61 1068.22 680.43 1073.83 666.98 1087.8 661.16 1082.19 bus
240.61 193.63 244.06 199.35 234.73 204.98 231.28 199.26 medium_vehicle
264.02 1053.16 270.28 1035.76 276.84 1038.12 270.58 1055.52 bus
559.61 208.1 559.56 214.77 543.13 214.62 543.18 207.95 bus
613.14 1042.11 607.91 1045.35 599.42 1031.6 604.65 1028.36 bus
691.05 1051.28 696.44 1056.47 683.06 1070.38 677.67 1065.19 bus
475.18 864.25 482.61 845.75 489.22 848.41 481.79 866.91 bus
630.11 971.44 635.05 968.2 644.19 982.12 639.25 985.36 bus
515.03 857.12 518.32 847.78 523.05 849.45 519.76 858.79 medium_vehicle
611.23 1100.67 614.58 1097.1 624.68 1106.58 621.33 1110.15 bus
399.89 867.62 415.11 868.31 414.83 874.41 399.61 873.72 bus
653.84 1078.96 659.79 1084.43 646.55 1098.83 640.6 1093.36 bus
389.46 894.96 405.4 894.24 405.65 899.73 389.71 900.45 bus
420.15 891.78 437.05 892.88 436.7 898.28 419.8 897.18 bus
431.09 1008.48 441.89 1019.59 437.68 1023.68 426.88 1012.57 bus
598.6 1169.84 601.13 1176.6 584.03 1182.99 581.5 1176.23 bus
414.04 1009.43 404.32 1008.39 404.81 1003.84 414.53 1004.88 medium_vehicle
443.35 866.7 446.98 849.33 451.91 850.36 448.28 867.73 bus
291.3 1061.03 280.72 1059.9 281.35 1053.99 291.93 1055.12 medium_vehicle
403.69 926.47 419.31 930.42 417.99 935.66 402.37 931.71 bus
400.6 931.53 416.51 934.79 415.43 940.08 399.52 936.82 bus
388.4 900.21 404.06 899.5 404.32 905.17 388.66 905.88 bus
196.68 871.3 193.06 855.39 200.6 853.68 204.22 869.59 bus
604.55 1145.19 608.07 1140.27 622.13 1150.34 618.61 1155.26 bus
470.72 863.06 477.69 845.74 481.94 847.45 474.97 864.77 bus
447.69 865.95 452.53 847.62 459.36 849.43 454.52 867.76 bus
574.85 1150.89 577.07 1156.36 567.38 1160.3 565.16 1154.83 bus
648.0 1005.68 642.47 1009.05 634.51 996.01 640.04 992.64 bus
85.71 1048.18 91.89 1049.77 89.36 1059.63 83.18 1058.04 medium_vehicle
602.85 1054.4 596.2 1057.33 589.54 1042.23 596.19 1039.3 bus
592.19 1149.44 592.53 1155.33 575.46 1156.31 575.12 1150.42 bus
643.5 1191.5 649.1 1191.49 649.11 1200.8 643.51 1200.81 medium_vehicle
64.49 880.1 49.47 879.73 49.6 874.4 64.62 874.77 bus
628.77 1023.65 623.83 1027.29 615.66 1016.2 620.6 1012.56 bus
699.45 1036.45 704.84 1041.64 691.44 1055.56 686.05 1050.37 bus
474.48 1233.13 488.83 1218.68 494.12 1223.94 479.77 1238.39 bus
601.96 1090.62 606.25 1086.93 615.07 1097.18 610.78 1100.87 bus
422.07 877.95 440.13 878.24 440.05 883.34 421.99 883.05 bus
700.05 1031.06 704.86 1035.69 691.47 1049.6 686.66 1044.97 bus
633.71 1021.02 628.28 1023.9 620.66 1009.51 626.09 1006.63 bus
512.05 856.81 515.18 847.92 518.6 849.13 515.47 858.02 medium_vehicle
659.67 1085.04 665.49 1090.65 652.04 1104.62 646.22 1099.01 bus
642.83 1159.85 649.09 1157.55 654.65 1172.68 648.39 1174.98 bus
612.82 1112.12 616.13 1108.5 626.15 1117.69 622.84 1121.31 bus
639.73 1016.65 634.61 1020.07 626.11 1007.38 631.23 1003.96 bus
509.03 1183.9 515.77 1187.91 505.48 1205.17 498.74 1201.16 bus
593.58 1163.28 595.58 1170.45 577.68 1175.45 575.68 1168.28 bus
418.9 897.38 434.45 898.38 434.1 903.78 418.55 902.78 bus
625.85 1090.75 623.44 1092.57 615.19 1081.66 617.6 1079.84 bus
575.97 1023.82 582.8 1021.99 587.57 1039.81 580.74 1041.64 bus
558.97 254.87 564.68 257.09 557.61 275.22 551.9 273.0 bus
272.86 1246.43 259.12 1238.99 261.94 1233.77 275.68 1241.21 bus
262.64 1223.51 254.39 1210.56 260.29 1206.8 268.54 1219.75 bus
523.26 1164.53 528.54 1168.62 516.23 1184.49 510.95 1180.4 bus
446.99 987.22 452.27 987.4 451.72 1003.98 446.44 1003.8 bus
307.7 1269.41 315.29 1269.4 315.3 1279.92 307.71 1279.93 bus
411.88 914.92 427.13 917.39 426.26 922.73 411.01 920.26 bus
499.11 849.76 504.76 851.48 501.74 861.42 496.09 859.7 medium_vehicle
580.33 1022.84 587.09 1020.17 592.67 1034.34 585.91 1037.01 bus
602.39 1101.94 605.7 1098.33 615.92 1107.7 612.61 1111.31 bus
612.75 1040.08 617.55 1044.7 603.77 1059.02 598.97 1054.4 bus
