1214.65 638.2 1230.03 636.01 1230.88 641.97 1215.5 644.16 bus
1274.94 656.36 1270.32 673.6 1265.04 672.18 1269.66 654.94 bus
1225.67 669.32 1223.89 686.05 1215.33 685.14 1217.11 668.41 bus
1258.71 628.26 1274.1 628.26 1274.1 634.53 1258.71 634.53 bus
1215.77 632.78 1231.45 631.19 1231.96 636.28 1216.28 637.87 bus
1251.49 659.3 1249.07 676.98 1241.11 675.89 1243.53 658.21 bus
1217.36 627.17 1233.23 625.36 1233.81 630.44 1217.94 632.25 bus
1280.09 655.18 1275.47 672.42 1269.45 670.8 1274.07 653.56 bus
1232.58 664.25 1230.7 681.87 1225.33 681.3 1227.21 663.68 bus
1210.85 683.96 1211.4 670.89 1216.08 671.08 1215.53 684.15 bus
1183.14 656.63 1199.02 653.48 1200.24 659.63 1184.36 662.78 bus
1264.5 600.81 1268.98 583.98 1275.7 585.77 1271.22 602.6 bus
1246.97 605.23 1250.35 588.15 1257.17 589.5 1253.79 606.58 bus
1241.85 661.98 1239.44 679.55 1231.03 678.4 1233.44 660.83 bus
1239.69 608.32 1241.96 591.05 1248.11 591.86 1245.84 609.13 bus
1235.04 609.31 1237.31 592.05 1243.46 592.86 1241.19 610.12 bus
1269.07 597.72 1274.24 579.92 1280.77 581.82 1275.6 599.62 bus
1268.23 657.37 1263.61 674.62 1256.71 672.77 1261.33 655.52 bus
393.93 800.3 399.2 800.85 398.11 811.21 392.84 810.66 medium_vehicle
1256.6 601.7 1261.08 584.88 1267.8 586.67 1263.32 603.49 bus
