1083.9 92.26 1091.37 93.15 1090.81 97.78 1083.34 96.89 medium_vehicle
885.76 58.45 890.54 59.87 887.84 68.92 883.06 67.5 medium_vehicle
996.99 748.67 1003.89 747.25 1006.12 758.1 999.22 759.52 medium_vehicle
257.51 964.03 290.91 962.1 293.82 1012.62 260.42 1014.55 small_aircraft
601.64 115.23 607.67 117.29 603.14 130.54 597.11 128.48 medium_vehicle
530.82 666.81 534.65 672.16 524.8 679.21 520.97 673.86 medium_vehicle
817.9 794.8 822.5 794.46 823.72 810.67 819.12 811.01 medium_vehicle
195.95 1051.75 207.5 1050.64 209.24 1068.67 197.69 1069.78 small_aircraft
255.11 360.81 280.08 364.23 279.29 369.98 254.32 366.56 large_vehicle
135.34 319.17 143.33 320.13 142.86 323.96 134.87 323.0 medium_vehicle
857.52 993.14 901.61 986.47 911.5 1051.83 867.41 1058.5 large_aircraft
571.84 231.46 576.71 231.97 575.87 240.03 571.0 239.52 medium_vehicle
198.66 1116.48 232.14 1113.25 236.7 1160.66 203.22 1163.89 small_aircraft
546.04 142.13 549.7 144.69 544.7 151.86 541.04 149.3 medium_vehicle
840.39 351.62 846.4 351.49 846.61 360.93 840.6 361.06 medium_vehicle
1037.06 703.63 1042.57 703.56 1042.72 713.92 1037.21 713.99 medium_vehicle
845.43 846.37 860.73 843.22 861.92 848.99 846.62 852.14 medium_vehicle
946.61 723.59 951.11 725.43 947.92 733.21 943.42 731.37 medium_vehicle
552.87 208.0 558.66 209.82 555.19 220.91 549.4 219.09 medium_vehicle
196.99 485.59 201.89 481.56 204.58 484.83 199.68 488.86 medium_vehicle
903.44 978.15 948.32 971.36 958.16 1036.43 913.28 1043.22 large_aircraft
196.81 455.02 204.66 447.65 208.15 451.38 200.3 458.75 medium_vehicle
1046.02 97.65 1051.18 99.26 1048.43 108.08 1043.27 106.47 medium_vehicle
799.93 389.24 816.03 389.35 816.0 393.85 799.9 393.74 large_vehicle
1005.67 758.03 1017.64 754.69 1019.28 760.55 1007.31 763.89 medium_vehicle
172.01 857.37 180.38 866.67 171.87 874.34 163.5 865.04 small_aircraft
609.97 76.12 616.07 77.6 613.5 88.23 607.4 86.75 medium_vehicle
1037.82 715.13 1043.34 715.06 1043.49 725.56 1037.97 725.63 medium_vehicle
811.02 796.24 818.07 795.71 819.32 812.27 812.27 812.8 medium_vehicle
1054.98 49.57 1059.93 51.99 1053.84 64.41 1048.89 61.99 medium_vehicle
536.77 253.84 542.82 255.74 538.18 270.53 532.13 268.63 medium_vehicle
171.13 865.84 180.63 871.32 171.03 887.94 161.53 882.46 small_aircraft
889.37 166.81 894.95 168.47 892.3 177.33 886.72 175.67 medium_vehicle
506.77 1080.6 563.45 1072.03 571.08 1122.45 514.4 1131.02 large_aircraft
1221.21 1012.67 1229.27 1011.88 1229.68 1016.03 1221.62 1016.82 medium_vehicle
845.9 994.19 852.97 993.99 853.42 1010.08 846.35 1010.28 medium_vehicle
506.73 322.57 511.01 324.2 508.04 332.02 503.76 330.39 medium_vehicle
1072.38 90.16 1081.49 91.25 1080.88 96.32 1071.77 95.23 medium_vehicle
596.15 146.41 600.95 147.36 599.15 156.47 594.35 155.52 medium_vehicle
467.05 296.38 479.07 302.11 477.28 305.87 465.26 300.14 medium_vehicle
895.78 413.95 902.24 413.86 902.47 429.95 896.01 430.04 medium_vehicle
812.48 813.99 819.51 813.28 821.16 829.8 814.13 830.51 medium_vehicle
580.72 71.6 585.07 72.9 582.67 80.92 578.32 79.62 medium_vehicle
285.39 329.08 293.44 329.32 293.31 333.51 285.26 333.27 medium_vehicle
186.63 1038.22 204.23 1036.34 206.94 1061.68 189.34 1063.56 small_aircraft
504.63 1139.33 560.28 1130.92 569.04 1188.8 513.39 1197.21 large_aircraft
197.7 490.38 202.59 486.37 204.94 489.23 200.05 493.24 medium_vehicle
447.67 275.3 452.59 275.47 452.25 285.17 447.33 285.0 medium_vehicle
1246.33 919.45 1271.66 915.62 1274.76 936.06 1249.43 939.89 small_aircraft
719.56 1019.31 724.36 1019.28 724.43 1028.98 719.63 1029.01 medium_vehicle
881.74 55.1 886.91 57.13 883.51 65.81 878.34 63.78 medium_vehicle
556.57 1124.4 611.08 1116.16 619.95 1174.78 565.44 1183.02 large_aircraft
251.71 850.24 256.65 850.43 256.33 858.69 251.39 858.5 medium_vehicle
804.64 999.32 849.23 992.58 859.25 1058.8 814.66 1065.54 large_aircraft
404.7 1195.8 414.83 1195.41 415.51 1213.19 405.38 1213.58 small_aircraft
234.32 895.37 282.91 891.12 288.09 950.3 239.5 954.55 large_aircraft
388.4 529.14 401.97 517.99 404.98 521.65 391.41 532.8 large_vehicle
189.53 1064.95 206.66 1063.36 208.96 1088.14 191.83 1089.73 small_aircraft
592.13 108.72 596.48 110.02 594.08 118.04 589.73 116.74 medium_vehicle
546.57 290.85 550.86 292.48 548.14 299.64 543.85 298.01 medium_vehicle
204.29 1165.56 220.57 1164.79 221.7 1188.7 205.42 1189.47 small_aircraft
590.36 154.89 595.35 155.38 594.59 163.12 589.6 162.63 medium_vehicle
197.17 461.45 203.55 455.46 206.58 458.69 200.2 464.68 medium_vehicle
959.38 713.27 962.94 710.11 969.79 717.83 966.23 720.99 medium_vehicle
844.85 175.17 852.45 168.64 856.1 172.88 848.5 179.41 medium_vehicle
505.34 698.55 515.23 698.29 515.35 702.98 505.46 703.24 medium_vehicle
778.71 267.54 793.44 274.04 791.5 278.43 776.77 271.93 heavy_equipment
956.05 709.3 960.69 711.2 957.57 718.82 952.93 716.92 medium_vehicle
525.45 285.31 531.21 287.11 526.81 301.16 521.05 299.36 medium_vehicle
98.69 302.63 106.74 302.78 106.67 306.37 98.62 306.22 medium_vehicle
1006.03 751.51 1018.45 748.04 1020.09 753.91 1007.67 757.38 medium_vehicle
194.57 1091.6 207.19 1091.36 207.6 1113.05 194.98 1113.29 small_aircraft
