130.4 1145.63 134.82 1145.56 134.96 1155.56 130.54 1155.63 small_vessel
55.81 1241.0 61.47 1239.59 62.19 1242.51 56.53 1243.92 small_vessel
214.83 744.95 220.53 745.05 220.26 760.24 214.56 760.14 medium_vehicle
897.49 591.4 906.4 590.51 907.06 597.15 898.15 598.04 heavy_equipment
98.27 1153.92 101.91 1153.87 102.04 1163.17 98.4 1163.22 small_vessel
93.57 1160.83 98.11 1160.76 98.28 1173.16 93.74 1173.23 small_vessel
1182.9 465.78 1184.37 460.01 1197.14 463.27 1195.67 469.04 medium_vehicle
55.31 1248.23 63.16 1246.33 64.06 1250.02 56.21 1251.92 small_vessel
955.03 540.14 961.61 540.79 959.93 558.0 953.35 557.35 medium_vehicle
1160.34 648.66 1169.77 640.78 1172.99 644.63 1163.56 652.51 medium_vehicle
149.9 1132.0 153.01 1132.22 152.33 1141.92 149.22 1141.7 small_vessel
209.65 749.58 214.54 749.68 214.24 763.97 209.35 763.87 medium_vehicle
155.67 770.94 162.42 770.15 164.12 784.64 157.37 785.43 heavy_equipment
84.69 1160.56 93.84 1160.43 93.91 1165.14 84.76 1165.27 small_vessel
1112.41 478.29 1128.26 476.42 1128.94 482.25 1113.09 484.12 medium_vehicle
164.94 1105.12 172.51 1103.67 173.15 1106.99 165.58 1108.44 small_vessel
153.6 1046.38 168.72 1041.91 170.39 1047.55 155.27 1052.02 medium_vehicle
175.49 1134.33 179.09 1134.28 179.26 1146.77 175.66 1146.82 medium_vessel
75.99 1174.95 80.37 1174.89 80.56 1188.36 76.18 1188.42 medium_vessel
145.03 1093.52 150.27 1093.47 150.36 1104.27 145.12 1104.32 medium_vehicle
727.46 700.75 740.79 699.73 742.16 717.61 728.83 718.63 heavy_equipment
835.05 688.46 846.27 686.58 847.12 691.66 835.9 693.54 medium_vehicle
13.23 916.72 22.81 915.46 23.56 921.12 13.98 922.38 medium_vehicle
915.98 484.45 926.88 481.63 928.33 487.26 917.43 490.08 heavy_equipment
151.51 1145.52 156.19 1146.4 154.16 1157.17 149.48 1156.29 small_vessel
120.96 1146.83 125.16 1148.29 122.26 1156.66 118.06 1155.2 small_vessel
841.05 692.73 852.63 689.93 853.86 695.02 842.28 697.82 medium_vehicle
175.34 1115.32 179.19 1115.27 179.3 1123.27 175.45 1123.32 small_vessel
1229.05 684.06 1237.24 682.73 1237.82 686.31 1229.63 687.64 medium_vehicle
898.44 584.22 906.88 583.38 907.39 588.56 898.95 589.4 heavy_equipment
103.33 1146.32 107.51 1146.27 107.64 1155.27 103.46 1155.32 small_vessel
32.48 1238.85 47.42 1237.52 47.91 1243.09 32.97 1244.42 medium_vessel
1183.28 696.52 1192.18 696.45 1192.21 700.46 1183.31 700.53 medium_vehicle
769.71 967.84 780.98 967.35 781.18 972.08 769.91 972.57 medium_vehicle
9.85 1270.93 26.84 1266.82 28.06 1271.86 11.07 1275.97 medium_vessel
19.57 910.73 28.88 909.1 29.77 914.22 20.46 915.85 medium_vehicle
-0.67 1242.03 5.53 1241.04 6.3 1245.88 0.09 1246.87 small_vessel
80.75 1176.98 84.53 1177.26 83.65 1189.32 79.87 1189.04 medium_vessel
873.41 738.32 885.93 736.9 886.44 741.38 873.92 742.8 medium_vehicle
140.35 1095.01 144.59 1095.06 144.48 1103.73 140.24 1103.68 medium_vehicle
845.47 686.38 853.75 685.7 854.22 691.44 845.94 692.12 medium_vehicle
1249.42 520.24 1262.01 520.09 1262.06 524.92 1249.47 525.07 medium_vehicle
1016.7 543.71 1019.77 547.23 1011.54 554.41 1008.47 550.89 medium_vehicle
71.68 1175.72 75.59 1175.67 75.76 1188.27 71.85 1188.32 medium_vessel
89.55 1170.73 93.15 1170.68 93.3 1180.87 89.7 1180.92 small_vessel
20.69 1240.16 29.55 1238.01 30.38 1241.43 21.52 1243.58 small_vessel
110.8 1144.55 114.9 1145.04 113.48 1156.9 109.38 1156.41 small_vessel
37.13 1244.83 48.62 1242.05 49.74 1246.7 38.25 1249.48 medium_vessel
844.4 679.56 853.3 679.57 853.29 684.4 844.39 684.39 medium_vehicle
1233.6 606.09 1241.7 605.89 1242.49 637.98 1234.39 638.18 heavy_equipment
114.93 1145.63 119.13 1146.01 118.08 1157.57 113.88 1157.19 small_vessel
803.19 944.89 814.19 944.37 814.39 948.59 803.39 949.11 medium_vehicle
175.2 1123.15 178.8 1123.1 178.95 1133.87 175.35 1133.92 small_vessel
834.34 681.89 844.69 680.73 845.24 685.65 834.89 686.81 medium_vehicle
908.76 593.9 923.41 592.52 923.94 598.08 909.29 599.46 medium_vehicle
135.45 1094.89 140.25 1094.94 140.14 1103.84 135.34 1103.79 medium_vehicle
21.7 1247.06 33.1 1243.54 34.64 1248.5 23.24 1252.02 small_vessel
104.86 1195.46 114.61 1192.22 116.0 1196.39 106.25 1199.63 small_vessel
1249.94 530.93 1262.48 529.88 1262.9 534.9 1250.36 535.95 medium_vehicle
166.38 1108.91 174.53 1107.35 175.27 1111.18 167.12 1112.74 small_vessel
27.48 1251.37 36.73 1250.27 37.21 1254.34 27.96 1255.44 small_vessel
381.27 1013.33 390.5 1011.13 391.63 1015.88 382.4 1018.08 medium_vehicle
923.58 574.57 940.18 574.22 940.31 580.62 923.71 580.97 heavy_equipment
109.42 891.44 118.38 890.99 118.6 895.47 109.64 895.92 medium_vehicle
55.64 1244.72 62.22 1243.08 62.95 1245.99 56.37 1247.63 small_vessel
85.59 1172.72 90.28 1172.48 90.88 1184.27 86.19 1184.51 small_vessel
1152.88 722.46 1157.17 716.65 1160.65 719.21 1156.36 725.02 medium_vehicle
117.4 1159.58 122.26 1159.51 122.45 1172.57 117.59 1172.64 medium_vessel
166.67 1140.23 170.1 1142.45 162.91 1153.55 159.48 1151.33 medium_vessel
1180.52 416.03 1184.24 421.28 1172.38 429.67 1168.66 424.42 heavy_equipment
53.77 1229.52 59.67 1226.58 60.97 1229.18 55.07 1232.12 small_vessel
14.57 1251.33 14.17 1247.63 20.12 1246.98 20.52 1250.68 small_vessel
1157.57 723.76 1164.35 723.63 1164.42 727.22 1157.64 727.35 medium_vehicle
35.62 1233.68 44.2 1229.81 46.23 1234.3 37.65 1238.17 small_vessel
920.89 490.65 933.67 488.05 934.7 493.12 921.92 495.72 medium_vehicle
1243.54 385.61 1250.94 385.46 1251.25 399.94 1243.85 400.09 medium_vehicle
161.55 1128.52 173.72 1127.35 174.29 1133.25 162.12 1134.42 medium_vessel
463.33 801.83 482.23 801.4 482.36 807.1 463.46 807.53 large_vehicle
-1.07 922.82 7.19 921.42 8.02 926.36 -0.24 927.76 medium_vehicle
500.13 836.25 504.81 843.42 501.26 845.74 496.58 838.57 medium_vehicle
121.83 1187.69 124.68 1190.68 119.09 1196.0 116.24 1193.01 small_vessel
895.4 723.7 910.0 723.17 910.18 727.94 895.58 728.47 medium_vehicle
166.06 1096.7 172.79 1097.84 171.97 1102.71 165.24 1101.57 small_vessel
105.39 1166.03 110.19 1165.96 110.4 1180.46 105.6 1180.53 medium_vessel
70.88 1205.5 77.38 1203.32 78.39 1206.32 71.89 1208.5 small_vessel
53.72 1237.99 60.83 1235.27 62.38 1239.32 55.27 1242.04 small_vessel
899.39 598.95 907.99 598.62 908.21 604.21 899.61 604.54 heavy_equipment
39.58 1249.07 54.73 1247.45 55.37 1253.44 40.22 1255.06 medium_vessel
390.4 1047.99 396.47 1041.53 400.01 1044.86 393.94 1051.32 medium_vehicle
46.36 1225.6 51.26 1225.82 50.93 1233.29 46.03 1233.07 small_vessel
10.28 1253.97 21.09 1252.26 21.86 1257.11 11.05 1258.82 small_vessel
1031.56 705.14 1033.63 710.75 1018.98 716.14 1016.91 710.53 medium_vehicle
137.61 1127.13 143.11 1127.06 143.28 1139.15 137.78 1139.22 small_vessel
222.9 758.04 237.42 753.71 239.15 759.5 224.63 763.83 medium_vehicle
176.72 1077.72 180.52 1077.67 180.67 1088.47 176.87 1088.52 small_vessel
144.11 1137.13 148.39 1137.07 148.54 1148.26 144.26 1148.32 small_vessel
10.79 1264.75 26.62 1260.92 27.89 1266.17 12.06 1270.0 medium_vessel
166.01 1114.64 171.84 1111.01 173.31 1113.38 167.48 1117.01 small_vessel
153.24 1126.52 157.44 1126.47 157.59 1137.37 153.39 1137.42 small_vessel
901.1 605.85 909.0 605.27 909.41 610.85 901.51 611.43 heavy_equipment
621.51 667.68 627.91 666.07 632.56 684.59 626.16 686.2 large_vehicle
140.4 1137.09 144.0 1137.04 144.13 1145.87 140.53 1145.92 small_vessel
335.82 852.09 343.2 851.47 343.57 855.91 336.19 856.53 medium_vehicle
960.68 544.99 966.68 545.21 966.15 559.7 960.15 559.48 heavy_equipment
