221.14 865.72 225.32 871.6 211.85 881.17 207.67 875.29 large_vehicle
615.96 586.71 621.71 588.3 618.78 598.88 613.03 597.29 medium_vehicle
813.56 417.09 829.45 417.42 829.33 423.26 813.44 422.93 medium_vehicle
161.81 1169.87 174.69 1174.61 172.85 1179.62 159.97 1174.88 medium_vehicle
901.75 415.44 915.45 415.73 915.34 421.23 901.64 420.94 medium_vehicle
949.35 439.6 959.55 439.81 959.45 444.51 949.25 444.3 medium_vehicle
179.3 894.65 192.81 886.41 196.54 892.52 183.03 900.76 medium_vehicle
874.58 408.94 886.97 408.94 886.97 414.44 874.58 414.44 medium_vehicle
354.86 474.26 355.89 481.59 337.79 484.14 336.76 476.81 heavy_equipment
383.69 482.41 391.67 482.73 391.07 497.65 383.09 497.33 heavy_equipment
806.85 396.76 819.5 397.03 819.39 402.03 806.74 401.76 medium_vehicle
99.63 1279.13 99.76 1273.02 112.79 1273.3 112.66 1279.41 medium_vehicle
157.5 1188.72 164.53 1190.77 159.53 1207.87 152.5 1205.82 large_vehicle
117.24 1200.06 123.09 1202.5 118.84 1212.71 112.99 1210.27 heavy_equipment
150.72 1219.74 156.92 1221.56 154.19 1230.88 147.99 1229.06 heavy_equipment
875.8 413.96 888.18 413.96 888.18 419.46 875.8 419.46 medium_vehicle
749.45 443.76 762.15 444.03 762.04 449.53 749.34 449.26 medium_vehicle
