561.69 1220.55 561.6 1224.3 555.75 1224.17 555.84 1220.42 small_vehicle
1141.59 1252.32 1121.44 1274.69 1115.54 1269.37 1135.69 1247.0 large_vehicle
1111.41 684.0 1115.66 684.53 1114.71 692.04 1110.46 691.51 small_vehicle
1091.62 936.51 1096.52 965.78 1089.55 966.95 1084.65 937.68 large_vehicle
1176.06 1261.77 1165.78 1283.72 1159.41 1280.74 1169.69 1258.79 large_vehicle
153.17 1136.91 152.69 1141.85 145.7 1141.16 146.18 1136.22 small_vehicle
1144.27 1273.63 1147.8 1275.64 1144.27 1281.83 1140.74 1279.82 small_vehicle
115.8 1248.57 114.78 1253.14 106.99 1251.4 108.01 1246.83 small_vehicle
1141.72 1060.22 1151.61 1085.2 1145.1 1087.78 1135.21 1062.8 large_vehicle
418.66 1186.99 418.07 1191.76 407.74 1190.49 408.33 1185.72 medium_vehicle
206.57 1159.92 205.5 1163.85 198.4 1161.91 199.47 1157.98 small_vehicle
213.32 1274.3 211.99 1278.88 204.96 1276.84 206.29 1272.26 small_vehicle
134.85 1139.24 134.4 1143.71 126.83 1142.94 127.28 1138.47 small_vehicle
1105.57 978.72 1109.63 978.55 1109.92 985.52 1105.86 985.69 small_vehicle
1262.04 431.28 1266.06 433.6 1262.07 440.52 1258.05 438.2 small_vehicle
1131.26 1120.09 1138.22 1139.85 1132.0 1142.03 1125.04 1122.27 large_vehicle
164.26 1146.99 163.84 1151.73 155.47 1151.0 155.89 1146.26 small_vehicle
1091.31 1001.02 1096.19 1017.59 1090.63 1019.23 1085.75 1002.66 large_vehicle
1243.42 1237.55 1254.89 1261.15 1248.71 1264.15 1237.24 1240.55 large_vehicle
238.08 1155.8 237.01 1160.25 227.9 1158.06 228.97 1153.61 small_vehicle
131.36 1146.24 130.62 1150.74 122.27 1149.35 123.01 1144.85 small_vehicle
71.77 1106.04 70.76 1112.1 56.7 1109.75 57.71 1103.69 medium_vehicle
429.96 1200.9 429.44 1204.77 421.54 1203.72 422.06 1199.85 small_vehicle
825.82 1269.05 848.06 1273.58 846.64 1280.58 824.4 1276.05 large_vehicle
1112.02 940.25 1115.75 968.58 1109.12 969.45 1105.39 941.12 large_vehicle
1125.64 995.68 1130.57 1020.84 1123.75 1022.18 1118.82 997.02 large_vehicle
1107.45 1054.59 1113.78 1079.03 1107.13 1080.75 1100.8 1056.31 large_vehicle
1145.92 1214.8 1145.72 1231.14 1138.91 1231.05 1139.11 1214.71 medium_vehicle
1110.13 1032.61 1114.88 1053.19 1108.32 1054.71 1103.57 1034.13 large_vehicle
545.78 1213.62 545.69 1217.5 538.24 1217.33 538.33 1213.45 small_vehicle
1235.44 1242.24 1246.94 1266.14 1240.6 1269.19 1229.1 1245.29 large_vehicle
1184.76 1156.74 1196.41 1181.06 1190.23 1184.02 1178.58 1159.7 large_vehicle
1155.75 1153.36 1164.11 1172.69 1158.2 1175.25 1149.84 1155.92 large_vehicle
271.04 1154.84 286.79 1158.6 285.36 1164.61 269.61 1160.85 medium_vehicle
1236.54 471.65 1255.18 447.45 1262.92 453.41 1244.28 477.61 large_vehicle
855.75 1258.46 854.35 1262.77 847.27 1260.46 848.67 1256.15 small_vehicle
575.95 1261.56 574.39 1265.92 567.02 1263.28 568.58 1258.92 small_vehicle
1206.34 521.82 1210.39 524.11 1206.34 531.28 1202.29 528.99 small_vehicle
1143.36 1134.84 1147.76 1133.33 1150.48 1141.29 1146.08 1142.8 small_vehicle
