755.67 1237.32 779.24 1245.71 776.92 1252.24 753.35 1243.85 large_vehicle
949.59 226.66 949.44 233.51 945.9 233.43 946.05 226.58 small_vehicle
956.53 224.14 955.42 233.71 950.41 233.13 951.52 223.56 small_vehicle
673.04 1165.18 679.95 1167.63 678.44 1171.86 671.53 1169.41 small_vehicle
11.55 968.77 20.23 971.86 18.63 976.34 9.95 973.25 small_vehicle
527.16 1125.6 534.24 1128.12 532.83 1132.06 525.75 1129.54 small_vehicle
469.03 1100.74 476.31 1103.33 474.84 1107.46 467.56 1104.87 small_vehicle
788.7 1236.62 796.11 1239.89 794.67 1243.18 787.26 1239.91 small_vehicle
209.75 1047.12 218.51 1050.23 216.91 1054.72 208.15 1051.61 small_vehicle
842.52 1221.93 852.52 1225.49 850.68 1230.67 840.68 1227.11 small_vehicle
697.02 1202.36 724.25 1211.68 721.57 1219.5 694.34 1210.18 large_vehicle
766.53 1223.66 774.86 1226.63 773.26 1231.11 764.93 1228.14 small_vehicle
948.29 1254.92 955.59 1257.52 954.27 1261.23 946.97 1258.63 small_vehicle
457.71 1102.89 465.83 1105.78 464.24 1110.26 456.12 1107.37 small_vehicle
749.12 1183.3 759.03 1186.82 757.23 1191.85 747.32 1188.33 small_vehicle
288.63 1074.16 296.27 1076.88 294.67 1081.38 287.03 1078.66 small_vehicle
36.18 952.92 43.75 955.62 42.15 960.11 34.58 957.41 small_vehicle
518.32 1155.4 526.44 1158.29 525.13 1161.97 517.01 1159.08 small_vehicle
657.16 1186.0 664.24 1188.52 662.83 1192.46 655.75 1189.94 small_vehicle
996.83 244.25 1004.49 238.41 1007.37 242.2 999.71 248.04 small_vehicle
616.49 1157.26 622.91 1159.54 621.34 1163.96 614.92 1161.68 small_vehicle
567.18 1161.37 575.17 1164.04 573.71 1168.39 565.72 1165.72 small_vehicle
352.29 1066.4 360.27 1069.24 358.75 1073.48 350.77 1070.64 small_vehicle
613.63 1183.13 637.39 1190.03 635.38 1196.97 611.62 1190.07 large_vehicle
468.81 1086.77 492.46 1093.64 490.39 1100.77 466.74 1093.9 large_vehicle
