1108.48 1223.32 1133.16 1236.72 1129.31 1243.82 1104.63 1230.42 large_vehicle
823.79 1068.36 848.73 1081.9 845.2 1088.39 820.26 1074.85 large_vehicle
753.52 1054.23 781.2 1055.73 780.79 1063.45 753.11 1061.95 large_vehicle
766.53 1236.56 763.12 1243.79 741.4 1233.57 744.81 1226.34 container
688.56 1250.43 685.98 1256.47 663.58 1246.87 666.16 1240.83 container
914.86 386.66 919.4 389.95 911.07 401.45 906.53 398.16 medium_vehicle
920.36 389.01 924.89 392.29 916.56 403.8 912.03 400.52 medium_vehicle
831.24 1087.36 855.73 1098.78 852.21 1106.33 827.72 1094.91 large_vehicle
696.59 1191.07 723.58 1204.64 720.11 1211.55 693.12 1197.98 large_vehicle
615.62 1245.92 632.66 1218.54 638.98 1222.48 621.94 1249.86 large_vehicle
875.4 1094.16 899.1 1107.03 895.54 1113.59 871.84 1100.72 large_vehicle
830.18 1111.03 840.61 1116.14 838.39 1120.67 827.96 1115.56 medium_vehicle
829.82 1063.33 853.63 1076.25 850.2 1082.58 826.39 1069.66 large_vehicle
659.77 1252.14 691.02 1264.38 688.14 1271.74 656.89 1259.5 large_vehicle
774.97 1062.18 800.45 1071.0 797.67 1079.02 772.19 1070.2 large_vehicle
944.66 395.51 949.79 399.22 940.82 411.61 935.69 407.9 medium_vehicle
1046.33 1189.56 1070.19 1202.52 1066.43 1209.44 1042.57 1196.48 large_vehicle
957.92 406.55 963.13 410.32 954.55 422.17 949.34 418.4 medium_vehicle
686.75 1255.72 684.45 1261.85 660.01 1252.66 662.31 1246.53 container
1015.12 1172.63 1025.31 1178.16 1022.58 1183.19 1012.39 1177.66 medium_vehicle
567.93 1132.87 565.43 1137.75 553.45 1131.59 555.95 1126.71 medium_vehicle
653.75 1260.22 686.21 1270.77 683.71 1278.45 651.25 1267.9 large_vehicle
692.17 1245.64 689.08 1251.65 666.9 1240.26 669.99 1234.25 container
705.99 1222.65 702.61 1228.51 682.01 1216.61 685.39 1210.75 container
955.01 402.85 959.18 405.86 950.22 418.24 946.05 415.23 medium_vehicle
722.38 1195.73 719.29 1201.75 698.11 1190.86 701.2 1184.84 container
710.49 1218.54 706.84 1223.45 687.8 1209.32 691.45 1204.41 container
1010.03 429.23 1005.92 433.82 993.6 422.77 997.71 418.18 medium_vehicle
749.84 1240.91 761.89 1247.54 758.32 1254.03 746.27 1247.4 heavy_equipment
772.39 1230.29 768.96 1237.79 747.33 1227.93 750.76 1220.43 container
703.35 1148.78 723.81 1123.07 730.78 1128.61 710.32 1154.32 large_vehicle
675.9 1275.21 673.8 1281.63 649.77 1273.77 651.87 1267.35 container
698.2 1234.05 694.83 1240.5 673.15 1229.16 676.52 1222.71 container
989.7 413.47 986.22 418.89 964.45 404.91 967.93 399.49 large_vehicle
752.84 1204.06 779.38 1216.21 776.08 1223.43 749.54 1211.28 large_vehicle
939.8 394.6 944.94 398.31 935.31 411.62 930.17 407.91 medium_vehicle
968.31 1170.11 972.87 1173.86 965.92 1182.29 961.36 1178.54 medium_vehicle
774.51 1223.58 771.21 1230.17 751.26 1220.18 754.56 1213.59 container
1151.99 1246.22 1173.61 1256.44 1170.3 1263.44 1148.68 1253.22 large_vehicle
701.09 1228.14 698.0 1234.16 676.32 1223.02 679.41 1217.0 container
710.34 1208.66 707.1 1213.79 686.63 1200.85 689.87 1195.72 container
695.03 1239.81 691.94 1245.83 670.4 1234.76 673.49 1228.74 container
332.58 1002.83 326.8 999.08 334.48 987.26 340.26 991.01 medium_vehicle
740.23 1244.44 757.74 1254.07 753.74 1261.34 736.23 1251.71 heavy_equipment
1074.8 1204.66 1098.53 1217.54 1094.77 1224.46 1071.04 1211.58 large_vehicle
