899.06 834.59 892.11 834.47 892.44 815.15 899.39 815.27 large_vehicle
1276.4 161.3 1280.47 155.74 1283.52 157.97 1279.45 163.53 medium_vessel
104.78 199.77 108.16 201.39 104.42 209.21 101.04 207.59 small_vehicle
1185.79 104.05 1201.53 82.55 1210.15 88.86 1194.41 110.36 medium_vessel
1152.51 271.71 1165.75 253.63 1170.25 256.92 1157.01 275.0 medium_vessel
1225.26 326.97 1229.74 330.2 1222.85 339.76 1218.37 336.53 medium_vehicle
403.49 832.84 440.66 819.09 444.12 828.44 406.95 842.19 medium_vessel
924.96 878.11 922.01 883.66 904.9 874.6 907.85 869.05 medium_vessel
1091.49 277.35 1109.71 252.45 1116.32 257.29 1098.1 282.19 medium_vessel
498.22 885.23 498.76 890.05 485.96 891.48 485.42 886.66 small_vessel
259.73 401.18 257.89 404.76 250.93 401.19 252.77 397.61 small_vehicle
874.54 900.48 869.33 904.03 861.67 892.8 866.88 889.25 medium_vessel
84.29 189.42 82.57 192.75 75.95 189.31 77.67 185.98 small_vehicle
1263.69 178.55 1272.41 166.64 1276.14 169.36 1267.42 181.27 medium_vessel
403.58 722.65 422.91 715.51 425.21 721.73 405.88 728.87 medium_vessel
1129.24 288.18 1140.65 272.6 1146.58 276.94 1135.17 292.52 medium_vessel
1175.47 137.53 1192.28 114.56 1201.75 121.49 1184.94 144.46 medium_vessel
399.83 809.9 430.16 798.68 432.48 804.95 402.15 816.17 medium_vessel
1145.07 267.29 1157.66 250.08 1163.34 254.24 1150.75 271.45 medium_vessel
1163.87 131.55 1181.51 107.45 1190.87 114.3 1173.23 138.4 medium_vessel
399.35 792.07 430.7 780.47 433.09 786.94 401.74 798.54 medium_vessel
124.83 208.04 122.8 213.13 114.56 209.84 116.59 204.75 small_vehicle
1137.62 263.37 1150.02 246.43 1153.67 249.1 1141.27 266.04 medium_vessel
388.09 736.85 415.94 722.04 419.6 728.92 391.75 743.73 medium_vessel
1247.25 140.19 1254.92 129.71 1258.88 132.61 1251.21 143.09 medium_vessel
660.88 754.23 663.29 757.34 655.46 763.41 653.05 760.3 small_vessel
699.98 836.93 703.19 841.76 684.87 853.98 681.66 849.15 medium_vessel
1103.79 275.05 1117.72 256.02 1125.18 261.48 1111.25 280.51 medium_vessel
495.5 869.79 496.58 874.53 481.09 878.05 480.01 873.31 medium_vessel
726.09 98.51 722.16 97.03 725.18 89.02 729.11 90.5 small_vehicle
1134.47 295.19 1147.64 277.19 1153.11 281.2 1139.94 299.2 medium_vessel
1241.47 167.83 1250.86 155.0 1254.2 157.43 1244.81 170.26 medium_vessel
1170.83 308.93 1178.95 297.83 1182.91 300.72 1174.79 311.82 medium_vessel
1258.68 175.34 1266.81 164.23 1269.68 166.32 1261.55 177.43 medium_vessel
471.78 857.76 474.18 860.86 465.63 867.5 463.23 864.4 small_vessel
705.75 737.28 708.91 742.02 696.67 750.18 693.51 745.44 medium_vessel
104.22 199.42 102.62 203.42 94.7 200.25 96.3 196.25 small_vehicle
1247.71 169.63 1256.61 157.47 1261.16 160.8 1252.26 172.96 medium_vessel
492.69 859.42 494.4 863.96 481.19 868.92 479.48 864.38 medium_vessel
1102.87 240.13 1122.39 213.46 1131.25 219.94 1111.73 246.61 medium_vessel
952.17 867.54 948.19 875.05 929.58 865.2 933.56 857.69 medium_vessel
401.27 774.57 427.9 764.72 430.49 771.74 403.86 781.59 medium_vessel
530.76 405.32 528.92 408.9 521.96 405.33 523.8 401.75 small_vehicle
400.11 821.8 437.35 808.02 440.95 817.75 403.71 831.53 medium_vessel
94.83 211.09 92.1 211.6 91.02 205.86 93.75 205.35 small_vehicle
395.49 771.72 425.12 760.76 426.99 765.84 397.36 776.8 medium_vessel
698.82 1120.67 701.65 1126.0 691.79 1131.25 688.96 1125.92 medium_vehicle
1122.0 249.85 1136.56 229.96 1142.67 234.43 1128.11 254.32 medium_vessel
322.24 274.56 325.06 278.37 318.09 283.52 315.27 279.71 small_vehicle
685.7 782.91 688.98 787.83 675.62 796.73 672.34 791.81 medium_vessel
44.55 295.03 41.07 293.0 45.67 285.12 49.15 287.15 small_vehicle
884.14 853.52 878.24 857.15 870.59 844.71 876.49 841.08 large_vehicle
1177.64 533.44 1211.54 519.88 1216.16 531.43 1182.26 544.99 medium_vessel
668.56 229.29 666.89 233.48 660.1 230.77 661.77 226.58 small_vehicle
890.83 898.9 886.29 903.25 874.35 890.81 878.89 886.46 medium_vessel
1114.32 246.16 1131.75 222.34 1139.59 228.08 1122.16 251.9 medium_vessel
154.65 208.26 152.25 211.14 147.49 207.17 149.89 204.29 small_vehicle
326.92 844.83 340.77 839.7 342.33 843.92 328.48 849.05 medium_vessel
400.75 815.46 433.79 803.24 437.39 812.96 404.35 825.18 medium_vessel
663.16 797.39 667.37 803.71 648.66 816.18 644.45 809.86 medium_vessel
396.15 785.83 424.95 775.18 427.19 781.24 398.39 791.89 medium_vessel
320.08 812.98 340.55 802.55 343.94 809.19 323.47 819.62 medium_vessel
404.37 737.54 416.88 732.91 418.96 738.53 406.45 743.16 medium_vessel
315.55 778.37 342.82 764.48 345.98 770.67 318.71 784.56 medium_vessel
716.86 836.57 720.74 842.39 704.87 852.98 700.99 847.16 medium_vessel
389.72 744.3 401.54 740.37 403.34 745.77 391.52 749.7 medium_vessel
676.94 1079.15 672.92 1082.32 667.89 1075.93 671.91 1072.76 small_vehicle
1199.58 108.46 1212.58 90.7 1218.9 95.32 1205.9 113.08 medium_vessel
1228.77 155.78 1237.31 144.11 1240.27 146.28 1231.73 157.95 medium_vessel
131.99 194.64 130.34 198.76 122.85 195.76 124.5 191.64 small_vehicle
917.64 308.2 929.37 292.19 932.68 294.61 920.95 310.62 medium_vessel
403.81 798.21 432.13 787.74 434.79 794.94 406.47 805.41 medium_vessel
473.06 863.17 474.7 866.52 466.9 870.34 465.26 866.99 small_vessel
906.01 887.6 902.82 893.02 887.19 883.81 890.38 878.39 medium_vessel
673.02 807.58 677.25 813.15 658.47 827.4 654.24 821.83 medium_vessel
881.95 859.43 878.81 862.93 872.66 857.41 875.8 853.91 small_vehicle
307.63 791.91 339.86 768.06 346.05 776.43 313.82 800.28 medium_vessel
330.04 855.59 345.65 849.82 347.78 855.58 332.17 861.35 medium_vessel
494.48 864.75 495.55 869.48 479.64 873.1 478.57 868.37 medium_vessel
681.74 814.5 686.5 819.62 670.37 834.61 665.61 829.49 medium_vessel
1145.49 418.48 1190.76 488.73 1166.67 504.25 1121.4 434.0 large_vessel
705.21 838.93 709.1 844.76 690.78 856.98 686.89 851.15 medium_vessel
891.01 841.87 884.39 842.73 882.07 824.88 888.69 824.02 large_vehicle
1211.67 756.49 1183.76 713.68 1198.54 704.04 1226.45 746.85 large_vessel
638.58 1102.71 634.55 1105.88 629.53 1099.5 633.56 1096.33 small_vehicle
309.91 770.83 333.77 758.68 337.17 765.35 313.31 777.5 medium_vessel
1233.04 158.97 1242.57 145.95 1246.81 149.06 1237.28 162.08 medium_vessel
11.98 273.36 10.14 276.94 3.18 273.37 5.02 269.79 small_vehicle
689.02 1069.44 692.22 1073.43 685.89 1078.51 682.69 1074.52 small_vehicle
498.02 7.19 502.48 9.33 498.73 17.15 494.27 15.01 small_vehicle
1160.41 276.81 1174.0 258.24 1179.91 262.57 1166.32 281.14 medium_vessel
333.37 862.34 350.28 853.72 353.07 859.2 336.16 867.82 medium_vessel
308.27 755.59 335.22 742.03 341.47 754.46 314.52 768.02 medium_vessel
1271.17 157.1 1279.02 146.37 1282.61 149.0 1274.76 159.73 medium_vessel
1079.23 275.3 1099.99 246.93 1106.9 251.99 1086.14 280.36 medium_vessel
498.21 879.3 499.28 884.03 483.95 887.51 482.88 882.78 medium_vessel
699.76 770.6 703.04 775.51 689.32 784.66 686.04 779.75 medium_vessel
888.72 338.88 886.94 343.51 878.85 340.4 880.63 335.77 small_vessel
497.3 874.79 498.38 879.53 482.89 883.05 481.81 878.31 medium_vessel
876.56 862.91 873.43 866.4 867.04 860.67 870.17 857.18 small_vehicle
898.92 767.24 902.81 773.07 884.49 785.29 880.6 779.46 medium_vessel
490.76 853.94 492.9 858.31 478.95 865.15 476.81 860.78 medium_vessel
1144.96 300.05 1157.61 282.77 1162.88 286.63 1150.23 303.91 medium_vessel
1219.98 590.59 1191.87 550.3 1203.24 542.37 1231.35 582.66 large_vessel
489.33 849.04 491.46 853.4 475.99 860.98 473.86 856.62 medium_vessel
728.97 275.54 735.86 266.13 740.82 269.75 733.93 279.16 medium_vessel
866.59 1111.51 862.21 1114.69 849.69 1097.47 854.07 1094.29 container
496.41 980.88 500.37 976.71 508.35 984.29 504.39 988.46 small_vessel
255.33 139.52 252.5 143.0 245.75 137.52 248.58 134.04 small_vehicle
649.95 911.76 645.93 914.93 640.9 908.54 644.92 905.37 small_vehicle
311.16 915.06 306.66 915.58 305.78 907.9 310.28 907.38 small_vehicle
403.97 752.92 415.19 748.77 416.89 753.37 405.67 757.52 small_vessel
1252.2 778.85 1201.86 708.55 1221.02 694.83 1271.36 765.13 large_vessel
