1058.48 429.44 1063.61 433.3 1061.71 435.82 1056.58 431.96 small_vehicle
1054.52 245.61 1065.14 263.09 1060.21 266.09 1049.59 248.61 container
195.73 117.07 187.99 124.23 185.01 121.01 192.75 113.85 small_vessel
717.84 235.27 804.2 185.41 815.81 205.51 729.45 255.37 large_vessel
1058.67 244.26 1064.0 253.02 1060.01 255.44 1054.68 246.68 container
1078.94 452.14 1076.38 459.88 1072.84 458.71 1075.4 450.97 small_vehicle
1052.42 437.41 1057.41 441.17 1054.98 444.41 1049.99 440.65 small_vehicle
1116.08 431.49 1113.05 438.67 1109.14 437.02 1112.17 429.84 small_vehicle
1066.88 43.73 1077.07 36.52 1081.41 42.65 1071.22 49.86 medium_vehicle
100.04 252.97 110.05 258.47 108.05 262.1 98.04 256.6 medium_vehicle
1063.67 241.0 1068.94 249.67 1063.54 252.95 1058.27 244.28 container
1081.96 453.51 1079.66 460.48 1076.12 459.31 1078.42 452.34 small_vehicle
1050.83 250.08 1061.26 267.24 1056.94 269.86 1046.51 252.7 container
73.64 103.5 83.16 92.63 88.1 96.96 78.58 107.83 medium_vessel
1070.6 417.63 1076.07 421.75 1073.62 425.0 1068.15 420.88 small_vehicle
1071.76 235.34 1077.34 244.52 1072.35 247.56 1066.77 238.38 container
1137.64 431.24 1135.33 438.22 1131.8 437.05 1134.11 430.07 small_vehicle
1075.94 451.25 1073.19 459.55 1069.66 458.38 1072.41 450.08 small_vehicle
1081.6 406.19 1086.89 408.43 1085.28 412.23 1079.99 409.99 small_vehicle
85.14 88.68 94.79 78.33 99.64 82.85 89.99 93.2 medium_vessel
1102.68 412.9 1107.67 416.65 1105.23 419.88 1100.24 416.13 small_vehicle
34.88 190.82 38.76 191.86 36.53 200.16 32.65 199.12 small_vehicle
1073.25 414.3 1078.68 418.39 1076.24 421.63 1070.81 417.54 small_vehicle
192.8 84.73 205.32 92.58 201.49 98.69 188.97 90.84 medium_vessel
95.42 101.2 112.23 83.49 117.49 88.47 100.68 106.18 medium_vessel
182.12 86.04 203.7 99.57 199.2 106.74 177.62 93.21 medium_vessel
1082.15 440.5 1088.73 441.84 1087.92 445.81 1081.34 444.47 small_vehicle
1106.04 368.02 1112.93 370.93 1111.32 374.75 1104.43 371.84 small_vehicle
1095.03 380.98 1101.9 383.88 1100.3 387.68 1093.43 384.78 small_vehicle
176.87 93.72 198.45 107.25 193.95 114.42 172.37 100.89 medium_vessel
77.19 120.9 93.96 101.73 98.77 105.94 82.0 125.11 medium_vessel
1082.95 403.16 1088.43 405.48 1087.01 408.82 1081.53 406.5 small_vehicle
128.82 -0.77 165.67 36.45 153.59 48.41 116.74 11.18 large_vessel
1097.0 423.99 1102.74 427.29 1101.19 429.98 1095.45 426.68 small_vehicle
119.39 50.39 113.52 56.79 110.05 53.61 115.92 47.21 small_vehicle
117.73 11.9 154.58 49.13 142.5 61.09 105.65 23.86 large_vessel
1074.67 181.73 1078.55 188.11 1075.03 190.25 1071.15 183.87 small_vehicle
91.26 133.55 99.79 123.59 104.11 127.29 95.58 137.25 medium_vehicle
1064.9 420.33 1071.09 425.0 1068.64 428.24 1062.45 423.57 small_vehicle
1102.84 372.52 1109.99 374.67 1108.8 378.62 1101.65 376.47 small_vehicle
92.75 93.54 102.83 82.03 108.56 87.04 98.48 98.55 medium_vessel
1077.99 409.65 1084.26 412.3 1082.65 416.12 1076.38 413.47 small_vehicle
1088.43 432.08 1094.64 432.73 1094.12 437.65 1087.91 437.0 small_vehicle
1067.46 238.21 1072.99 247.3 1068.59 249.97 1063.06 240.88 container
79.01 107.65 88.44 96.88 93.25 101.09 83.82 111.86 medium_vessel
1106.09 433.42 1100.63 439.94 1097.52 437.33 1102.98 430.81 small_vehicle
