676.64 -14.77 709.59 10.78 679.53 49.53 646.58 23.97 large_aircraft
869.48 190.75 875.33 188.91 880.83 206.36 874.98 208.2 bus
876.93 181.87 894.02 182.32 893.86 188.62 876.77 188.17 bus
896.24 175.46 911.76 164.06 915.39 168.99 899.87 180.39 bus
897.02 138.49 913.62 126.96 917.38 132.37 900.78 143.9 bus
914.37 126.41 931.13 113.87 935.11 119.19 918.35 131.73 bus
820.84 3.97 825.74 3.83 826.05 14.82 821.15 14.96 medium_vehicle
814.26 195.3 817.69 200.29 808.26 206.78 804.83 201.79 medium_vehicle
287.73 825.16 318.35 801.15 337.29 825.3 306.67 849.31 large_aircraft
52.82 1120.59 65.97 1121.16 65.2 1138.74 52.05 1138.17 small_aircraft
698.07 294.86 703.3 292.76 707.32 302.82 702.09 304.92 medium_vehicle
840.58 180.89 845.92 179.08 848.81 187.6 843.47 189.41 medium_vehicle
845.78 178.06 851.12 176.25 854.01 184.77 848.67 186.58 medium_vehicle
851.08 174.96 856.42 173.15 859.31 181.67 853.97 183.48 medium_vehicle
1130.84 1124.41 1134.36 1129.27 1125.39 1135.76 1121.87 1130.9 medium_vehicle
1128.2 341.32 1133.92 339.52 1139.81 358.22 1134.09 360.02 bus
1069.86 113.52 1074.99 111.57 1078.54 120.92 1073.41 122.87 medium_vehicle
531.92 1202.54 537.17 1204.23 533.75 1214.87 528.5 1213.18 medium_vehicle
893.49 1265.99 896.24 1270.91 886.52 1276.34 883.77 1271.42 medium_vehicle
941.33 162.04 944.06 166.15 934.27 172.63 931.54 168.52 medium_vehicle
906.65 67.38 923.37 55.77 927.2 61.28 910.48 72.89 bus
869.77 216.6 886.23 205.2 888.57 208.58 872.11 219.98 bus
844.06 148.8 849.09 147.94 850.89 158.49 845.86 159.35 medium_vehicle
785.9 262.88 790.83 261.42 795.53 277.26 790.6 278.72 container
788.85 259.81 794.08 258.26 798.87 274.44 793.64 275.99 container
794.49 171.97 799.75 170.41 804.48 186.37 799.22 187.93 container
309.1 858.46 326.03 845.7 335.67 858.49 318.74 871.25 small_aircraft
38.48 1072.15 45.86 1062.21 61.69 1073.96 54.31 1083.9 small_aircraft
112.42 197.51 166.44 180.58 178.45 218.9 124.43 235.83 large_aircraft
433.69 3.84 490.3 33.19 439.87 130.47 383.26 101.12 large_aircraft
689.09 301.02 694.43 299.21 697.9 309.47 692.56 311.28 medium_vehicle
683.89 304.82 689.23 303.01 693.26 314.91 687.92 316.72 large_vehicle
678.89 307.92 684.23 306.12 687.7 316.38 682.36 318.18 medium_vehicle
674.44 310.0 679.78 308.2 683.25 318.46 677.91 320.26 medium_vehicle
813.61 190.35 817.03 195.32 805.62 203.16 802.2 198.19 large_vehicle
412.42 1018.79 415.62 1027.33 400.49 1032.99 397.29 1024.45 small_aircraft
693.59 298.02 698.93 296.21 702.4 306.47 697.06 308.28 medium_vehicle
