837.09 444.1 888.14 389.17 925.91 424.28 874.86 479.21 large_aircraft
835.68 338.0 890.48 290.2 925.17 329.97 870.37 377.77 large_aircraft
838.49 278.98 889.42 223.98 926.12 257.98 875.19 312.98 large_aircraft
998.89 152.12 1039.14 129.9 1056.36 161.1 1016.11 183.32 large_aircraft
819.03 838.95 851.49 843.86 843.97 893.62 811.51 888.71 large_aircraft
841.78 200.18 894.74 148.5 930.87 185.51 877.91 237.19 large_aircraft
1039.8 188.72 1057.17 199.62 1043.31 221.71 1025.94 210.81 large_aircraft
1261.78 1206.97 1267.29 1204.67 1273.5 1219.51 1267.99 1221.81 bus
1012.29 177.72 1045.73 163.94 1060.25 199.18 1026.81 212.96 large_aircraft
1154.87 453.27 1156.13 458.15 1142.26 461.74 1141.0 456.86 large_vehicle
1155.09 445.17 1157.22 450.25 1142.83 456.29 1140.7 451.21 large_vehicle
993.82 412.53 998.49 412.11 999.48 423.06 994.81 423.48 medium_vehicle
997.87 410.49 1002.64 409.96 1003.8 420.3 999.03 420.83 medium_vehicle
1045.78 21.15 1050.54 21.7 1049.42 31.34 1044.66 30.79 medium_vehicle
1040.66 21.01 1045.45 21.57 1044.3 31.5 1039.51 30.94 medium_vehicle
1022.56 10.19 1025.33 14.56 1016.92 19.89 1014.15 15.52 medium_vehicle
1223.53 939.23 1229.44 937.66 1232.52 949.31 1226.61 950.88 medium_vehicle
915.47 1193.62 919.18 1198.67 904.65 1209.34 900.94 1204.29 bus
915.65 1198.72 918.6 1203.19 902.45 1213.88 899.5 1209.41 bus
916.39 1203.0 918.94 1206.82 903.05 1217.41 900.5 1213.59 bus
917.22 1207.07 920.43 1211.66 904.79 1222.62 901.58 1218.03 bus
925.53 1244.19 928.19 1247.81 914.11 1258.15 911.45 1254.53 bus
927.4 1247.99 931.13 1253.07 916.15 1264.07 912.42 1258.99 bus
921.9 1233.17 925.02 1237.89 910.19 1247.67 907.07 1242.95 bus
932.77 1187.07 935.98 1191.64 921.19 1202.04 917.98 1197.47 bus
937.02 1198.34 940.15 1202.75 925.68 1213.0 922.55 1208.59 bus
938.48 1206.49 941.73 1211.86 926.19 1221.27 922.94 1215.9 bus
941.3 1214.2 944.78 1219.24 930.3 1229.23 926.82 1224.19 bus
943.73 1227.17 947.23 1232.38 932.93 1241.99 929.43 1236.78 bus
947.9 1234.46 951.3 1239.54 936.18 1249.66 932.78 1244.58 bus
966.25 1170.21 969.93 1175.52 955.69 1185.38 952.01 1180.07 bus
973.93 1197.11 977.16 1202.33 962.52 1211.41 959.29 1206.19 bus
1130.87 1080.99 1132.84 1085.58 1124.93 1088.97 1122.96 1084.38 medium_vehicle
1190.56 1086.47 1192.74 1081.33 1208.03 1087.82 1205.85 1092.96 bus
1215.99 1100.75 1220.51 1097.05 1230.2 1108.89 1225.68 1112.59 bus
1073.88 1073.82 1077.67 1079.08 1062.29 1090.13 1058.5 1084.87 bus
1091.25 1062.28 1094.77 1067.16 1079.46 1078.16 1075.94 1073.28 bus
958.79 574.75 1016.45 538.72 1035.61 569.39 977.95 605.42 large_aircraft
1002.81 491.89 1052.92 460.46 1070.03 487.74 1019.92 519.17 large_aircraft
985.61 449.34 1028.45 422.47 1046.11 450.61 1003.27 477.48 large_aircraft
870.2 527.49 898.67 557.7 859.68 594.43 831.21 564.22 large_aircraft
1078.83 538.44 1109.31 549.6 1090.4 601.27 1059.92 590.11 large_aircraft
916.11 373.94 978.84 378.55 974.58 436.62 911.85 432.01 large_aircraft
974.01 219.2 1045.3 213.71 1050.52 281.56 979.23 287.05 large_aircraft
1003.42 36.21 1048.69 39.93 1042.79 111.71 997.52 107.99 large_aircraft
985.91 121.61 1018.07 93.55 1040.56 119.34 1008.4 147.4 large_aircraft
909.48 75.68 948.26 81.27 943.32 115.55 904.54 109.96 large_aircraft
860.06 146.18 894.13 130.29 909.45 163.14 875.38 179.03 large_aircraft
831.05 396.46 882.29 345.22 916.17 379.11 864.93 430.35 large_aircraft
1124.36 1039.12 1128.11 1044.05 1118.01 1051.75 1114.26 1046.82 large_vehicle
1106.24 1051.7 1109.91 1056.8 1096.24 1066.62 1092.57 1061.52 bus
1236.93 1141.89 1242.55 1139.48 1249.14 1154.86 1243.52 1157.27 bus
1244.63 1158.43 1250.02 1156.41 1255.52 1171.13 1250.13 1173.15 bus
1256.3 1191.12 1262.0 1188.95 1267.77 1204.13 1262.07 1206.3 bus
1112.55 1071.21 1116.22 1076.93 1099.56 1087.62 1095.89 1081.9 bus
1138.85 1052.58 1142.47 1058.16 1126.57 1068.49 1122.95 1062.91 bus
1166.69 1032.78 1170.29 1037.79 1154.17 1049.37 1150.57 1044.36 bus
1189.06 1017.51 1192.67 1022.78 1176.14 1034.09 1172.53 1028.82 bus
1219.06 970.49 1222.68 975.53 1207.07 986.75 1203.45 981.71 bus
1269.33 937.17 1272.73 941.92 1264.12 948.08 1260.72 943.33 medium_vehicle
1259.62 943.69 1263.02 949.04 1246.79 959.35 1243.39 954.0 bus
862.67 413.66 870.19 416.88 859.8 441.14 852.28 437.92 small_aircraft
