413.34 394.96 419.06 394.17 420.73 406.19 415.01 406.98 medium_vehicle
434.43 975.45 436.96 978.94 429.85 984.09 427.32 980.6 medium_vehicle
1035.5 561.27 1066.75 578.17 1034.14 638.49 1002.89 621.59 large_aircraft
990.42 583.82 1023.78 605.49 982.51 669.05 949.15 647.38 large_aircraft
931.28 622.9 965.67 643.4 927.25 707.85 892.86 687.35 large_aircraft
843.96 687.2 876.84 702.67 847.05 765.99 814.17 750.52 large_aircraft
732.15 1109.2 769.39 1080.83 786.68 1103.53 749.44 1131.9 large_aircraft
724.73 1066.82 759.14 1040.6 775.52 1062.09 741.11 1088.31 large_aircraft
157.08 1188.34 191.94 1209.04 168.87 1247.89 134.01 1227.19 large_aircraft
616.31 886.02 660.36 880.92 665.4 924.45 621.35 929.55 large_aircraft
555.21 981.56 594.07 979.66 595.48 1008.43 556.62 1010.33 small_aircraft
632.58 967.46 668.78 952.02 678.68 975.22 642.48 990.66 small_aircraft
662.9 890.42 686.02 881.17 692.35 897.0 669.23 906.25 small_aircraft
167.54 1234.79 203.59 1256.19 181.69 1293.08 145.64 1271.68 large_aircraft
1135.17 530.7 1147.55 538.76 1136.41 555.85 1124.03 547.79 small_aircraft
744.63 1081.48 767.21 1066.87 777.44 1082.68 754.86 1097.29 small_aircraft
660.53 956.98 680.12 938.84 690.1 949.61 670.51 967.75 small_aircraft
431.8 993.19 477.46 987.58 483.77 1038.93 438.11 1044.54 large_aircraft
340.93 1043.66 403.99 1027.12 420.06 1088.38 357.0 1104.92 large_aircraft
283.61 1080.79 346.3 1067.13 359.76 1128.85 297.07 1142.51 large_aircraft
452.03 1134.93 495.0 1146.05 485.15 1184.14 442.18 1173.02 large_aircraft
1146.66 528.87 1163.98 518.83 1171.85 532.42 1154.53 542.46 small_aircraft
877.49 668.19 908.28 677.19 893.98 726.09 863.19 717.09 large_aircraft
455.98 1194.4 499.61 1192.03 501.11 1219.78 457.48 1222.15 large_aircraft
453.3 1169.64 495.75 1173.58 493.06 1202.49 450.61 1198.55 large_aircraft
100.72 1062.28 105.18 1075.53 85.13 1082.28 80.67 1069.03 small_aircraft
75.61 1077.79 80.87 1090.94 60.28 1099.18 55.02 1086.03 small_aircraft
