150.22 608.91 168.39 607.93 168.77 615.02 150.6 616.0 bus
81.75 670.94 100.6 664.95 102.54 671.06 83.69 677.05 bus
88.48 623.8 94.06 623.41 94.71 632.7 89.13 633.09 medium_vehicle
95.32 681.4 99.01 685.02 91.86 692.3 88.17 688.68 medium_vehicle
233.95 689.99 234.87 695.47 222.5 697.54 221.58 692.06 large_vehicle
236.38 803.46 238.26 809.89 217.07 816.08 215.19 809.65 large_vehicle
238.01 811.55 239.66 816.85 215.19 824.46 213.54 819.16 large_vehicle
235.4 844.04 236.95 849.79 212.48 856.39 210.93 850.64 large_vehicle
231.96 853.94 233.31 859.52 208.05 865.63 206.7 860.05 large_vehicle
231.91 861.0 233.58 866.65 208.67 874.03 207.0 868.38 large_vehicle
230.77 868.34 232.6 874.12 207.84 881.97 206.01 876.19 large_vehicle
232.32 875.79 234.13 881.97 209.83 889.08 208.02 882.9 large_vehicle
230.26 886.98 231.47 893.45 205.43 898.32 204.22 891.85 large_vehicle
227.25 896.91 228.52 903.06 203.07 908.33 201.8 902.18 large_vehicle
225.32 906.32 226.62 912.88 201.34 917.88 200.04 911.32 large_vehicle
235.96 827.86 237.68 833.81 212.72 841.01 211.0 835.06 large_vehicle
238.17 819.07 239.89 824.68 215.06 832.32 213.34 826.71 large_vehicle
242.58 794.22 244.58 799.84 218.77 809.03 216.77 803.41 large_vehicle
111.33 970.58 117.45 971.62 113.33 995.96 107.21 994.92 large_vehicle
104.28 975.93 109.99 977.11 104.83 1002.03 99.12 1000.85 large_vehicle
98.18 1009.08 104.31 1010.12 99.68 1037.51 93.55 1036.47 large_vehicle
94.79 1052.7 100.36 1053.99 96.5 1070.71 90.93 1069.42 large_vehicle
85.88 1172.14 138.25 1119.04 171.75 1152.07 119.38 1205.17 large_aircraft
29.74 1185.96 74.08 1144.9 110.12 1183.81 65.78 1224.87 large_aircraft
114.88 17.93 118.85 24.63 94.36 39.11 90.39 32.41 large_vehicle
433.48 1183.35 438.29 1181.37 442.29 1191.09 437.48 1193.07 medium_vehicle
218.71 574.76 223.77 575.02 223.21 586.03 218.15 585.77 medium_vehicle
45.18 1085.31 52.79 1080.73 62.33 1096.61 54.72 1101.19 large_vehicle
56.38 935.58 60.36 939.37 51.02 949.17 47.04 945.38 large_vehicle
170.56 939.77 169.73 945.61 148.13 942.53 148.96 936.69 large_vehicle
184.35 952.1 183.48 957.05 163.2 953.47 164.07 948.52 large_vehicle
146.56 935.83 145.93 940.3 133.3 938.5 133.93 934.03 large_vehicle
142.62 940.3 141.86 944.74 130.35 942.77 131.11 938.33 large_vehicle
622.28 1082.8 657.81 1087.92 653.63 1116.93 618.1 1111.81 small_aircraft
563.39 1099.67 599.6 1104.89 595.43 1133.81 559.22 1128.59 small_aircraft
504.23 1116.43 539.77 1121.55 535.68 1149.95 500.14 1144.83 small_aircraft
640.03 955.6 675.85 960.76 671.79 988.87 635.97 983.71 small_aircraft
562.05 974.14 597.87 979.3 593.57 1009.19 557.75 1004.03 small_aircraft
514.1 988.58 549.77 993.72 545.53 1023.16 509.86 1018.02 small_aircraft
467.37 1002.52 502.81 1007.63 498.67 1036.33 463.23 1031.22 small_aircraft
498.7 652.64 518.93 655.56 515.73 677.76 495.5 674.84 small_aircraft
662.3 601.79 684.98 606.53 679.44 633.08 656.76 628.34 small_aircraft
499.39 761.02 545.85 770.98 537.28 810.98 490.82 801.02 large_aircraft
672.66 708.09 719.11 718.04 710.24 759.42 663.79 749.47 large_aircraft
730.87 691.14 777.9 701.22 768.98 742.8 721.95 732.72 large_aircraft
787.62 673.37 835.15 683.56 826.38 724.44 778.85 714.25 large_aircraft
846.87 657.99 893.41 667.97 884.46 709.71 837.92 699.73 large_aircraft
749.1 570.46 795.23 580.35 786.35 621.77 740.22 611.88 large_aircraft
806.67 553.36 853.17 563.33 844.26 604.89 797.76 594.92 large_aircraft
244.49 566.98 249.54 567.24 248.58 586.12 243.53 585.86 large_vehicle
557.27 743.37 603.33 752.66 595.09 793.53 549.03 784.24 large_aircraft
692.46 926.69 740.15 933.39 734.49 973.64 686.8 966.94 large_aircraft
862.89 535.74 911.34 546.13 902.46 587.55 854.01 577.16 large_aircraft
926.04 515.97 972.32 525.89 963.6 566.59 917.32 556.67 large_aircraft
760.85 362.49 813.15 373.13 800.13 437.16 747.83 426.52 large_aircraft
573.51 417.06 625.1 427.56 612.07 491.59 560.48 481.09 large_aircraft
680.2 1066.48 715.93 1071.63 711.71 1100.92 675.98 1095.77 small_aircraft
