435.12 120.28 440.88 121.58 438.33 132.87 432.57 131.57 medium_vehicle
273.79 892.59 346.89 909.73 322.64 1013.13 249.54 995.99 large_aircraft
303.9 802.53 354.92 815.54 335.5 891.71 284.48 878.7 large_aircraft
325.82 740.76 366.72 750.13 354.88 801.83 313.98 792.46 large_aircraft
78.77 933.56 148.82 944.78 133.36 1041.32 63.31 1030.1 large_aircraft
142.82 657.83 197.16 664.7 189.16 728.0 134.82 721.13 large_aircraft
65.09 681.63 119.55 689.19 110.72 752.87 56.26 745.31 large_aircraft
0.28 710.87 39.11 718.63 27.67 775.86 -11.15 768.1 large_aircraft
5.59 537.77 43.56 544.06 33.32 605.93 -4.64 599.64 large_aircraft
75.43 510.11 128.42 517.46 119.68 580.48 66.69 573.13 large_aircraft
318.63 488.28 360.38 494.97 352.11 546.59 310.36 539.9 large_aircraft
227.49 297.46 264.44 303.51 255.12 360.47 218.17 354.42 large_aircraft
101.58 335.39 138.69 342.06 128.35 399.55 91.24 392.88 large_aircraft
374.13 426.68 406.92 430.88 401.92 469.89 369.13 465.69 large_aircraft
1.22 963.13 23.64 966.0 20.09 993.67 -2.32 990.8 small_aircraft
40.24 999.88 59.67 1003.55 54.88 1028.92 35.45 1025.25 small_aircraft
48.57 946.3 69.1 949.0 65.78 974.24 45.25 971.54 small_aircraft
358.95 331.94 370.75 327.85 372.55 333.06 360.75 337.15 medium_vehicle
439.34 91.18 445.3 92.21 442.96 105.73 437.0 104.7 large_vehicle
1264.06 399.59 1268.82 399.81 1268.3 410.9 1263.54 410.68 medium_vehicle
1258.74 1224.38 1264.14 1224.41 1264.05 1238.21 1258.65 1238.18 large_vehicle
1266.46 1169.64 1270.43 1169.55 1270.62 1177.25 1266.65 1177.34 medium_vehicle
974.27 1104.37 977.31 1109.24 964.48 1117.26 961.44 1112.39 large_vehicle
978.81 1110.14 980.58 1114.04 966.7 1120.3 964.93 1116.4 large_vehicle
1013.02 1047.31 1017.1 1044.99 1022.1 1053.75 1018.02 1056.07 medium_vehicle
1028.94 380.28 1032.23 384.28 1022.89 391.96 1019.6 387.96 medium_vehicle
1043.3 365.68 1046.77 370.31 1036.78 377.8 1033.31 373.17 medium_vehicle
1059.36 355.7 1062.3 359.76 1051.59 367.51 1048.65 363.45 large_vehicle
1088.18 435.42 1091.28 440.06 1079.94 447.62 1076.84 442.98 large_vehicle
1035.32 549.02 1038.38 553.36 1026.42 561.8 1023.36 557.46 large_vehicle
970.77 414.57 973.97 419.37 963.41 426.41 960.21 421.61 large_vehicle
1005.03 1052.0 1010.13 1050.56 1013.08 1061.08 1007.98 1062.52 medium_vehicle
995.45 1052.55 1000.43 1050.7 1004.45 1061.51 999.47 1063.36 medium_vehicle
1105.94 807.58 1111.22 807.0 1112.54 819.02 1107.26 819.6 medium_vehicle
1034.15 560.19 1039.15 561.93 1035.18 573.34 1030.18 571.6 medium_vehicle
1073.54 1039.7 1076.72 1044.32 1064.42 1052.78 1061.24 1048.16 large_vehicle
361.47 323.92 371.32 320.55 373.11 325.75 363.26 329.12 medium_vehicle
359.36 340.31 369.17 336.6 371.18 341.93 361.37 345.64 medium_vehicle
371.69 478.39 404.83 482.63 399.95 520.76 366.81 516.52 large_aircraft
164.82 314.81 199.96 320.37 193.27 362.62 158.13 357.06 large_aircraft
1096.17 383.78 1101.28 382.37 1104.52 394.04 1099.41 395.45 medium_vehicle
1098.93 395.98 1104.04 394.56 1106.93 404.99 1101.82 406.41 medium_vehicle
1101.73 406.73 1106.14 405.24 1110.31 417.57 1105.9 419.06 large_vehicle
