1229.3 133.06 1231.03 137.35 1222.64 140.74 1220.91 136.45 medium_vehicle
70.8 1149.42 77.34 1150.17 75.21 1168.9 68.67 1168.15 bus
1026.9 185.9 1030.5 185.9 1030.5 193.5 1026.9 193.5 medium_vehicle
1017.04 198.55 1029.83 194.0 1031.69 199.21 1018.9 203.76 bus
923.32 1236.93 935.18 1237.69 934.18 1253.17 922.32 1252.41 small_aircraft
1207.48 236.48 1245.9 241.06 1237.95 307.75 1199.53 303.17 large_aircraft
1169.61 275.55 1214.42 272.97 1218.06 336.05 1173.25 338.63 large_aircraft
1143.46 264.76 1188.09 271.83 1178.12 334.76 1133.49 327.69 large_aircraft
466.26 66.36 468.7 71.3 458.82 76.19 456.38 71.25 medium_vehicle
1132.57 331.35 1177.9 338.61 1167.89 401.14 1122.56 393.88 large_aircraft
1133.91 378.85 1174.39 392.63 1151.92 458.65 1111.44 444.87 large_aircraft
1104.68 530.97 1143.48 536.63 1135.1 594.12 1096.3 588.46 large_aircraft
1081.95 604.55 1137.08 609.96 1130.86 673.43 1075.73 668.02 large_aircraft
1178.11 555.82 1248.87 567.15 1233.52 662.96 1162.76 651.63 large_aircraft
1246.33 708.43 1292.74 715.87 1277.58 810.56 1231.17 803.12 large_aircraft
1152.39 734.8 1222.8 746.08 1207.3 842.85 1136.89 831.57 large_aircraft
1061.24 761.99 1131.19 773.19 1115.77 869.42 1045.82 858.22 large_aircraft
1108.35 930.43 1153.0 939.03 1141.13 1000.68 1096.48 992.08 large_aircraft
1016.02 1084.3 1057.41 1090.93 1049.25 1141.9 1007.86 1135.27 large_aircraft
998.51 102.57 1014.99 95.74 1017.7 102.28 1001.22 109.11 bus
1240.67 129.41 1257.58 124.43 1259.31 130.32 1242.4 135.3 bus
764.86 201.59 767.68 207.96 755.56 213.33 752.74 206.96 large_vehicle
156.1 464.73 158.04 469.53 149.65 472.92 147.71 468.12 medium_vehicle
239.33 510.43 241.29 516.4 228.19 520.68 226.23 514.71 large_vehicle
343.88 533.52 346.27 539.0 335.81 543.56 333.42 538.08 medium_vehicle
1073.98 1048.33 1125.43 1040.83 1130.56 1075.96 1079.11 1083.46 large_aircraft
1138.19 1034.58 1175.89 1037.28 1173.86 1065.67 1136.16 1062.97 small_aircraft
1206.87 1033.29 1242.98 1036.96 1239.86 1067.72 1203.75 1064.05 small_aircraft
1249.64 893.1 1280.72 899.31 1273.42 935.84 1242.34 929.63 large_aircraft
453.63 413.31 459.33 413.46 458.86 431.17 453.16 431.02 container
508.81 440.97 512.2 444.56 504.2 452.1 500.81 448.51 medium_vehicle
664.62 200.43 666.97 197.1 674.21 202.19 671.86 205.52 medium_vehicle
202.02 553.3 204.23 557.89 194.87 562.39 192.66 557.8 medium_vehicle
202.28 549.22 204.34 553.52 194.78 558.12 192.72 553.82 medium_vehicle
202.59 545.0 204.51 549.6 193.87 554.03 191.95 549.43 medium_vehicle
202.74 540.6 204.33 545.12 194.4 548.62 192.81 544.1 medium_vehicle
263.53 471.94 268.03 472.06 267.76 482.55 263.26 482.43 medium_vehicle
268.47 471.3 273.53 471.94 272.22 482.37 267.16 481.73 medium_vehicle
309.83 495.24 315.31 495.15 315.48 506.35 310.0 506.44 medium_vehicle
454.4 397.14 459.79 397.28 459.4 412.16 454.01 412.02 large_vehicle
315.09 486.67 320.75 486.53 321.4 511.12 315.74 511.26 large_vehicle
373.56 485.33 375.83 490.19 363.59 495.9 361.32 491.04 large_vehicle
402.36 486.31 404.3 491.15 393.85 495.33 391.91 490.49 medium_vehicle
326.46 560.97 342.51 550.59 345.76 555.61 329.71 565.99 bus
327.26 553.42 343.71 544.67 346.74 550.36 330.29 559.11 bus
325.88 549.95 342.5 540.51 345.44 545.69 328.82 555.13 bus
413.03 511.44 418.19 509.85 421.36 520.17 416.2 521.76 medium_vehicle
418.6 509.54 423.4 507.78 426.48 516.17 421.68 517.93 medium_vehicle
422.63 505.6 426.6 504.06 429.64 511.95 425.67 513.49 medium_vehicle
425.57 501.9 429.75 499.94 433.5 507.99 429.32 509.95 medium_vehicle
429.64 498.16 433.81 496.3 437.52 504.64 433.35 506.5 medium_vehicle
223.18 516.57 227.36 516.62 227.23 527.22 223.05 527.17 medium_vehicle
219.52 517.44 223.45 517.34 223.74 528.54 219.81 528.64 medium_vehicle
25.33 1003.51 26.28 1009.2 13.71 1011.3 12.76 1005.61 large_vehicle
290.37 151.83 292.11 156.12 281.93 160.24 280.19 155.95 medium_vehicle
219.59 216.4 224.2 216.2 224.64 225.9 220.03 226.1 medium_vehicle
337.95 353.93 340.09 358.28 332.33 362.08 330.19 357.73 medium_vehicle
640.35 101.08 644.93 100.94 645.25 111.72 640.67 111.86 medium_vehicle
850.27 148.6 852.25 153.02 841.88 157.68 839.9 153.26 medium_vehicle
1061.59 52.98 1063.37 57.39 1053.41 61.42 1051.63 57.01 medium_vehicle
