828.92 1019.06 890.06 1025.7 883.51 1085.94 822.37 1079.3 large_aircraft
49.08 693.51 53.63 701.66 31.34 714.12 26.79 705.97 large_vehicle
328.59 1063.74 333.67 1064.61 331.79 1075.64 326.71 1074.77 medium_vehicle
341.41 1036.06 345.63 1036.2 345.3 1045.96 341.08 1045.82 medium_vehicle
386.92 1024.5 391.14 1024.7 390.75 1033.4 386.53 1033.2 medium_vehicle
57.91 693.64 62.92 696.88 55.25 708.73 50.24 705.49 large_vehicle
93.26 1082.45 96.11 1087.0 86.98 1092.72 84.13 1088.17 medium_vehicle
141.49 1053.3 144.05 1057.09 134.28 1063.71 131.72 1059.92 medium_vehicle
348.6 1012.07 350.02 1016.5 339.5 1019.86 338.08 1015.43 medium_vehicle
375.69 1020.33 381.68 1020.7 380.5 1039.46 374.51 1039.09 bus
335.54 1168.06 340.46 1167.92 340.75 1178.02 335.83 1178.16 medium_vehicle
323.88 1168.96 329.14 1169.78 327.21 1182.26 321.95 1181.44 large_vehicle
370.46 1024.65 376.02 1024.94 375.21 1040.93 369.65 1040.64 large_vehicle
347.55 1057.49 353.14 1058.06 351.94 1069.75 346.35 1069.18 medium_vehicle
323.76 1061.51 329.49 1062.44 327.04 1077.43 321.31 1076.5 large_vehicle
373.11 1141.22 377.94 1143.81 371.22 1156.36 366.39 1153.77 large_vehicle
334.71 1062.22 340.46 1063.41 338.13 1074.69 332.38 1073.5 medium_vehicle
382.03 1025.17 386.26 1025.23 386.13 1034.99 381.9 1034.93 medium_vehicle
391.95 1023.27 396.55 1023.34 396.44 1031.53 391.84 1031.46 medium_vehicle
1061.16 122.46 1071.56 119.16 1073.08 123.96 1062.68 127.26 medium_vehicle
1170.49 16.24 1242.04 26.04 1228.32 126.23 1156.77 116.43 large_aircraft
1079.0 53.41 1149.37 64.18 1134.56 160.96 1064.19 150.19 large_aircraft
982.63 294.99 1015.07 299.96 1009.52 336.24 977.08 331.27 large_aircraft
1053.86 267.99 1108.16 275.33 1098.21 348.94 1043.91 341.6 large_aircraft
1032.34 468.35 1072.97 474.57 1064.97 526.88 1024.34 520.66 large_aircraft
950.29 491.09 990.07 497.18 981.16 555.38 941.38 549.29 large_aircraft
1073.77 649.01 1145.63 659.11 1132.06 755.69 1060.2 745.59 large_aircraft
983.93 674.45 1055.46 683.99 1042.62 780.24 971.09 770.7 large_aircraft
894.98 701.49 968.13 709.43 957.65 805.84 884.5 797.9 large_aircraft
906.38 999.14 960.66 1006.77 951.72 1070.4 897.44 1062.77 large_aircraft
1005.27 1148.12 1059.43 1155.05 1051.28 1218.7 997.12 1211.77 large_aircraft
922.91 1182.08 978.06 1188.07 971.15 1251.68 916.0 1245.69 large_aircraft
365.96 1024.9 370.96 1025.31 369.43 1043.9 364.43 1043.49 container
