591.55 374.42 594.47 378.34 588.13 383.05 585.21 379.13 medium_vehicle
366.39 429.69 369.08 433.22 360.44 439.81 357.75 436.28 medium_vehicle
365.44 427.3 367.39 430.22 358.66 436.09 356.71 433.17 medium_vehicle
364.14 424.9 366.16 427.43 357.31 434.49 355.29 431.96 medium_vehicle
363.95 422.57 365.63 425.11 356.68 431.03 355.0 428.49 medium_vehicle
362.62 418.61 365.03 421.85 355.95 428.59 353.54 425.35 medium_vehicle
361.56 415.8 363.91 419.3 354.93 425.33 352.58 421.83 medium_vehicle
359.37 406.1 361.73 409.96 352.45 415.63 350.09 411.77 medium_vehicle
359.08 402.42 361.06 406.34 350.8 411.53 348.82 407.61 medium_vehicle
357.66 396.87 360.48 400.76 352.71 406.39 349.89 402.5 medium_vehicle
360.37 367.23 362.42 372.12 351.67 376.62 349.62 371.73 medium_vehicle
361.57 373.23 363.49 378.16 352.79 382.33 350.87 377.4 medium_vehicle
328.49 698.7 330.54 703.33 321.57 707.3 319.52 702.67 medium_vehicle
347.39 691.13 350.62 694.75 345.05 699.72 341.82 696.1 medium_vehicle
607.24 1054.16 630.01 1059.75 619.72 1101.67 596.95 1096.08 small_aircraft
429.01 320.29 434.19 319.11 436.79 330.48 431.61 331.66 medium_vehicle
361.81 379.01 364.41 384.26 354.24 389.31 351.64 384.06 medium_vehicle
356.57 386.95 359.46 391.44 351.1 396.83 348.21 392.34 medium_vehicle
357.15 392.55 358.51 395.74 348.37 400.06 347.01 396.87 medium_vehicle
357.73 394.88 359.46 398.33 349.5 403.32 347.77 399.87 medium_vehicle
317.52 704.21 319.66 708.23 307.37 714.79 305.23 710.77 large_vehicle
439.92 1149.87 483.2 1128.48 496.03 1154.42 452.75 1175.81 large_aircraft
449.01 1198.55 488.38 1214.78 459.68 1284.42 420.31 1268.19 large_aircraft
497.4 1179.98 535.2 1195.4 506.41 1265.94 468.61 1250.52 large_aircraft
589.75 1225.71 617.65 1246.66 581.03 1295.42 553.13 1274.47 large_aircraft
616.02 1123.81 652.9 1152.01 598.8 1222.77 561.92 1194.57 large_aircraft
671.81 1093.66 711.26 1122.74 658.07 1194.88 618.62 1165.8 large_aircraft
712.26 1114.67 764.87 1130.35 750.39 1178.93 697.78 1163.25 large_aircraft
618.88 1217.55 646.62 1232.74 623.16 1275.59 595.42 1260.4 large_aircraft
655.91 1201.48 678.79 1218.17 651.06 1256.19 628.18 1239.5 large_aircraft
716.27 1178.71 730.22 1185.82 720.15 1205.58 706.2 1198.47 small_aircraft
744.82 1068.31 750.97 1078.2 735.49 1087.84 729.34 1077.95 small_aircraft
758.25 990.31 767.57 1002.23 750.87 1015.27 741.55 1003.35 small_aircraft
764.1 945.43 781.13 939.27 787.58 957.07 770.55 963.23 small_aircraft
756.05 930.91 771.85 926.61 775.64 940.56 759.84 944.86 small_aircraft
693.39 1019.16 706.88 1016.66 709.54 1031.05 696.05 1033.55 small_aircraft
787.24 958.54 804.47 986.0 774.25 1004.96 757.02 977.5 large_aircraft
655.24 944.29 667.39 954.77 644.11 981.75 631.96 971.27 small_aircraft
961.55 1143.52 967.11 1141.89 971.83 1158.03 966.27 1159.66 bus
796.69 563.75 802.64 562.01 807.88 579.96 801.93 581.7 bus
854.26 642.25 858.99 640.87 861.73 650.25 857.0 651.63 medium_vehicle
686.79 1185.43 706.78 1201.56 685.09 1228.44 665.1 1212.31 large_aircraft
