910.48 5.84 910.52 -0.39 915.33 -0.35 915.29 5.88 medium_vehicle
1164.13 36.56 1160.63 25.62 1166.45 23.76 1169.95 34.7 medium_vehicle
1203.3 13.43 1202.08 3.3 1208.15 2.57 1209.37 12.7 medium_vehicle
1147.08 1168.76 1136.3 1162.51 1139.14 1157.61 1149.92 1163.86 medium_vehicle
1030.87 1173.57 1014.79 1160.83 1026.94 1145.5 1043.02 1158.24 small_aircraft
1125.99 1282.15 1116.89 1269.72 1135.0 1256.46 1144.1 1268.89 small_aircraft
1146.39 1249.62 1156.67 1254.21 1151.8 1265.09 1141.52 1260.5 small_aircraft
844.46 997.53 832.48 990.58 835.32 985.68 847.3 992.63 large_vehicle
621.8 1123.0 616.49 1116.04 620.27 1113.16 625.58 1120.12 medium_vehicle
560.63 1265.84 560.11 1255.95 565.11 1255.69 565.63 1265.58 medium_vehicle
538.42 1234.24 545.36 1224.73 549.98 1228.11 543.04 1237.62 medium_vehicle
530.79 1247.4 536.26 1236.98 541.33 1239.64 535.86 1250.06 medium_vehicle
584.11 1152.78 592.61 1147.65 595.57 1152.56 587.07 1157.69 medium_vehicle
789.33 772.86 797.46 767.74 800.51 772.58 792.38 777.7 medium_vehicle
666.02 906.75 672.78 897.47 677.41 900.85 670.65 910.13 medium_vehicle
720.52 836.28 735.76 815.38 740.7 818.98 725.46 839.88 large_vehicle
806.26 761.76 815.63 758.17 817.69 763.52 808.32 767.11 medium_vehicle
917.62 660.61 912.98 652.5 917.25 650.05 921.89 658.16 medium_vehicle
483.1 12.13 524.47 5.43 530.2 40.79 488.83 47.49 large_aircraft
489.52 16.91 508.5 3.72 512.64 9.68 493.66 22.87 bus
485.7 144.12 500.8 132.91 504.54 137.95 489.44 149.16 large_vehicle
508.99 120.64 519.3 115.86 521.36 120.31 511.05 125.09 medium_vehicle
510.82 95.72 521.14 99.14 519.72 103.42 509.4 100.0 medium_vehicle
536.73 112.42 540.83 121.87 536.4 123.8 532.3 114.35 medium_vehicle
464.88 108.37 509.8 101.09 515.34 135.29 470.42 142.57 large_aircraft
522.67 438.41 543.62 432.0 545.79 439.09 524.84 445.5 bus
505.94 357.76 598.86 308.77 633.44 374.35 540.52 423.34 large_aircraft
566.36 409.2 579.22 409.31 579.17 416.05 566.31 415.94 medium_vehicle
442.34 344.89 509.66 365.21 489.71 431.29 422.39 410.97 large_aircraft
447.69 429.46 503.8 449.44 480.64 514.47 424.53 494.49 large_aircraft
420.47 590.56 475.46 610.14 452.57 674.43 397.58 654.85 large_aircraft
465.63 584.75 475.84 563.89 482.62 567.21 472.41 588.07 bus
426.58 604.23 417.11 589.19 422.92 585.54 432.39 600.58 bus
431.52 604.35 451.51 597.63 453.78 604.37 433.79 611.09 bus
486.16 623.94 471.75 613.54 475.76 607.98 490.17 618.38 bus
451.32 684.3 446.06 675.49 451.09 672.49 456.35 681.3 medium_vehicle
574.26 614.04 567.78 597.43 574.62 594.77 581.1 611.38 bus
513.33 510.18 520.23 516.54 516.78 520.28 509.88 513.92 medium_vehicle
649.41 578.67 695.34 610.11 665.4 653.83 619.47 622.39 large_aircraft
257.96 1035.59 291.96 1038.56 288.4 1079.34 254.4 1076.37 large_aircraft
340.35 1115.82 346.31 1115.77 346.4 1128.35 340.44 1128.4 large_vehicle
349.48 1051.01 355.36 1051.99 353.53 1063.02 347.65 1062.04 medium_vehicle
379.19 1112.2 382.04 1107.64 392.7 1114.3 389.85 1118.86 large_vehicle
368.84 1036.36 385.05 1043.78 382.46 1049.45 366.25 1042.03 bus
380.64 1020.23 396.04 1029.22 392.86 1034.67 377.46 1025.68 bus
382.97 1008.15 399.14 1015.66 396.49 1021.39 380.32 1013.88 bus
400.93 998.46 411.91 1011.68 407.49 1015.35 396.51 1002.13 bus
384.76 981.64 390.54 962.12 397.22 964.1 391.44 983.62 bus
396.15 889.98 409.58 870.72 416.04 875.23 402.61 894.49 bus
442.63 928.16 461.41 928.23 461.38 935.15 442.6 935.08 bus
446.05 921.66 464.84 921.73 464.81 928.37 446.02 928.3 bus
451.67 913.81 470.45 913.58 470.54 920.58 451.76 920.81 bus
511.22 834.29 525.63 843.23 522.44 848.37 508.03 839.43 bus
516.77 827.68 530.96 836.96 527.65 842.01 513.46 832.73 bus
519.44 819.65 533.68 827.48 530.78 832.78 516.54 824.95 bus
556.96 776.0 570.21 786.57 566.44 791.3 553.19 780.73 bus
581.07 737.23 581.43 747.4 575.38 747.61 575.02 737.44 medium_vehicle
577.68 752.12 584.59 758.54 581.2 762.18 574.29 755.76 medium_vehicle
743.04 144.3 751.03 150.4 747.74 154.71 739.75 148.61 medium_vehicle
728.62 169.95 728.22 159.02 733.63 158.82 734.03 169.75 medium_vehicle
737.08 45.74 723.11 35.45 726.82 30.42 740.79 40.71 bus
720.06 60.42 728.3 65.53 725.9 69.41 717.66 64.3 medium_vehicle
767.44 349.11 852.64 316.74 878.14 383.87 792.94 416.24 large_aircraft
747.44 358.61 784.32 305.36 814.14 326.01 777.26 379.26 large_aircraft
816.89 292.37 815.23 244.89 858.25 243.38 859.91 290.86 large_aircraft
784.53 295.06 784.62 246.48 829.42 246.55 829.33 295.13 large_aircraft
746.4 321.57 746.5 264.63 791.17 264.71 791.07 321.65 large_aircraft
806.41 193.64 813.17 145.53 853.92 151.26 847.16 199.37 large_aircraft
880.28 13.37 881.5 2.81 887.2 3.47 885.98 14.03 medium_vehicle
875.16 14.42 875.92 4.78 881.04 5.18 880.28 14.82 medium_vehicle
868.57 17.03 868.82 7.35 873.94 7.48 873.69 17.16 medium_vehicle
880.32 32.96 881.05 24.99 887.13 25.54 886.4 33.51 medium_vehicle
911.46 25.55 912.18 17.59 918.26 18.15 917.54 26.11 medium_vehicle
904.15 27.46 904.88 19.49 910.96 20.04 910.23 28.01 medium_vehicle
