171.82 751.63 182.34 748.97 183.89 755.1 173.37 757.76 medium_vehicle
15.56 486.52 30.06 485.66 30.38 491.04 15.88 491.9 medium_vessel
17.55 491.82 28.85 491.59 28.96 497.18 17.66 497.41 small_vessel
18.55 498.49 27.17 503.04 24.81 507.52 16.19 502.97 small_vessel
1.64 519.71 1.6 513.88 18.64 513.8 18.68 519.63 medium_vessel
2.28 507.18 2.24 501.06 13.35 501.0 13.39 507.12 small_vessel
1254.46 495.73 1263.58 492.71 1265.12 497.38 1256.0 500.4 medium_vehicle
1266.77 490.82 1276.0 487.53 1278.0 493.16 1268.77 496.45 medium_vehicle
511.89 663.26 522.42 660.6 523.82 666.13 513.29 668.79 medium_vehicle
201.0 739.66 210.27 737.83 211.26 742.83 201.99 744.66 medium_vehicle
4.05 513.48 4.02 508.87 16.11 508.8 16.14 513.41 small_vessel
