76.09 376.33 71.46 368.69 86.74 359.43 91.37 367.07 heavy_equipment
647.72 592.26 644.55 586.38 658.69 578.77 661.86 584.65 large_vehicle
404.83 203.55 400.57 194.63 432.98 179.17 437.24 188.09 heavy_equipment
807.68 479.86 805.15 474.63 813.69 470.5 816.22 475.73 medium_vehicle
840.15 1205.68 923.45 1218.58 912.67 1288.18 829.37 1275.28 large_aircraft
1237.24 290.1 1233.75 283.61 1249.98 274.88 1253.47 281.37 large_vehicle
588.54 81.45 582.4 71.14 616.35 50.9 622.49 61.21 heavy_equipment
1200.13 1245.07 1198.23 1239.79 1209.01 1235.93 1210.91 1241.21 medium_vehicle
152.77 332.43 147.81 325.62 164.4 313.52 169.36 320.33 heavy_equipment
636.1 76.46 635.83 67.33 660.62 66.59 660.89 75.72 heavy_equipment
306.79 235.75 300.92 230.16 313.62 216.82 319.49 222.41 heavy_equipment
