906.43 91.28 912.72 92.67 909.1 108.99 902.81 107.6 medium_vehicle
259.2 702.59 258.29 697.04 271.83 694.82 272.74 700.37 medium_vehicle
1056.1 63.26 1056.76 53.9 1074.04 55.11 1073.38 64.47 heavy_equipment
332.83 699.58 332.11 695.15 346.57 692.78 347.29 697.21 medium_vehicle
224.0 707.56 223.38 702.07 237.66 700.44 238.28 705.93 medium_vehicle
780.57 531.26 773.44 528.98 778.86 512.1 785.99 514.38 heavy_equipment
260.6 705.62 259.86 701.06 272.87 698.93 273.61 703.49 medium_vehicle
333.59 708.47 332.64 702.65 347.48 700.22 348.43 706.04 medium_vehicle
1105.77 88.71 1111.41 87.1 1116.02 103.3 1110.38 104.91 heavy_equipment
367.37 640.04 366.82 634.44 378.32 633.31 378.87 638.91 medium_vehicle
331.72 696.66 330.67 690.27 345.74 687.8 346.79 694.19 medium_vehicle
912.06 93.13 917.44 94.32 913.82 110.63 908.44 109.44 medium_vehicle
