1204.48 349.0 1207.74 349.21 1207.37 354.94 1204.11 354.73 small_vehicle
1234.54 182.99 1237.64 183.19 1237.28 188.7 1234.18 188.5 small_vehicle
1208.28 396.75 1211.58 396.96 1211.17 403.29 1207.87 403.08 small_vehicle
1131.34 958.57 1135.61 958.85 1134.75 972.2 1130.48 971.92 large_vehicle
1071.3 713.7 1077.55 713.7 1077.55 725.33 1071.3 725.33 heavy_equipment
1250.41 49.32 1253.32 49.25 1253.45 55.36 1250.54 55.43 small_vehicle
617.4 307.75 622.3 307.76 622.29 311.4 617.39 311.39 small_vehicle
1226.48 253.07 1229.59 253.27 1229.19 259.49 1226.08 259.29 small_vehicle
1107.5 1043.56 1110.75 1043.77 1110.39 1049.4 1107.14 1049.19 small_vehicle
1096.24 1212.31 1099.04 1212.49 1098.72 1217.48 1095.92 1217.3 small_vehicle
