914.08 385.19 917.08 384.2 918.61 388.85 915.61 389.84 small_vehicle
853.17 675.77 857.03 675.6 857.15 678.31 853.29 678.48 small_vehicle
886.86 268.18 889.86 267.53 890.96 272.61 887.96 273.26 small_vehicle
447.13 467.49 449.92 468.26 448.36 473.91 445.57 473.14 small_vehicle
1103.53 940.47 1106.56 939.34 1108.51 944.56 1105.48 945.69 small_vehicle
923.42 298.29 973.05 311.13 969.06 326.55 919.43 313.71 pylon
1019.66 645.38 1022.15 644.45 1023.74 648.71 1021.25 649.64 small_vehicle
1179.08 1104.26 1181.39 1103.39 1182.96 1107.59 1180.65 1108.46 small_vehicle
1173.94 1101.01 1176.23 1100.15 1177.8 1104.34 1175.51 1105.2 small_vehicle
1022.06 641.41 1024.55 640.48 1026.14 644.74 1023.65 645.67 small_vehicle
1123.37 989.82 1126.4 988.69 1128.35 993.91 1125.32 995.04 small_vehicle
1064.43 823.22 1067.45 822.09 1069.21 826.79 1066.19 827.92 small_vehicle
973.68 555.33 976.33 554.34 977.98 558.75 975.33 559.74 small_vehicle
1218.57 1212.98 1220.95 1212.09 1222.3 1215.73 1219.92 1216.62 small_vehicle
867.1 175.08 870.16 174.74 870.75 180.14 867.69 180.48 small_vehicle
461.23 447.49 464.02 448.26 462.46 453.91 459.67 453.14 small_vehicle
991.78 762.92 1047.87 778.79 1042.56 797.55 986.47 781.68 pylon
1004.58 608.62 1007.57 607.5 1009.3 612.13 1006.31 613.25 small_vehicle
952.12 507.56 956.54 506.35 959.05 515.53 954.63 516.74 large_vehicle
460.43 458.59 463.22 459.36 461.66 465.01 458.87 464.24 small_vehicle
224.46 1110.28 227.83 1110.76 226.97 1116.8 223.6 1116.32 small_vehicle
870.85 197.17 873.82 196.35 875.26 201.59 872.29 202.41 small_vehicle
201.59 1229.46 204.48 1229.64 204.1 1235.5 201.21 1235.32 small_vehicle
1212.25 1216.4 1217.86 1214.46 1221.02 1223.57 1215.41 1225.51 medium_vehicle
868.2 128.98 871.09 128.66 871.68 134.06 868.79 134.38 small_vehicle
