726.2 99.34 737.69 88.96 741.92 93.63 730.43 104.01 medium_vehicle
1159.09 1049.56 1159.3 1069.59 1150.85 1069.67 1150.64 1049.64 medium_vehicle
816.75 914.1 849.19 920.82 847.59 928.56 815.15 921.84 large_vehicle
758.88 806.79 791.73 811.12 790.76 818.47 757.91 814.14 large_vehicle
842.65 950.77 874.51 959.84 872.49 966.94 840.63 957.87 large_vehicle
785.74 288.28 802.64 281.14 805.09 286.95 788.19 294.09 container
757.6 822.73 789.47 831.8 787.44 838.93 755.57 829.86 large_vehicle
779.48 941.67 813.13 948.52 811.72 955.45 778.07 948.6 large_vehicle
775.39 904.46 807.54 909.61 806.1 918.56 773.95 913.41 large_vehicle
536.85 783.38 533.69 812.93 526.7 812.18 529.86 782.63 large_vehicle
817.89 906.23 850.33 912.95 848.73 920.7 816.29 913.98 large_vehicle
1144.6 1060.06 1142.95 1034.51 1149.65 1034.08 1151.3 1059.63 container
552.09 787.04 547.6 826.4 539.75 825.51 544.24 786.15 double_trailer_truck
949.97 114.64 962.2 121.06 959.39 126.41 947.16 119.99 medium_vehicle
559.31 790.32 555.6 820.51 548.32 819.61 552.03 789.42 large_vehicle
1136.57 1021.98 1151.75 1021.32 1152.03 1027.78 1136.85 1028.44 container
757.63 830.58 789.5 839.65 787.47 846.78 755.6 837.71 large_vehicle
1136.25 926.17 1136.32 915.59 1143.92 915.64 1143.85 926.22 heavy_equipment
529.54 782.73 527.42 812.39 519.74 811.84 521.86 782.18 large_vehicle
1048.57 1018.29 1061.42 1027.87 1057.91 1032.58 1045.06 1023.0 container
757.99 815.26 790.39 822.15 788.85 829.4 756.45 822.51 large_vehicle
307.82 51.44 324.92 81.66 317.49 85.86 300.39 55.64 large_vehicle
1130.86 1029.93 1131.45 1067.19 1121.28 1067.35 1120.69 1030.09 large_vehicle
1060.97 1021.19 1090.94 1023.18 1090.42 1030.98 1060.45 1028.99 container
756.61 838.71 788.48 847.78 786.59 854.41 754.72 845.34 large_vehicle
1113.86 1031.13 1117.91 1016.9 1124.66 1018.82 1120.61 1033.05 medium_vehicle
889.32 918.88 921.36 927.29 919.62 933.94 887.58 925.53 large_vehicle
933.01 122.67 946.32 127.25 944.11 133.66 930.8 129.08 medium_vehicle
1022.61 1071.82 1038.19 1076.5 1036.22 1083.08 1020.64 1078.4 medium_vehicle
1100.43 1054.36 1100.95 1035.6 1107.61 1035.79 1107.09 1054.55 container
777.19 931.41 810.16 940.93 807.92 948.7 774.95 939.18 large_vehicle
543.0 784.32 538.54 823.38 530.89 822.51 535.35 783.45 double_trailer_truck
769.77 895.77 801.84 901.48 800.45 909.27 768.38 903.56 large_vehicle
1201.65 1082.7 1204.07 1071.04 1209.68 1072.2 1207.26 1083.86 medium_vehicle
219.02 560.52 235.1 563.5 234.09 568.95 218.01 565.97 medium_vehicle
317.72 697.39 314.85 744.25 306.2 743.72 309.07 696.86 large_vehicle
563.57 812.66 558.83 843.6 551.57 842.49 556.31 811.55 large_vehicle
1135.57 1041.38 1145.43 1059.24 1139.14 1062.71 1129.28 1044.85 large_vehicle
554.29 818.39 550.43 850.28 543.15 849.4 547.01 817.51 large_vehicle
