-3.33 1232.34 4.02 1225.8 7.63 1229.86 0.27 1236.4 medium_vehicle
9.05 967.41 20.33 964.07 22.15 970.2 10.87 973.54 container
1026.17 1230.47 1031.43 1226.06 1044.45 1241.57 1039.19 1245.98 heavy_equipment
34.75 779.37 40.25 779.34 40.38 798.28 34.88 798.31 container
968.57 1200.06 987.4 1205.18 985.49 1212.19 966.66 1207.07 heavy_equipment
1105.45 1255.01 1109.37 1250.62 1120.0 1260.13 1116.08 1264.52 container
1136.88 1264.1 1143.57 1264.52 1142.67 1278.89 1135.98 1278.47 heavy_equipment
1008.53 1159.85 1005.6 1152.92 1022.46 1145.8 1025.39 1152.73 heavy_equipment
-1.92 794.05 5.65 791.8 7.47 797.94 -0.1 800.19 container
982.1 1125.83 1005.01 1127.11 1004.54 1135.6 981.63 1134.32 heavy_equipment
1026.83 1209.86 1024.15 1203.52 1041.84 1196.05 1044.52 1202.39 heavy_equipment
1153.54 1269.12 1159.27 1271.16 1155.51 1281.7 1149.78 1279.66 medium_vehicle
966.85 1179.51 981.28 1176.73 982.45 1182.79 968.02 1185.57 medium_vehicle
-6.11 1089.26 -0.44 1085.49 10.72 1102.3 5.05 1106.07 container
984.69 1096.48 994.57 1096.1 994.78 1101.59 984.9 1101.97 heavy_equipment
33.61 767.14 39.11 766.97 39.48 778.57 33.98 778.74 container
15.52 1238.75 19.89 1242.27 11.36 1252.88 6.99 1249.36 medium_vehicle
915.75 1107.36 932.09 1105.61 932.8 1112.24 916.46 1113.99 medium_vehicle
13.15 614.32 30.75 608.77 32.71 614.97 15.11 620.52 container
1159.27 1265.96 1165.37 1266.03 1165.22 1280.13 1159.12 1280.06 medium_vehicle
1202.23 607.3 1208.17 604.55 1216.83 623.3 1210.89 626.05 heavy_equipment
30.76 654.23 35.87 654.16 36.12 675.06 31.01 675.13 container
21.48 618.75 27.11 617.05 32.57 635.16 26.94 636.86 container
5.64 791.65 27.95 785.68 29.6 791.83 7.29 797.8 container
21.07 963.84 43.5 958.37 45.01 964.55 22.58 970.02 container
1128.58 1264.39 1134.27 1264.62 1133.69 1279.0 1128.0 1278.77 medium_vehicle
989.22 1117.33 999.03 1117.87 998.64 1124.88 988.83 1124.34 heavy_equipment
129.57 712.35 133.94 713.49 131.86 721.44 127.49 720.3 small_vessel
911.22 1142.55 924.52 1142.64 924.47 1149.34 911.17 1149.25 medium_vehicle
1212.19 602.64 1218.65 600.4 1226.22 622.25 1219.76 624.49 heavy_equipment
