184.23 471.9 188.83 471.57 189.37 479.15 184.77 479.48 small_vessel
91.87 1.86 108.52 14.04 105.07 18.74 88.42 6.56 medium_vessel
21.66 52.91 29.51 48.2 31.76 51.95 23.91 56.66 small_vessel
7.59 36.66 15.07 39.8 6.29 60.69 -1.18 57.55 medium_vessel
231.42 577.71 235.22 577.31 236.19 586.38 232.39 586.78 small_vessel
1064.59 144.58 1068.47 141.54 1076.15 151.34 1072.27 154.38 small_vessel
199.79 611.14 214.25 605.9 216.24 611.38 201.78 616.62 medium_vessel
10.53 58.93 22.02 52.03 24.28 55.78 12.79 62.68 small_vessel
285.73 591.08 290.88 588.74 297.34 602.99 292.19 605.33 medium_vessel
13.6 31.39 18.01 32.02 16.94 39.54 12.53 38.91 small_vessel
280.85 594.62 286.22 592.53 291.0 604.78 285.63 606.87 small_vessel
223.02 581.65 226.13 579.06 232.44 586.63 229.33 589.22 small_vessel
49.27 530.82 59.32 518.0 64.17 521.81 54.12 534.63 medium_vessel
12.15 64.55 18.93 65.05 18.74 67.55 11.96 67.05 small_vessel
278.55 547.52 286.08 550.79 283.79 556.07 276.26 552.8 heavy_equipment
2.6 77.68 8.65 76.85 10.81 92.61 4.76 93.44 medium_vessel
154.98 42.67 158.49 39.92 164.17 47.17 160.66 49.92 small_vessel
80.32 259.15 82.31 256.91 87.8 261.78 85.81 264.02 small_vessel
13.76 61.75 23.74 62.24 23.59 65.34 13.61 64.85 small_vessel
234.44 578.35 239.14 577.18 241.58 586.95 236.88 588.12 small_vessel
161.46 484.58 168.68 489.04 166.6 492.42 159.38 487.96 small_vessel
250.67 610.99 264.56 607.19 265.9 612.11 252.01 615.91 medium_vessel
160.55 53.62 161.79 50.97 168.79 54.23 167.55 56.88 small_vessel
1192.29 294.73 1217.69 312.97 1212.57 320.09 1187.17 301.85 medium_vessel
232.8 588.59 236.55 588.82 236.15 595.41 232.4 595.18 small_vessel
16.37 58.78 27.05 58.61 27.11 62.51 16.43 62.68 small_vessel
278.35 528.57 292.58 530.85 291.53 537.39 277.3 535.11 medium_vessel
247.74 603.61 263.14 603.82 263.05 610.0 247.65 609.79 medium_vessel
214.41 608.51 224.26 607.49 224.72 611.87 214.87 612.89 small_vessel
266.14 584.86 270.93 582.43 276.12 592.66 271.33 595.09 small_vessel
7.66 70.18 26.3 75.84 24.86 80.58 6.22 74.92 medium_vessel
174.35 605.71 190.65 603.21 191.55 609.08 175.25 611.58 medium_vessel
188.54 598.65 199.76 585.32 203.93 588.84 192.71 602.17 medium_vessel
274.26 595.72 279.35 595.95 278.83 607.43 273.74 607.2 small_vessel
19.34 37.5 25.52 40.57 16.91 57.92 10.73 54.85 medium_vessel
61.73 14.74 63.24 10.8 72.04 14.17 70.53 18.11 small_vessel
1121.66 329.6 1131.16 329.6 1131.16 346.0 1121.66 346.0 medium_vessel
251.44 589.84 257.63 587.03 265.17 603.65 258.98 606.46 medium_vessel
272.4 528.79 285.69 522.07 288.31 527.25 275.02 533.97 medium_vessel
266.0 535.94 282.42 534.27 282.91 539.05 266.49 540.72 medium_vessel
258.66 589.2 263.04 586.95 269.01 598.63 264.63 600.88 small_vessel
223.96 609.88 226.98 606.49 234.88 613.53 231.86 616.92 small_vessel
13.1 67.01 25.81 69.21 24.76 75.28 12.05 73.08 medium_vessel
