3.12 1211.81 9.35 1213.27 6.56 1225.16 0.33 1223.7 small_vessel
17.25 1218.15 21.1 1219.02 19.34 1226.82 15.49 1225.95 small_vessel
13.82 1232.97 20.46 1231.44 25.16 1251.78 18.52 1253.31 medium_vessel
18.71 1226.61 39.41 1224.54 40.12 1231.64 19.42 1233.71 medium_vessel
8.81 1230.91 13.93 1230.51 14.65 1239.87 9.53 1240.27 small_vessel
24.13 1231.49 34.15 1239.52 30.85 1243.64 20.83 1235.61 small_vessel
9.68 1214.49 13.45 1215.83 9.89 1225.87 6.12 1224.53 small_vessel
4.19 1230.26 8.66 1229.92 9.49 1240.69 5.02 1241.03 small_vessel
0.46 1230.16 4.48 1229.86 5.26 1239.99 1.24 1240.29 small_vessel
12.85 1216.58 17.52 1217.87 15.3 1225.91 10.63 1224.62 small_vessel
19.42 1223.59 27.15 1222.99 27.4 1226.18 19.67 1226.78 small_vessel
