597.72 688.96 605.54 698.38 600.21 702.8 592.39 693.38 medium_vehicle
295.6 261.67 298.51 268.38 285.12 274.2 282.21 267.49 heavy_equipment
570.42 671.24 584.95 679.23 580.99 686.43 566.46 678.44 medium_vehicle
346.54 565.11 353.52 565.77 351.64 585.68 344.66 585.02 heavy_equipment
547.7 746.66 554.09 748.37 551.01 759.86 544.62 758.15 heavy_equipment
482.61 742.58 499.44 741.02 500.2 749.28 483.37 750.84 medium_vehicle
616.43 708.57 622.3 709.87 619.49 722.53 613.62 721.23 heavy_equipment
593.6 700.6 606.14 710.11 602.33 715.12 589.79 705.61 medium_vehicle
494.91 709.07 500.77 712.69 494.67 722.56 488.81 718.94 heavy_equipment
264.69 1212.97 273.22 1205.69 284.14 1218.48 275.61 1225.76 heavy_equipment
618.51 784.48 623.58 783.96 624.48 792.83 619.41 793.35 heavy_equipment
