697.36 1127.26 700.57 1122.22 715.65 1131.79 712.44 1136.83 medium_vessel
725.7 1005.4 731.2 1005.4 731.2 1019.98 725.7 1019.98 container
93.26 443.72 150.89 482.16 145.09 490.86 87.46 452.42 large_vessel
224.33 583.38 303.69 631.82 292.21 650.63 212.85 602.19 large_vessel
131.86 460.02 155.49 476.5 148.34 486.75 124.71 470.27 medium_vessel
240.11 1059.64 262.83 1051.73 299.4 1156.74 276.68 1164.65 large_vessel
460.71 462.58 463.64 464.98 458.25 471.55 455.32 469.15 container
465.87 461.15 468.99 463.3 462.21 473.16 459.09 471.01 container
643.67 1092.42 656.47 1096.6 645.13 1131.3 632.33 1127.12 large_vessel
74.89 470.22 152.72 523.71 142.15 539.09 64.32 485.6 large_vessel
79.41 496.15 116.77 520.51 109.94 530.98 72.58 506.62 large_vessel
612.17 1202.07 615.0 1197.05 629.19 1205.04 626.36 1210.06 medium_vessel
-0.31 749.54 42.54 764.13 38.08 777.23 -4.77 762.64 large_vessel
310.55 1225.4 325.01 1220.05 338.85 1257.46 324.39 1262.81 large_vessel
48.94 525.73 98.27 564.13 85.55 580.47 36.22 542.07 large_vessel
665.12 1054.34 671.49 1054.6 670.83 1071.12 664.46 1070.86 medium_vessel
130.72 597.07 259.95 692.7 238.8 721.28 109.57 625.65 large_vessel
87.65 452.06 145.22 490.6 138.58 500.52 81.01 461.98 large_vessel
115.75 1184.85 119.96 1185.19 118.76 1200.04 114.55 1199.7 container
227.09 573.59 305.26 626.72 291.09 647.56 212.92 594.43 large_vessel
67.67 479.7 146.52 531.69 134.93 549.25 56.08 497.26 large_vessel
72.19 773.45 136.8 792.34 132.9 805.68 68.29 786.79 large_vessel
454.66 458.4 457.12 461.29 451.22 466.31 448.76 463.42 container
654.2 1051.49 658.96 1051.49 658.96 1061.08 654.2 1061.08 medium_vessel
38.28 533.88 97.4 575.58 88.77 587.82 29.65 546.12 large_vessel
117.33 632.82 229.54 709.94 209.82 738.62 97.61 661.5 large_vessel
104.02 1157.91 108.34 1157.44 109.92 1171.95 105.6 1172.42 container
41.55 724.65 109.54 745.56 104.88 760.71 36.89 739.8 large_vessel
516.21 634.7 580.32 677.46 570.9 691.59 506.79 648.83 large_vessel
456.9 460.18 460.06 462.28 455.78 468.73 452.62 466.63 container
632.58 1086.61 645.11 1091.18 632.53 1125.74 620.0 1121.17 large_vessel
679.22 1118.03 682.09 1113.36 696.45 1122.16 693.58 1126.83 medium_vessel
5.96 527.37 122.01 597.38 102.83 629.17 -13.21 559.16 large_vessel
468.79 463.57 471.89 465.75 464.99 475.52 461.89 473.34 container
125.65 1192.35 129.87 1192.25 130.22 1206.83 126.0 1206.93 container
450.94 456.55 453.48 459.37 447.74 464.56 445.2 461.74 container
658.67 1052.4 664.98 1052.54 664.61 1069.06 658.3 1068.92 medium_vessel
508.87 180.99 521.13 180.99 521.13 185.72 508.87 185.72 medium_vessel
