70.78 1258.39 65.74 1241.9 69.95 1240.61 74.99 1257.1 container
53.26 1253.78 51.63 1237.12 56.73 1236.62 58.36 1253.28 container
97.46 1138.12 119.11 1148.91 115.4 1156.36 93.75 1145.57 medium_vessel
57.84 1255.73 57.44 1235.17 62.79 1235.07 63.19 1255.63 large_vehicle
75.09 1240.95 80.64 1257.17 75.58 1258.9 70.03 1242.68 container
1165.58 1167.67 1176.56 1170.37 1175.13 1176.21 1164.15 1173.51 medium_vehicle
137.79 1064.4 150.89 1066.6 150.3 1070.16 137.2 1067.96 medium_vessel
122.5 1045.33 129.38 1048.79 127.87 1051.79 120.99 1048.33 small_vessel
281.26 1240.66 321.51 1253.5 315.16 1273.42 274.91 1260.58 large_vessel
138.33 1061.76 150.95 1063.65 150.42 1067.22 137.8 1065.33 medium_vessel
42.47 1252.13 41.76 1235.22 46.64 1235.02 47.35 1251.93 container
145.09 1279.63 143.52 1263.3 148.63 1262.81 150.2 1279.14 container
88.06 1261.12 87.28 1243.9 92.89 1243.65 93.67 1260.87 container
10.48 749.35 17.47 754.72 14.46 758.63 7.47 753.26 medium_vehicle
1081.2 745.6 1210.25 786.04 1201.91 812.65 1072.86 772.21 large_vessel
30.69 1249.53 27.55 1227.44 33.83 1226.54 36.97 1248.63 large_vehicle
49.05 1254.8 70.58 1261.58 68.43 1268.4 46.9 1261.62 large_vehicle
66.97 1239.29 69.38 1256.38 64.27 1257.1 61.86 1240.01 container
115.63 1272.11 114.12 1255.19 119.85 1254.68 121.36 1271.6 container
121.71 1058.78 130.58 1060.55 130.06 1063.14 121.19 1061.37 medium_vessel
72.38 1037.4 89.28 1038.91 88.78 1044.54 71.88 1043.03 medium_vessel
311.21 1234.4 352.17 1262.55 342.76 1276.25 301.8 1248.1 large_vessel
155.34 1068.37 170.14 1069.23 169.83 1074.69 155.03 1073.83 medium_vessel
109.17 1269.09 107.54 1252.18 112.99 1251.66 114.62 1268.57 container
126.14 1043.7 131.27 1049.21 128.84 1051.46 123.71 1045.95 small_vessel
148.54 1055.23 157.85 1055.99 157.57 1059.39 148.26 1058.63 medium_vessel
118.69 1050.61 117.67 1043.58 121.56 1043.01 122.58 1050.04 small_vessel
27.11 1212.83 25.9 1195.08 32.01 1194.67 33.22 1212.42 container
147.97 1052.57 157.68 1054.27 157.16 1057.25 147.45 1055.55 medium_vessel
957.36 707.53 1009.93 722.91 1006.66 734.12 954.09 718.74 large_vessel
1079.07 1248.84 1097.0 1253.92 1095.62 1258.79 1077.69 1253.71 medium_vessel
10.81 777.64 17.5 779.29 16.49 783.38 9.8 781.73 medium_vehicle
80.51 1260.88 75.46 1243.6 80.28 1242.19 85.33 1259.47 container
130.61 1276.28 127.69 1259.55 132.48 1258.71 135.4 1275.44 container
275.24 1253.41 337.56 1273.53 331.29 1292.94 268.97 1272.82 large_vessel
1222.18 1172.56 1230.51 1176.67 1228.28 1181.21 1219.95 1177.1 container
105.24 1124.95 204.92 1143.97 199.27 1173.59 99.59 1154.57 large_vessel
0.2 1257.95 22.03 1264.25 20.03 1271.18 -1.79 1264.88 large_vehicle
113.68 1086.21 132.52 1090.18 131.01 1097.33 112.17 1093.36 medium_vessel
972.1 721.97 1037.58 741.12 1033.1 756.45 967.62 737.3 large_vessel
617.68 1202.08 681.78 1222.66 676.63 1238.69 612.53 1218.11 large_vessel
47.77 1252.73 46.3 1231.19 51.41 1230.85 52.88 1252.39 large_vehicle
135.73 1277.31 132.06 1260.73 136.8 1259.68 140.47 1276.26 container
23.19 1263.0 46.87 1271.02 44.72 1277.35 21.04 1269.33 large_vehicle
10.48 1248.77 32.77 1252.3 31.77 1258.62 9.48 1255.09 large_vehicle
1077.56 1253.03 1095.59 1257.7 1094.32 1262.6 1076.29 1257.93 medium_vessel
136.11 1045.18 136.7 1052.86 133.1 1053.14 132.51 1045.46 small_vessel
131.08 1055.57 128.81 1046.99 132.19 1046.1 134.46 1054.68 small_vessel
114.37 403.59 114.53 391.48 120.11 391.56 119.95 403.67 container
80.17 381.4 91.7 384.38 90.12 390.48 78.59 387.5 container
11.49 770.84 18.5 774.33 16.57 778.19 9.56 774.7 medium_vehicle
83.5 1260.31 81.7 1242.9 86.67 1242.38 88.47 1259.79 container
428.87 1147.67 483.66 1158.72 481.13 1171.29 426.34 1160.24 large_vessel
140.05 1279.16 137.39 1261.57 142.47 1260.8 145.13 1278.39 container
11.31 763.2 17.85 768.86 14.77 772.42 8.23 766.76 medium_vehicle
765.45 712.28 774.33 714.66 773.14 719.11 764.26 716.73 medium_vehicle
26.09 1249.02 23.88 1232.25 29.1 1231.56 31.31 1248.33 container
-0.43 1244.98 10.16 1244.81 10.25 1250.92 -0.34 1251.09 large_vehicle
122.23 1056.1 131.18 1058.33 130.46 1061.24 121.51 1059.01 medium_vessel
123.08 1273.85 119.93 1257.17 126.41 1255.94 129.56 1272.62 container
11.92 755.49 18.46 762.1 14.49 766.03 7.95 759.42 medium_vehicle
104.12 1268.14 126.56 1273.61 125.21 1279.12 102.77 1273.65 large_vehicle
1198.57 1120.9 1198.25 1110.09 1203.16 1109.94 1203.48 1120.75 medium_vehicle
103.09 1267.44 103.0 1250.45 108.05 1250.42 108.14 1267.41 container
20.15 1246.46 18.09 1229.67 23.58 1229.0 25.64 1245.79 container
1080.18 1258.42 1094.49 1261.1 1093.45 1266.68 1079.14 1264.0 medium_vessel
110.25 856.56 114.76 855.09 117.91 864.74 113.4 866.21 medium_vehicle
53.78 373.03 67.14 376.82 65.56 382.41 52.2 378.62 container
1080.37 1228.51 1098.51 1232.8 1097.42 1237.42 1079.28 1233.13 medium_vessel
116.16 1050.29 110.64 1040.65 113.74 1038.87 119.26 1048.51 medium_vessel
1077.88 1263.34 1095.47 1270.24 1093.62 1274.95 1076.03 1268.05 medium_vessel
147.9 1059.27 163.23 1060.97 162.71 1065.64 147.38 1063.94 medium_vessel
113.05 1078.73 131.38 1084.61 129.15 1091.57 110.82 1085.69 medium_vessel
