1052.55 153.81 1068.21 167.56 1065.5 170.65 1049.84 156.9 medium_vessel
1109.99 192.84 1131.76 210.09 1126.54 216.68 1104.77 199.43 medium_vessel
1073.04 136.75 1092.2 156.38 1087.56 160.91 1068.4 141.28 medium_vessel
1148.0 179.85 1158.88 189.33 1153.9 195.04 1143.02 185.56 medium_vessel
1128.96 189.35 1141.65 199.26 1137.55 204.51 1124.86 194.6 medium_vessel
1129.15 73.5 1135.92 81.83 1132.73 84.42 1125.96 76.09 medium_vessel
1108.75 120.17 1127.32 140.08 1121.97 145.07 1103.4 125.16 medium_vessel
1099.47 130.88 1114.61 145.4 1110.7 149.48 1095.56 134.96 medium_vessel
1066.32 148.81 1075.46 157.33 1072.89 160.08 1063.75 151.56 medium_vessel
1158.52 175.44 1168.49 181.94 1166.25 185.38 1156.28 178.88 medium_vessel
1101.87 124.07 1120.1 141.61 1115.56 146.32 1097.33 128.78 medium_vessel
1088.18 131.28 1103.31 145.79 1099.02 150.27 1083.89 135.76 medium_vessel
