350.56 1068.33 353.99 1071.69 343.93 1081.97 340.5 1078.61 medium_vessel
1205.17 1188.29 1211.98 1191.9 1210.21 1195.23 1203.4 1191.62 medium_vehicle
331.45 1044.07 377.96 1023.84 444.8 1177.56 398.29 1197.79 large_vessel
1244.12 854.55 1249.09 857.56 1244.4 865.31 1239.43 862.3 heavy_equipment
1235.12 1100.14 1238.93 1101.71 1234.37 1112.84 1230.56 1111.27 large_vehicle
1247.5 1063.82 1253.93 1066.45 1248.15 1080.54 1241.72 1077.91 heavy_equipment
1256.69 1073.47 1261.13 1075.29 1256.4 1086.83 1251.96 1085.01 large_vehicle
1241.46 1080.37 1247.33 1082.78 1241.85 1096.15 1235.98 1093.74 heavy_equipment
1266.72 1020.41 1272.73 1022.88 1267.63 1035.32 1261.62 1032.85 heavy_equipment
1237.27 1123.28 1239.78 1125.69 1231.86 1133.92 1229.35 1131.51 heavy_equipment
1130.24 650.32 1133.86 652.69 1127.42 662.54 1123.8 660.17 large_vehicle
1223.32 1136.58 1229.83 1132.48 1231.6 1135.28 1225.09 1139.38 medium_vehicle
