517.37 745.49 517.98 749.61 509.46 750.87 508.85 746.75 small_vehicle
736.35 802.92 742.38 799.05 744.85 802.9 738.82 806.77 small_vehicle
1143.15 647.76 1148.97 652.51 1146.61 655.4 1140.79 650.65 small_vehicle
614.55 670.93 617.48 678.8 614.0 680.1 611.07 672.23 small_vehicle
570.73 667.59 572.15 671.4 565.8 673.76 564.38 669.95 small_vehicle
569.11 674.03 570.59 678.01 564.27 680.36 562.79 676.38 small_vehicle
495.83 751.92 496.22 755.66 489.42 756.37 489.03 752.63 small_vehicle
652.82 588.78 644.43 588.89 644.38 585.16 652.77 585.05 small_vehicle
607.37 674.53 610.3 682.4 606.81 683.7 603.88 675.83 small_vehicle
900.78 442.43 897.52 446.3 895.21 444.36 898.47 440.49 small_vehicle
975.67 289.62 967.68 290.73 967.07 286.34 975.06 285.23 small_vehicle
