31.15 977.26 22.64 986.35 18.53 982.5 27.04 973.41 medium_vehicle
54.49 1251.56 54.94 1266.71 49.95 1266.86 49.5 1251.71 large_vehicle
366.87 -1.08 368.92 0.16 365.92 5.06 363.87 3.81 small_vessel
731.0 107.63 739.29 113.4 736.61 117.25 728.32 111.48 medium_vessel
679.62 342.13 687.49 337.64 689.51 341.18 681.64 345.67 medium_vessel
683.87 431.44 689.03 421.89 692.32 423.67 687.16 433.22 medium_vessel
78.44 534.66 72.79 545.25 69.29 543.39 74.94 532.8 large_vehicle
388.24 17.3 391.77 19.85 384.34 30.15 380.81 27.6 medium_vessel
371.83 3.62 374.57 5.28 370.82 11.44 368.08 9.78 small_vessel
680.57 419.91 688.12 414.38 690.69 417.89 683.14 423.42 medium_vessel
676.38 352.16 683.74 344.51 686.7 347.35 679.34 355.0 medium_vessel
699.79 413.79 695.13 402.43 698.84 400.91 703.5 412.27 medium_vessel
71.06 975.78 65.43 987.12 60.9 984.87 66.53 973.53 medium_vehicle
49.93 852.59 55.34 860.31 52.18 862.52 46.77 854.8 medium_vehicle
230.21 1160.1 225.49 1166.4 222.35 1164.04 227.07 1157.74 medium_vehicle
25.8 973.68 18.78 982.54 14.87 979.45 21.89 970.59 medium_vehicle
53.88 1124.09 46.05 1130.98 42.82 1127.31 50.65 1120.42 medium_vehicle
406.14 40.85 409.61 41.8 406.77 52.2 403.3 51.25 medium_vessel
683.33 414.18 679.21 405.43 682.99 403.66 687.11 412.41 small_vessel
394.34 33.63 396.71 35.33 392.83 40.7 390.46 39.0 small_vessel
117.82 1105.34 121.92 1108.31 113.48 1119.96 109.38 1116.99 container
68.55 4.6 65.0 14.53 59.89 12.7 63.44 2.77 heavy_equipment
409.14 44.34 412.69 45.01 411.14 53.26 407.59 52.59 small_vessel
379.89 15.64 381.92 17.0 378.34 22.32 376.31 20.96 small_vessel
677.32 341.79 683.61 333.26 686.54 335.42 680.25 343.95 medium_vessel
690.57 407.82 686.16 397.9 690.3 396.06 694.71 405.98 medium_vessel
400.62 37.18 403.93 38.63 399.82 48.05 396.51 46.6 small_vessel
95.32 1180.12 91.79 1182.57 87.02 1175.71 90.55 1173.26 medium_vehicle
680.58 425.94 687.34 419.73 690.07 422.71 683.31 428.92 medium_vessel
643.81 288.43 644.31 295.93 641.38 296.13 640.88 288.63 small_vessel
390.9 20.27 395.12 23.32 387.69 33.62 383.47 30.57 medium_vessel
368.05 2.05 370.32 2.91 368.29 8.28 366.02 7.42 small_vessel
687.88 414.44 683.47 404.52 687.61 402.68 692.02 412.6 medium_vessel
101.57 1128.0 105.24 1125.07 111.3 1132.67 107.63 1135.6 medium_vehicle
390.7 27.81 393.23 29.63 389.0 35.49 386.47 33.67 small_vessel
379.31 11.81 382.0 13.26 377.74 21.17 375.05 19.72 small_vessel
631.68 330.5 631.36 336.36 628.44 336.2 628.76 330.34 small_vessel
382.71 15.32 385.35 17.09 380.3 24.6 377.66 22.83 small_vessel
56.81 1128.03 49.2 1134.79 46.3 1131.53 53.91 1124.77 medium_vehicle
466.59 31.35 469.36 31.25 469.57 37.15 466.8 37.25 small_vessel
402.12 40.37 405.62 41.26 403.56 49.39 400.06 48.5 small_vessel
417.99 49.25 421.58 49.37 421.3 57.79 417.71 57.67 small_vessel
75.06 955.4 68.62 967.35 64.07 964.9 70.51 952.95 heavy_equipment
397.8 33.4 400.84 35.38 395.1 44.19 392.06 42.21 medium_vessel
374.42 6.39 376.98 8.31 372.65 14.06 370.09 12.14 small_vessel
206.92 1026.78 202.15 1032.13 199.44 1029.71 204.21 1024.36 medium_vehicle
81.59 537.26 75.94 547.85 72.44 545.99 78.09 535.4 large_vehicle
701.95 411.03 696.25 398.93 700.74 396.82 706.44 408.92 medium_vessel
135.86 1155.82 131.18 1159.54 121.75 1147.69 126.43 1143.97 heavy_equipment
396.87 39.64 399.39 40.74 396.74 46.81 394.22 45.71 small_vessel
376.79 10.17 379.24 11.48 375.26 18.86 372.81 17.55 small_vessel
384.4 18.32 386.78 19.91 381.91 27.16 379.53 25.57 small_vessel
693.69 418.51 691.83 407.37 695.58 406.74 697.44 417.88 medium_vessel
423.58 54.85 425.51 57.28 421.35 60.56 419.42 58.13 small_vessel
74.21 1144.11 70.68 1146.56 65.18 1138.65 68.71 1136.2 medium_vehicle
147.31 30.49 153.45 39.8 150.13 41.99 143.99 32.68 medium_vehicle
51.48 963.65 55.58 970.39 52.28 972.4 48.18 965.66 medium_vehicle
392.49 30.4 395.01 32.22 390.39 38.62 387.87 36.8 small_vessel
