868.89 23.32 874.46 28.84 849.2 54.37 843.63 48.85 double_trailer_truck
658.86 154.01 658.8 147.98 691.76 147.7 691.82 153.73 double_trailer_truck
1087.13 117.73 1095.14 117.84 1094.73 146.65 1086.72 146.54 large_vehicle
883.06 40.61 888.98 44.28 871.28 72.84 865.36 69.17 large_vehicle
1131.81 967.83 1135.07 972.79 1122.9 980.78 1119.64 975.82 medium_vehicle
759.33 43.49 761.01 51.52 727.03 58.62 725.35 50.59 double_trailer_truck
1114.16 -5.11 1121.41 -0.77 1104.86 26.89 1097.61 22.55 large_vehicle
965.25 51.16 972.65 54.27 960.92 82.18 953.52 79.07 large_vehicle
1152.04 103.95 1151.91 110.07 1122.51 109.46 1122.64 103.34 large_vehicle
913.61 52.16 920.54 52.71 918.03 84.71 911.1 84.16 large_vehicle
726.82 28.46 728.02 21.6 760.86 27.33 759.66 34.19 double_trailer_truck
900.23 49.69 906.95 50.34 903.93 81.68 897.21 81.03 large_vehicle
1000.0 53.41 1007.71 54.73 1002.17 87.13 994.46 85.81 large_vehicle
906.71 52.26 913.83 52.95 910.57 86.81 903.45 86.12 large_vehicle
653.08 62.67 652.78 55.35 686.83 53.98 687.13 61.3 double_trailer_truck
920.01 50.89 926.97 51.28 925.41 79.31 918.45 78.92 large_vehicle
731.81 150.45 731.58 156.8 699.52 155.68 699.75 149.33 double_trailer_truck
352.84 683.24 359.04 679.56 370.88 699.49 364.68 703.17 large_vehicle
1128.16 20.97 1135.3 23.03 1124.92 58.99 1117.78 56.93 double_trailer_truck
834.95 84.21 842.44 83.57 845.52 119.52 838.03 120.16 double_trailer_truck
926.6 132.66 926.5 138.47 901.92 138.04 902.02 132.23 large_vehicle
1087.65 44.01 1095.86 46.04 1086.87 82.36 1078.66 80.33 double_trailer_truck
653.5 83.61 654.73 76.82 688.77 83.0 687.54 89.79 double_trailer_truck
660.6 131.86 660.68 125.84 687.23 126.22 687.15 132.24 large_vehicle
1150.78 96.2 1150.43 102.31 1123.09 100.73 1123.44 94.62 large_vehicle
874.79 32.21 882.69 39.2 858.89 66.1 850.99 59.11 double_trailer_truck
735.64 59.75 744.06 59.87 743.53 97.71 735.11 97.59 double_trailer_truck
927.43 47.72 934.81 48.51 931.54 79.15 924.16 78.36 large_vehicle
1012.12 58.57 1018.94 58.63 1018.65 91.01 1011.83 90.95 large_vehicle
767.87 63.22 775.91 64.21 772.62 91.07 764.58 90.08 large_vehicle
936.25 52.52 943.6 53.49 938.68 90.85 931.33 89.88 double_trailer_truck
503.48 570.39 505.89 576.9 487.43 583.72 485.02 577.21 container
463.03 539.13 470.51 537.85 472.7 550.66 465.22 551.94 heavy_equipment
653.57 111.39 653.71 104.66 687.77 105.38 687.63 112.11 double_trailer_truck
984.25 50.29 991.4 53.91 977.75 80.93 970.6 77.31 large_vehicle
1136.93 18.75 1144.12 21.04 1132.8 56.52 1125.61 54.23 double_trailer_truck
1078.55 113.6 1088.65 113.74 1088.14 150.75 1078.04 150.61 double_trailer_truck
1018.32 56.12 1026.72 56.07 1026.87 86.59 1018.47 86.64 large_vehicle
658.13 146.15 657.35 139.83 690.93 135.64 691.71 141.96 double_trailer_truck
796.5 79.72 804.57 79.87 804.04 107.07 795.97 106.92 large_vehicle
1005.85 52.97 1013.65 53.61 1010.96 86.37 1003.16 85.73 large_vehicle
704.21 650.89 705.64 655.53 695.14 658.76 693.71 654.12 medium_vehicle
923.36 115.56 923.26 121.36 898.67 120.93 898.77 115.13 large_vehicle
1164.51 17.73 1172.02 19.0 1167.29 46.96 1159.78 45.69 large_vehicle
1139.76 39.64 1146.53 42.53 1136.35 66.39 1129.58 63.5 large_vehicle
1034.48 47.9 1047.0 47.33 1047.24 52.7 1034.72 53.27 container
1097.63 45.83 1105.01 48.54 1092.14 83.69 1084.76 80.98 double_trailer_truck
943.63 48.07 951.04 48.47 949.02 85.67 941.61 85.27 double_trailer_truck
652.94 73.32 653.28 66.88 685.48 68.57 685.14 75.01 double_trailer_truck
1161.44 52.8 1168.2 57.59 1152.6 79.62 1145.84 74.83 large_vehicle
1147.43 42.55 1154.11 45.81 1142.03 70.56 1135.35 67.3 large_vehicle
976.68 51.94 983.54 56.08 967.9 82.0 961.04 77.86 large_vehicle
726.94 19.03 727.87 12.12 760.22 16.49 759.29 23.4 double_trailer_truck
825.83 86.41 833.84 85.31 838.3 117.86 830.29 118.96 large_vehicle
1027.71 54.64 1035.76 54.75 1035.37 82.05 1027.32 81.94 large_vehicle
858.62 -4.05 864.54 -0.37 850.46 22.33 844.54 18.65 double_trailer_truck
895.55 118.94 895.45 124.75 870.17 124.3 870.27 118.49 large_vehicle
653.19 99.22 653.63 93.18 685.65 95.53 685.21 101.57 large_vehicle
1013.76 115.97 1019.05 122.47 995.35 141.8 990.06 135.3 large_vehicle
1044.78 53.41 1052.82 53.98 1050.51 86.14 1042.47 85.57 large_vehicle
728.66 59.63 736.36 59.74 735.83 97.23 728.13 97.12 double_trailer_truck
781.28 69.41 789.3 70.54 783.89 108.99 775.87 107.86 double_trailer_truck
992.61 121.11 993.85 127.37 968.72 132.34 967.48 126.08 large_vehicle
890.15 43.94 896.37 47.8 878.66 76.35 872.44 72.49 large_vehicle
992.47 50.68 1000.34 52.25 993.7 85.49 985.83 83.92 large_vehicle
653.29 50.05 652.82 43.83 686.24 41.26 686.71 47.48 double_trailer_truck
899.9 127.86 899.8 133.67 875.22 133.24 875.32 127.43 large_vehicle
409.8 63.85 415.18 63.28 416.6 76.86 411.22 77.43 medium_vehicle
789.84 67.31 796.69 68.09 792.29 106.67 785.44 105.89 double_trailer_truck
1039.78 117.37 1045.86 122.68 1023.62 148.17 1017.54 142.86 large_vehicle
1105.25 46.48 1113.33 48.68 1103.19 86.03 1095.11 83.83 double_trailer_truck
