1125.84 177.55 1132.8 177.5 1133.01 206.72 1126.05 206.77 large_vehicle
628.21 290.05 620.55 287.53 625.32 273.04 632.98 275.56 container
903.96 171.98 905.23 177.85 873.81 184.64 872.54 178.77 large_vehicle
610.71 184.86 607.91 180.42 621.89 171.61 624.69 176.05 medium_vehicle
639.93 142.81 645.68 142.59 646.36 160.31 640.61 160.53 medium_vehicle
1039.06 1124.52 1038.43 1118.56 1055.84 1116.7 1056.47 1122.66 container
668.86 277.08 656.4 277.11 656.37 257.84 668.83 257.81 heavy_equipment
949.34 171.18 956.65 169.16 964.84 198.9 957.53 200.92 large_vehicle
1141.17 167.49 1149.76 167.29 1150.63 205.75 1142.04 205.95 double_trailer_truck
1136.75 167.17 1143.27 167.33 1142.33 205.78 1135.81 205.62 double_trailer_truck
656.6 277.2 650.06 280.84 642.91 268.0 649.45 264.36 heavy_equipment
636.19 231.16 645.17 231.85 642.99 260.15 634.01 259.46 heavy_equipment
620.36 134.63 626.59 132.46 637.08 162.58 630.85 164.75 large_vehicle
696.83 146.6 694.82 152.0 681.95 147.21 683.96 141.81 container
661.85 141.84 661.93 136.08 684.64 136.4 684.56 142.16 container
1067.38 933.74 1072.43 936.84 1065.31 948.42 1060.26 945.32 medium_vehicle
613.9 270.11 626.17 268.32 627.05 274.32 614.78 276.11 container
1114.03 152.31 1120.99 152.26 1121.2 181.49 1114.24 181.54 large_vehicle
1037.28 1117.37 1036.61 1111.09 1054.29 1109.2 1054.96 1115.48 container
657.07 293.46 650.53 297.1 643.38 284.26 649.92 280.62 heavy_equipment
659.06 162.23 656.77 155.71 682.54 146.64 684.83 153.16 container
661.58 293.79 654.71 293.8 654.68 279.53 661.55 279.52 heavy_equipment
604.91 147.6 612.17 145.75 619.23 173.48 611.97 175.33 large_vehicle
891.28 686.73 891.97 681.02 902.84 682.33 902.15 688.04 medium_vehicle
1108.62 152.61 1113.92 152.58 1114.13 182.19 1108.83 182.22 large_vehicle
1132.2 166.49 1138.3 166.78 1136.49 205.21 1130.39 204.92 double_trailer_truck
1123.8 139.07 1131.68 138.57 1134.09 176.97 1126.21 177.47 double_trailer_truck
876.33 174.28 875.54 168.12 902.91 164.61 903.7 170.77 large_vehicle
1120.95 167.27 1127.05 167.26 1127.12 205.73 1121.02 205.74 double_trailer_truck
841.9 195.16 840.17 188.83 867.57 181.34 869.3 187.67 large_vehicle
931.44 159.42 932.57 165.1 905.16 170.58 904.03 164.9 large_vehicle
891.16 676.09 891.5 670.85 904.16 671.67 903.82 676.91 medium_vehicle
858.53 148.95 857.76 142.99 885.81 139.4 886.58 145.36 large_vehicle
