790.3 1243.96 797.01 1245.82 788.12 1277.87 781.41 1276.01 large_vehicle
665.89 931.44 673.19 931.55 673.0 943.8 665.7 943.69 container
860.45 1272.5 866.09 1276.06 861.55 1283.27 855.91 1279.71 large_vehicle
1220.76 553.3 1275.21 527.91 1328.95 643.13 1274.5 668.52 large_vessel
816.19 1239.77 824.19 1240.82 819.33 1277.79 811.33 1276.74 double_trailer_truck
829.14 1242.37 835.99 1243.68 830.32 1273.43 823.47 1272.12 large_vehicle
853.79 1261.9 859.84 1265.71 848.49 1283.72 842.44 1279.91 large_vehicle
756.38 1243.4 764.2 1243.4 764.2 1270.29 756.38 1270.29 large_vehicle
736.92 1247.22 744.72 1247.44 743.79 1280.67 735.99 1280.45 double_trailer_truck
1170.66 775.7 1264.57 790.91 1191.54 1241.78 1097.63 1226.57 large_vessel
860.73 1012.99 861.07 1023.62 835.37 1024.43 835.03 1013.8 medium_vessel
860.71 1138.51 862.52 1144.53 840.52 1151.13 838.71 1145.11 container
720.18 1246.67 727.97 1246.94 726.83 1279.72 719.04 1279.45 double_trailer_truck
1238.52 386.49 1275.3 369.34 1308.68 440.93 1271.9 458.08 large_vessel
850.86 1251.6 856.92 1255.41 839.61 1282.9 833.55 1279.09 double_trailer_truck
728.72 1246.7 736.51 1246.82 735.98 1280.05 728.19 1279.93 double_trailer_truck
765.91 1240.7 774.12 1240.69 774.19 1277.39 765.98 1277.4 double_trailer_truck
745.68 1244.62 753.88 1245.04 752.1 1280.29 743.9 1279.87 double_trailer_truck
781.97 1242.18 789.36 1244.05 780.9 1277.46 773.51 1275.59 double_trailer_truck
