1170.38 1082.03 1167.26 1071.43 1199.67 1061.89 1202.79 1072.49 medium_vessel
993.03 1180.51 990.92 1172.47 1033.53 1161.29 1035.64 1169.33 double_trailer_truck
1073.68 1191.48 1080.14 1186.59 1106.62 1221.61 1100.16 1226.5 double_trailer_truck
1195.05 1155.11 1196.61 1163.12 1153.36 1171.52 1151.8 1163.51 double_trailer_truck
127.37 815.41 129.79 823.19 94.09 834.31 91.67 826.53 large_vehicle
1228.63 378.41 1230.11 386.61 1208.5 390.5 1207.02 382.3 heavy_equipment
885.0 554.55 878.58 534.43 933.87 516.78 940.29 536.9 medium_vessel
857.92 44.94 860.51 51.84 833.88 61.8 831.29 54.9 container
992.82 392.73 967.92 329.19 987.17 321.65 1012.07 385.19 large_vessel
1189.73 438.04 1192.25 445.91 1171.9 452.41 1169.38 444.54 heavy_equipment
1181.46 555.89 1188.63 554.62 1192.04 573.76 1184.87 575.03 heavy_equipment
1170.42 557.57 1176.24 555.91 1181.21 573.36 1175.39 575.02 heavy_equipment
485.91 763.08 492.47 761.73 500.38 800.27 493.82 801.62 large_vehicle
118.9 345.59 115.62 338.49 152.71 321.36 155.99 328.46 large_vehicle
539.83 183.92 546.81 180.44 553.1 193.05 546.12 196.53 heavy_equipment
1110.67 359.41 1116.53 357.32 1121.74 371.97 1115.88 374.06 container
130.07 823.4 132.5 831.19 95.92 842.59 93.49 834.8 large_vehicle
1114.84 791.4 1121.25 789.89 1125.54 808.19 1119.13 809.7 medium_vessel
977.72 325.07 962.87 281.47 976.75 276.74 991.6 320.34 medium_vessel
760.59 296.38 752.29 268.73 881.69 229.91 889.99 257.56 large_vessel
1029.92 491.1 1017.39 458.12 1029.67 453.45 1042.2 486.43 medium_vessel
1089.77 636.41 1098.11 630.37 1120.43 661.21 1112.09 667.25 large_vehicle
1121.55 1207.36 1130.83 1206.95 1132.79 1251.77 1123.51 1252.18 double_trailer_truck
1067.32 1222.9 1069.05 1215.89 1086.09 1220.1 1084.36 1227.11 container
9.39 851.04 11.36 858.55 0.0 861.53 -1.97 854.02 large_vehicle
913.87 992.34 908.11 981.5 942.73 963.09 948.49 973.93 medium_vessel
1253.38 1149.71 1255.47 1157.6 1218.71 1167.32 1216.62 1159.43 large_vehicle
1198.45 1143.04 1200.15 1151.02 1161.36 1159.27 1159.66 1151.29 large_vehicle
1233.87 410.2 1236.37 416.57 1223.3 421.72 1220.8 415.35 heavy_equipment
1001.3 1191.44 998.63 1184.35 1039.84 1168.78 1042.51 1175.87 double_trailer_truck
1154.43 347.09 1156.03 353.0 1139.32 357.54 1137.72 351.63 heavy_equipment
825.11 58.03 830.85 55.8 842.46 85.74 836.72 87.97 container
1183.45 430.65 1185.97 438.52 1165.62 445.02 1163.1 437.15 heavy_equipment
-0.16 832.66 -21.06 763.88 131.7 717.46 152.6 786.24 large_vessel
45.4 217.28 43.32 210.26 56.85 206.25 58.93 213.27 container
819.66 76.39 825.13 74.27 830.82 88.95 825.35 91.07 container
1213.7 1030.87 1210.84 1016.4 1252.9 1008.08 1255.76 1022.55 medium_vessel
196.21 802.12 198.92 810.09 163.59 822.12 160.88 814.15 large_vehicle
965.6 281.17 947.38 238.88 961.3 232.88 979.52 275.17 medium_vessel
1242.34 417.23 1244.8 423.77 1231.64 428.72 1229.18 422.18 heavy_equipment
1228.46 46.65 1233.98 45.13 1239.38 64.73 1233.86 66.25 medium_vehicle
1150.46 337.63 1152.15 343.99 1137.77 347.82 1136.08 341.46 heavy_equipment
1266.17 698.45 1273.44 696.37 1284.28 734.18 1277.01 736.26 large_vehicle
1071.91 1152.12 1069.6 1144.9 1111.72 1131.37 1114.03 1138.59 double_trailer_truck
1246.81 41.95 1252.61 40.35 1258.01 59.95 1252.21 61.55 medium_vehicle
1065.39 468.63 1069.61 467.41 1073.07 479.34 1068.85 480.56 medium_vehicle
958.69 1184.53 956.29 1177.34 998.06 1163.37 1000.46 1170.56 double_trailer_truck
1279.76 1118.85 1281.84 1126.73 1249.34 1135.32 1247.26 1127.44 large_vehicle
1178.7 413.82 1180.64 420.72 1164.04 425.39 1162.1 418.49 heavy_equipment
965.93 963.44 963.08 954.37 990.77 945.69 993.62 954.76 medium_vessel
18.46 1340.6 -6.63 1258.0 348.22 1150.19 373.32 1232.79 large_vessel
1170.64 406.59 1172.34 412.62 1157.76 416.72 1156.06 410.69 heavy_equipment
554.78 245.95 552.96 238.26 589.83 229.55 591.65 237.24 large_vehicle
427.13 98.11 425.05 91.09 438.58 87.09 440.66 94.11 container
1139.93 1169.0 1149.53 1178.57 1118.8 1209.41 1109.2 1199.84 double_trailer_truck
1102.44 785.79 1108.96 783.74 1115.11 803.36 1108.59 805.41 medium_vessel
211.03 880.72 217.16 877.99 232.15 911.65 226.02 914.38 large_vehicle
868.14 68.84 870.3 74.61 842.53 85.0 840.37 79.23 container
1244.8 1142.33 1246.89 1150.22 1204.71 1161.37 1202.62 1153.48 double_trailer_truck
1144.16 314.87 1146.23 320.74 1132.19 325.68 1130.12 319.81 heavy_equipment
944.02 1151.58 941.62 1142.11 968.62 1135.28 971.02 1144.75 medium_vessel
1233.1 1061.84 1229.54 1051.39 1262.73 1040.09 1266.29 1050.54 medium_vessel
1009.75 459.33 994.15 399.88 1013.82 394.72 1029.42 454.17 large_vessel
1217.89 1013.89 1214.81 1003.2 1248.82 993.38 1251.9 1004.07 medium_vessel
1280.17 1145.34 1282.25 1153.22 1266.27 1157.44 1264.19 1149.56 double_trailer_truck
1183.1 421.97 1185.33 429.92 1164.77 435.7 1162.54 427.75 heavy_equipment
1097.39 928.54 1093.23 917.97 1125.56 905.24 1129.72 915.81 medium_vessel
1148.91 329.75 1150.81 336.04 1136.57 340.33 1134.67 334.04 heavy_equipment
1189.96 1131.83 1184.22 1116.72 1228.92 1099.74 1234.66 1114.85 medium_vessel
1165.39 390.05 1167.51 396.27 1149.99 402.23 1147.87 396.01 heavy_equipment
1049.66 935.81 1048.19 925.75 1076.18 921.67 1077.65 931.73 medium_vessel
1221.78 1040.46 1219.63 1029.63 1255.03 1022.62 1257.18 1033.45 medium_vessel
245.19 823.2 251.6 821.33 261.86 856.63 255.45 858.5 large_vehicle
-0.13 514.53 -20.88 451.42 93.88 413.69 114.63 476.8 large_vessel
1190.79 447.65 1192.69 453.59 1174.58 459.37 1172.68 453.43 heavy_equipment
1200.88 1183.19 1198.82 1190.48 1156.44 1178.49 1158.5 1171.2 double_trailer_truck
374.53 799.4 377.91 792.36 412.79 809.14 409.41 816.18 large_vehicle
1280.0 1127.67 1282.08 1135.56 1263.97 1140.35 1261.89 1132.46 large_vehicle
525.78 187.98 531.93 184.27 539.75 197.22 533.6 200.93 heavy_equipment
283.68 1134.78 281.35 1127.12 312.33 1117.71 314.66 1125.37 large_vehicle
1156.12 356.22 1158.08 362.5 1141.55 367.65 1139.59 361.37 heavy_equipment
1116.14 373.96 1122.0 371.88 1126.45 384.38 1120.59 386.46 container
441.32 149.07 438.78 141.58 470.82 130.73 473.36 138.22 large_vehicle
1163.38 381.74 1165.5 387.96 1150.43 393.09 1148.31 386.87 heavy_equipment
1012.87 949.95 1010.11 938.94 1042.65 930.77 1045.41 941.78 medium_vessel
1193.62 943.44 1190.45 933.47 1218.11 924.69 1221.28 934.66 medium_vessel
234.05 829.53 240.43 827.15 253.73 862.74 247.35 865.12 large_vehicle
1214.78 333.17 1216.73 342.08 1198.31 346.09 1196.36 337.18 heavy_equipment
413.31 1170.41 403.04 1130.98 604.39 1078.53 614.66 1117.96 large_vessel
1254.9 39.72 1260.6 38.16 1266.0 57.76 1260.3 59.32 medium_vehicle
1238.27 45.49 1243.89 44.38 1247.81 64.33 1242.19 65.44 medium_vehicle
1279.82 1137.64 1281.25 1145.68 1253.75 1150.58 1252.32 1142.54 double_trailer_truck
1139.83 305.33 1142.01 310.91 1128.15 316.32 1125.97 310.74 heavy_equipment
1185.73 171.39 1191.7 169.02 1197.0 182.34 1191.03 184.71 heavy_equipment
1166.39 399.24 1168.41 405.17 1154.08 410.04 1152.06 404.11 heavy_equipment
1279.76 1158.92 1280.02 1167.73 1248.77 1168.66 1248.51 1159.85 double_trailer_truck
71.24 840.97 73.84 848.29 36.08 861.66 33.48 854.34 large_vehicle
769.07 589.72 764.67 576.8 809.01 561.71 813.41 574.63 medium_vessel
1199.28 955.54 1195.88 945.78 1222.99 936.34 1226.39 946.1 medium_vessel
1103.08 1232.44 1110.27 1230.33 1122.9 1273.24 1115.71 1275.35 double_trailer_truck
1220.86 344.87 1222.67 353.83 1201.15 358.17 1199.34 349.21 heavy_equipment
1138.05 295.73 1140.35 301.63 1126.49 307.03 1124.19 301.13 heavy_equipment
1233.15 1127.16 1230.64 1120.03 1255.48 1111.29 1257.99 1118.42 medium_vessel
1176.06 1147.73 1172.52 1138.41 1198.62 1128.49 1202.16 1137.81 medium_vessel
968.29 527.36 963.12 511.17 1017.22 493.9 1022.39 510.09 medium_vessel
861.01 52.04 863.17 57.81 836.28 67.86 834.12 62.09 container
374.35 812.87 377.41 805.13 412.27 818.93 409.21 826.67 large_vehicle
819.4 60.36 825.14 58.13 836.68 87.89 830.94 90.12 container
235.57 1149.4 233.24 1141.76 264.87 1132.15 267.2 1139.79 large_vehicle
1233.55 388.99 1234.86 396.23 1216.04 399.62 1214.73 392.38 heavy_equipment
1150.1 1151.55 1148.26 1142.14 1173.34 1137.22 1175.18 1146.63 medium_vessel
1134.82 916.91 1129.61 906.81 1160.49 890.88 1165.7 900.98 medium_vessel
189.44 172.47 187.18 165.51 214.31 156.69 216.57 163.65 container
1221.49 1053.1 1218.69 1041.42 1257.15 1032.18 1259.95 1043.86 medium_vessel
1222.91 357.24 1225.44 366.52 1204.26 372.28 1201.73 363.0 heavy_equipment
467.93 408.69 454.2 358.51 716.15 286.85 729.88 337.03 large_vessel
865.7 61.68 868.35 68.77 840.58 79.16 837.93 72.07 container
969.32 975.22 965.18 965.46 995.51 952.58 999.65 962.34 medium_vessel
67.89 834.01 70.49 841.34 36.5 853.38 33.9 846.05 large_vehicle
