513.72 1090.27 750.5 1015.17 762.45 1052.84 525.67 1127.94 large_vessel
608.33 791.1 614.34 789.17 621.65 811.92 615.64 813.85 large_vehicle
328.19 1153.25 482.98 1095.07 498.25 1135.7 343.46 1193.88 large_vessel
569.36 805.94 591.09 802.18 592.6 810.89 570.87 814.65 large_vehicle
1084.34 756.73 1090.54 754.76 1098.01 778.31 1091.81 780.28 large_vehicle
912.82 566.5 999.0 538.5 1005.12 557.33 918.94 585.33 large_vessel
282.16 823.96 297.41 833.05 259.68 896.34 244.43 887.25 large_vessel
638.26 773.93 644.35 772.17 650.79 794.51 644.7 796.27 large_vehicle
653.45 760.08 659.6 758.33 665.71 779.78 659.56 781.53 large_vehicle
674.54 748.24 680.83 746.57 686.55 768.08 680.26 769.75 large_vehicle
691.62 741.9 698.15 740.16 703.87 761.67 697.34 763.41 large_vehicle
649.67 769.32 655.59 768.37 659.15 790.59 653.23 791.54 large_vehicle
597.37 791.45 603.69 789.86 609.49 812.94 603.17 814.53 large_vehicle
79.12 1106.34 226.3 861.4 264.61 884.42 117.43 1129.36 large_vessel
643.54 648.65 733.13 623.64 738.69 643.56 649.1 668.57 large_vessel
619.43 790.1 625.33 788.19 632.34 809.88 626.44 811.79 large_vehicle
1191.87 478.75 1276.63 453.16 1282.44 472.41 1197.68 498.0 large_vessel
466.04 812.54 479.91 814.49 478.97 821.21 465.1 819.26 container
170.49 1180.02 188.38 1173.75 190.88 1180.9 172.99 1187.17 medium_vehicle
857.31 660.0 863.12 657.86 872.28 682.76 866.47 684.9 medium_vessel
872.1 689.33 878.6 688.1 883.3 712.97 876.8 714.2 medium_vessel
1049.4 524.27 1136.72 497.07 1142.55 515.8 1055.23 543.0 large_vessel
572.18 817.88 594.18 812.51 596.16 820.64 574.16 826.01 large_vehicle
324.92 769.29 333.86 774.73 312.69 809.56 303.75 804.12 medium_vessel
682.25 744.9 688.73 743.18 694.45 764.68 687.97 766.4 large_vehicle
