1244.83 499.9 1249.28 500.88 1246.11 515.31 1241.66 514.33 medium_vehicle
148.62 41.76 150.29 46.56 137.59 50.98 135.92 46.18 small_vessel
1279.94 234.89 1282.11 242.28 1248.21 252.26 1246.04 244.87 double_trailer_truck
1280.05 204.9 1282.28 211.46 1254.17 221.02 1251.94 214.46 large_vehicle
1000.63 112.4 1003.72 105.5 1020.42 112.97 1017.33 119.87 heavy_equipment
963.09 122.34 969.54 120.6 973.89 136.73 967.44 138.47 heavy_equipment
645.2 1054.69 657.52 1056.68 651.75 1092.33 639.43 1090.34 medium_vessel
1282.95 567.9 1279.99 574.5 1266.37 568.38 1269.33 561.78 container
1181.07 239.27 1183.38 245.82 1153.78 256.3 1151.47 249.75 large_vehicle
1104.58 292.96 1107.04 299.75 1076.69 310.73 1074.23 303.94 large_vehicle
1139.71 281.94 1142.03 288.78 1111.59 299.08 1109.27 292.24 large_vehicle
1191.58 208.81 1185.13 211.37 1173.59 182.39 1180.04 179.83 large_vehicle
1191.47 264.08 1193.89 271.39 1152.29 285.15 1149.87 277.84 double_trailer_truck
485.27 261.56 499.16 305.86 234.99 388.65 221.1 344.35 large_vessel
1142.11 252.82 1144.1 259.46 1114.03 268.49 1112.04 261.85 large_vehicle
1011.52 297.28 1013.92 304.1 979.28 316.3 976.88 309.48 large_vehicle
1099.35 267.08 1101.75 273.89 1070.72 284.81 1068.32 278.0 large_vehicle
971.08 118.41 977.78 117.33 980.9 136.63 974.2 137.71 heavy_equipment
979.19 115.24 985.42 113.12 991.04 129.65 984.81 131.77 heavy_equipment
1208.22 169.85 1202.25 172.43 1189.49 142.8 1195.46 140.22 large_vehicle
1202.49 209.07 1196.09 211.72 1182.35 178.54 1188.75 175.89 large_vehicle
186.19 31.02 189.48 41.52 160.47 50.61 157.18 40.11 medium_vessel
