290.64 1119.8 294.32 1122.25 287.98 1131.76 284.3 1129.31 large_vehicle
439.11 913.08 440.34 917.02 431.38 919.81 430.15 915.87 medium_vehicle
23.72 919.7 41.28 919.49 41.45 932.99 23.89 933.2 small_aircraft
295.34 1121.1 299.01 1123.55 292.14 1133.86 288.47 1131.41 large_vehicle
280.99 1113.85 284.46 1115.49 280.58 1123.71 277.11 1122.07 medium_vehicle
445.88 655.93 451.39 664.63 438.41 672.84 432.9 664.14 large_vehicle
231.85 1119.24 235.02 1116.49 240.8 1123.16 237.63 1125.91 medium_vehicle
306.39 683.42 336.41 671.77 342.4 687.19 312.38 698.84 small_aircraft
276.51 1113.13 280.56 1114.66 277.59 1122.58 273.54 1121.05 medium_vehicle
227.19 1124.59 230.53 1121.7 236.48 1128.58 233.14 1131.47 medium_vehicle
68.82 913.12 75.1 924.5 56.79 934.6 50.51 923.22 small_aircraft
211.05 213.99 228.49 228.73 213.71 246.22 196.27 231.48 small_aircraft
469.17 887.37 473.11 891.66 462.63 901.3 458.69 897.01 large_vehicle
