863.23 356.47 888.63 357.75 888.19 366.46 862.79 365.18 large_vehicle
122.69 29.69 124.99 35.93 112.17 40.67 109.87 34.43 container
738.19 384.74 745.51 382.9 751.73 407.66 744.41 409.5 large_vehicle
633.28 26.55 641.45 23.63 649.36 45.73 641.19 48.65 heavy_equipment
933.82 373.87 942.24 375.75 938.48 392.58 930.06 390.7 heavy_equipment
782.51 487.28 790.62 484.64 798.27 508.2 790.16 510.84 large_vehicle
194.71 240.7 217.23 235.04 218.98 241.99 196.46 247.65 large_vehicle
172.46 297.77 205.92 285.26 208.81 293.0 175.35 305.51 large_vehicle
909.23 427.52 935.88 425.1 936.54 432.27 909.89 434.69 heavy_equipment
192.68 233.95 215.2 228.29 216.95 235.24 194.43 240.9 large_vehicle
539.51 144.11 555.97 157.49 550.49 164.22 534.03 150.84 heavy_equipment
595.66 3.49 601.87 0.61 610.37 18.92 604.16 21.8 medium_vehicle
164.04 249.41 191.21 242.59 193.1 250.14 165.93 256.96 large_vehicle
155.51 243.17 190.15 234.47 192.03 241.97 157.39 250.67 large_vehicle
166.62 235.68 185.43 234.17 185.9 239.95 167.09 241.46 medium_vehicle
165.18 228.26 191.58 227.34 191.85 235.16 165.45 236.08 large_vehicle
318.41 8.49 323.72 11.58 315.27 26.1 309.96 23.01 container
157.13 263.95 184.44 256.32 186.82 264.84 159.51 272.47 bus
