121.52 43.55 152.21 52.0 148.97 63.76 118.28 55.31 heavy_equipment
228.49 126.26 235.16 128.41 226.77 154.37 220.1 152.22 large_vehicle
187.29 114.07 194.0 117.33 184.04 137.86 177.33 134.6 large_vehicle
271.58 142.02 277.3 145.75 267.72 160.45 262.0 156.72 medium_vehicle
113.41 85.61 140.34 90.99 138.34 101.04 111.41 95.66 heavy_equipment
282.34 56.44 303.2 66.57 299.5 74.18 278.64 64.05 large_vehicle
244.81 140.32 267.22 119.93 275.12 128.61 252.71 149.0 heavy_equipment
240.9 142.8 258.54 152.26 255.21 158.47 237.57 149.01 medium_vehicle
210.15 120.64 217.15 121.03 215.63 148.27 208.63 147.88 heavy_equipment
298.19 86.15 305.97 91.08 295.49 107.6 287.71 102.67 heavy_equipment
278.99 145.7 284.3 149.4 274.23 163.82 268.92 160.12 heavy_equipment
327.32 69.96 335.17 73.31 325.98 94.84 318.13 91.49 large_vehicle
