116.66 273.58 124.6 274.01 122.76 307.89 114.82 307.46 large_vehicle
92.37 135.76 98.24 128.27 126.93 150.77 121.06 158.26 large_vehicle
18.46 274.12 25.28 274.41 24.37 296.2 17.55 295.91 large_vehicle
170.15 176.84 251.19 182.23 222.86 608.78 141.82 603.39 large_vessel
120.02 227.59 127.96 228.02 126.02 263.91 118.08 263.48 large_vehicle
-1.25 26.9 175.8 23.81 176.68 74.35 -0.37 77.44 large_vessel
135.82 127.6 144.79 126.91 147.48 161.89 138.51 162.58 large_vehicle
140.25 354.05 147.0 354.14 146.81 368.31 140.06 368.22 container
140.14 368.6 146.87 368.83 145.91 396.2 139.18 395.97 container
29.2 222.66 35.51 222.93 34.39 249.53 28.08 249.26 container
0.08 0.42 209.36 -3.22 209.82 23.59 0.54 27.24 large_vessel
7.27 273.38 14.09 273.37 14.12 295.19 7.3 295.2 large_vehicle
124.98 895.43 201.17 900.49 175.75 1283.21 99.56 1278.15 large_vessel
22.85 222.47 29.16 222.74 28.05 249.13 21.74 248.86 container
6.62 822.29 13.36 822.74 12.1 841.65 5.36 841.2 large_vehicle
773.63 1100.49 779.29 1103.4 771.35 1118.86 765.69 1115.95 medium_vessel
117.59 124.33 126.22 121.79 136.13 155.45 127.5 157.99 large_vehicle
