512.44 149.3 519.42 147.14 524.38 163.14 517.4 165.3 medium_vehicle
256.86 646.0 253.29 641.67 265.44 631.66 269.01 635.99 medium_vehicle
866.39 621.62 873.55 620.86 876.0 643.72 868.84 644.48 large_vehicle
102.16 379.09 99.83 373.15 116.37 366.66 118.7 372.6 medium_vehicle
534.67 123.27 542.51 120.6 550.6 144.36 542.76 147.03 heavy_equipment
191.25 489.59 222.88 478.2 225.53 485.56 193.9 496.95 large_vehicle
227.87 642.04 252.21 626.6 255.27 631.43 230.93 646.87 large_vehicle
190.36 477.11 216.61 465.91 219.47 472.61 193.22 483.81 large_vehicle
166.7 513.26 196.02 503.62 198.19 510.22 168.87 519.86 large_vehicle
506.82 54.06 512.48 52.69 517.24 72.38 511.58 73.75 medium_vehicle
167.58 424.37 173.72 421.15 184.3 441.29 178.16 444.51 large_vehicle
919.23 578.45 937.07 590.98 932.84 596.99 915.0 584.46 large_vehicle
588.65 256.37 593.54 249.39 608.26 259.69 603.37 266.67 heavy_equipment
570.49 211.92 577.05 211.32 578.91 231.83 572.35 232.43 medium_vehicle
179.53 445.11 185.36 442.22 195.23 462.11 189.4 465.0 large_vehicle
544.19 151.98 552.81 149.04 560.24 170.87 551.62 173.81 heavy_equipment
832.28 620.58 855.49 622.82 854.82 629.77 831.61 627.53 heavy_equipment
481.43 520.34 500.33 520.47 500.26 529.36 481.36 529.23 heavy_equipment
