827.22 787.26 831.05 787.55 830.47 795.3 826.64 795.01 medium_vehicle
427.01 158.2 460.29 185.53 443.82 205.58 410.54 178.25 large_aircraft
478.38 553.56 484.82 559.2 482.14 562.26 475.7 556.62 medium_vehicle
899.56 978.63 904.04 977.83 905.9 988.26 901.42 989.06 large_vehicle
823.93 784.96 827.76 785.25 827.16 793.21 823.33 792.92 medium_vehicle
435.93 600.64 442.09 606.04 439.63 608.85 433.47 603.45 medium_vehicle
535.7 132.97 540.85 132.97 540.85 143.8 535.7 143.8 large_vehicle
196.38 513.61 200.48 516.24 195.94 523.3 191.84 520.67 medium_vehicle
475.74 525.03 480.75 529.42 478.29 532.24 473.28 527.85 medium_vehicle
243.31 549.07 275.06 588.01 259.08 601.04 227.33 562.1 large_aircraft
454.53 31.69 458.61 34.31 453.05 42.98 448.97 40.36 large_vehicle
478.35 520.97 484.31 526.19 481.84 529.0 475.88 523.78 medium_vehicle
488.75 534.39 495.42 540.09 492.77 543.19 486.1 537.49 medium_vehicle
886.69 679.5 894.89 676.91 897.6 685.5 889.4 688.09 small_aircraft
432.23 607.84 438.56 613.38 436.09 616.19 429.76 610.65 medium_vehicle
428.0 615.28 434.56 621.03 431.85 624.13 425.29 618.38 medium_vehicle
494.07 525.07 500.32 530.93 497.57 533.86 491.32 528.0 medium_vehicle
474.84 527.73 480.8 532.95 478.33 535.76 472.37 530.54 medium_vehicle
444.25 585.46 450.69 591.1 448.07 594.09 441.63 588.45 medium_vehicle
592.79 49.74 629.54 71.9 615.55 95.09 578.8 72.93 large_aircraft
829.83 789.36 833.66 789.65 833.08 797.4 829.25 797.11 medium_vehicle
212.8 531.9 241.24 555.43 221.32 579.51 192.88 555.98 large_aircraft
820.25 783.35 824.08 783.64 823.46 791.81 819.63 791.52 medium_vehicle
816.65 780.78 820.48 781.07 819.86 789.24 816.03 788.95 medium_vehicle
1044.99 1240.6 1067.34 1234.61 1075.72 1265.92 1053.37 1271.91 large_aircraft
939.58 719.97 952.05 718.18 954.81 737.28 942.34 739.07 small_aircraft
698.37 85.2 742.36 109.48 728.26 135.03 684.27 110.75 large_aircraft
894.95 979.45 899.42 978.65 900.97 987.36 896.5 988.16 large_vehicle
892.3 590.46 900.17 587.02 905.86 600.06 897.99 603.5 small_aircraft
1013.41 1120.27 1036.92 1113.4 1055.95 1178.49 1032.44 1185.36 large_aircraft
878.18 554.28 883.08 553.77 884.18 564.21 879.28 564.72 medium_vehicle
1033.66 1096.39 1068.5 1099.75 1065.33 1132.7 1030.49 1129.34 large_aircraft
1027.92 1052.93 1062.27 1060.61 1055.41 1091.28 1021.06 1083.6 large_aircraft
264.3 517.36 275.75 529.8 271.22 533.97 259.77 521.53 bus
953.8 757.22 966.18 755.44 968.9 774.31 956.52 776.09 small_aircraft
701.72 126.07 743.52 149.15 727.18 178.76 685.38 155.68 large_aircraft
433.73 604.54 439.89 609.94 437.43 612.75 431.27 607.35 medium_vehicle
598.31 -1.82 638.88 32.94 620.91 53.92 580.34 19.15 large_aircraft
473.39 590.66 479.56 596.06 477.1 598.87 470.93 593.47 medium_vehicle
593.74 95.71 632.06 118.83 618.24 141.74 579.92 118.62 large_aircraft
