989.28 587.11 1000.14 585.35 1002.77 601.54 991.91 603.3 small_aircraft
295.45 865.26 307.78 872.44 302.43 881.63 290.1 874.45 small_aircraft
1164.86 838.68 1169.47 846.37 1150.56 857.69 1145.95 850.0 small_aircraft
280.69 975.42 287.76 982.69 272.72 997.31 265.65 990.04 small_aircraft
854.43 1144.18 861.28 1152.69 840.4 1169.48 833.55 1160.97 small_aircraft
1038.65 996.05 1046.63 1002.64 1032.57 1019.64 1024.59 1013.05 small_aircraft
228.62 1142.17 236.45 1149.45 222.12 1164.86 214.29 1157.58 small_aircraft
1108.93 897.49 1114.05 905.25 1093.56 918.77 1088.44 911.01 small_aircraft
1251.1 801.27 1257.96 809.15 1239.2 825.46 1232.34 817.58 small_aircraft
194.69 807.83 207.26 816.63 200.36 826.48 187.79 817.68 small_aircraft
685.68 974.6 697.61 981.49 685.43 1002.59 673.5 995.7 small_aircraft
1192.79 819.54 1197.49 829.76 1177.25 839.07 1172.55 828.85 small_aircraft
569.01 1192.86 578.87 1200.93 562.84 1220.52 552.98 1212.45 small_aircraft
196.15 1260.34 204.31 1267.93 190.11 1283.21 181.95 1275.62 small_aircraft
