1217.55 642.7 1256.95 628.04 1262.68 643.45 1223.28 658.11 pylon
798.31 1157.67 811.54 1159.87 810.69 1165.01 797.46 1162.81 medium_vehicle
1076.65 122.19 1116.23 111.29 1120.83 127.96 1081.25 138.86 pylon
1046.18 962.1 1054.12 962.73 1053.64 968.72 1045.7 968.09 heavy_equipment
1208.93 111.27 1216.07 109.44 1220.85 128.05 1213.71 129.88 large_vehicle
869.45 1153.4 880.56 1158.92 878.13 1163.82 867.02 1158.3 medium_vehicle
116.23 54.44 155.56 50.92 156.23 58.47 116.9 61.99 large_vehicle
969.21 964.95 983.06 953.29 987.85 958.97 974.0 970.63 medium_vehicle
1248.81 255.5 1256.29 253.7 1260.88 272.81 1253.4 274.61 medium_vehicle
1241.38 269.01 1248.95 267.19 1254.22 289.13 1246.65 290.95 large_vehicle
