152.54 761.54 156.47 759.04 163.29 769.75 159.36 772.25 container
739.04 1176.74 732.84 1227.26 706.87 1224.07 713.07 1173.55 pylon
270.74 957.29 263.29 1015.41 230.76 1011.24 238.21 953.12 pylon
978.89 647.62 990.79 647.57 990.8 651.27 978.9 651.32 container
451.74 1063.02 448.56 1121.65 416.75 1119.93 419.93 1061.3 pylon
982.63 652.77 994.13 653.02 994.06 656.62 982.56 656.37 large_vehicle
62.1 591.31 65.84 590.52 67.18 596.82 63.44 597.61 medium_vehicle
102.18 681.55 107.52 680.23 111.73 697.4 106.39 698.72 large_vehicle
88.48 674.4 93.79 672.94 99.2 692.71 93.89 694.17 double_trailer_truck
1014.76 707.48 1025.11 708.3 1024.82 711.99 1014.47 711.17 large_vehicle
995.44 675.96 1006.75 677.33 1006.35 680.65 995.04 679.28 container
264.15 925.13 257.31 972.02 223.21 967.05 230.05 920.16 pylon
235.52 1127.77 239.98 1126.7 241.86 1134.6 237.4 1135.67 medium_vehicle
1003.88 687.24 1015.85 691.24 1014.79 694.41 1002.82 690.41 container
139.01 803.92 144.91 802.47 148.28 816.18 142.38 817.63 large_vehicle
