1208.25 149.21 1204.86 194.31 1181.22 192.53 1184.61 147.43 pylon
492.53 1080.5 497.1 1079.64 499.55 1092.68 494.98 1093.54 container
833.88 511.3 842.36 516.43 839.66 520.89 831.18 515.76 container
308.5 32.66 313.32 31.29 317.32 45.32 312.5 46.69 large_vehicle
956.09 43.13 953.1 102.06 931.62 100.97 934.61 42.04 pylon
728.02 899.8 733.31 897.68 739.45 912.95 734.16 915.07 container
507.79 690.31 512.67 688.31 519.12 704.11 514.24 706.11 large_vehicle
107.3 1019.04 122.77 1026.46 120.09 1032.06 104.62 1024.64 large_vehicle
696.36 1024.92 700.61 1022.62 709.95 1039.89 705.7 1042.19 large_vehicle
711.16 911.19 726.45 917.47 723.96 923.54 708.67 917.26 container
813.36 401.48 817.63 399.95 821.12 409.7 816.85 411.23 large_vehicle
496.79 664.34 505.91 680.07 501.76 682.47 492.64 666.74 large_vehicle
814.82 513.58 824.39 517.51 822.14 523.0 812.57 519.07 container
