1154.56 231.35 1163.2 220.16 1167.79 223.7 1159.15 234.89 large_vehicle
463.82 560.93 479.37 569.44 476.91 573.94 461.36 565.43 large_vehicle
1171.39 290.77 1176.38 290.66 1176.61 300.44 1171.62 300.55 large_vehicle
1069.68 109.67 1087.37 118.96 1085.12 123.24 1067.43 113.95 large_vehicle
1071.74 91.5 1089.02 100.96 1087.2 104.28 1069.92 94.82 large_vehicle
1069.84 100.12 1087.95 110.04 1085.7 114.16 1067.59 104.24 large_vehicle
93.96 163.59 90.73 206.58 67.88 204.86 71.11 161.87 pylon
1072.47 88.57 1089.98 98.15 1087.9 101.94 1070.39 92.36 large_vehicle
745.61 539.46 741.02 600.48 710.79 598.2 715.38 537.18 pylon
1096.9 105.7 1102.9 103.14 1110.87 121.82 1104.87 124.38 large_vehicle
1082.9 128.42 1099.91 135.95 1098.21 139.78 1081.2 132.25 large_vehicle
655.41 179.0 672.92 188.59 670.63 192.78 653.12 183.19 large_vehicle
1068.19 105.13 1086.07 114.92 1083.75 119.16 1065.87 109.37 large_vehicle
1075.23 120.7 1091.73 127.61 1089.83 132.14 1073.33 125.23 large_vehicle
1282.36 821.08 1274.21 877.01 1237.43 871.64 1245.58 815.71 pylon
280.44 441.51 283.31 438.38 286.9 441.68 284.03 444.81 heavy_equipment
382.16 346.2 377.68 405.79 354.14 404.02 358.62 344.43 pylon
657.85 178.44 659.4 175.45 672.06 182.01 670.51 185.0 container
1106.31 670.97 1094.9 746.45 1059.68 741.12 1071.09 665.64 pylon
1202.37 185.82 1204.63 190.4 1191.8 196.71 1189.54 192.13 large_vehicle
563.84 416.23 561.1 458.69 538.66 457.23 541.4 414.77 pylon
446.44 551.52 466.07 559.69 463.78 565.19 444.15 557.02 large_vehicle
1070.8 94.31 1088.32 104.26 1086.42 107.6 1068.9 97.65 large_vehicle
1091.29 248.01 1103.3 255.42 1100.49 259.96 1088.48 252.55 large_vehicle
430.37 535.16 446.12 536.65 445.6 542.24 429.85 540.75 container
646.57 160.79 650.37 160.85 650.22 170.84 646.42 170.78 container
1069.99 97.03 1087.64 106.69 1085.66 110.32 1068.01 100.66 large_vehicle
432.55 526.78 451.72 537.5 449.22 541.96 430.05 531.24 large_vehicle
429.48 518.99 443.43 526.63 440.43 532.1 426.48 524.46 large_vehicle
1084.14 141.35 1101.34 141.65 1101.25 146.73 1084.05 146.43 large_vehicle
1073.02 56.32 1078.03 54.51 1083.09 68.49 1078.08 70.3 large_vehicle
1071.88 104.19 1090.42 114.34 1088.41 118.0 1069.87 107.85 large_vehicle
456.14 568.42 460.65 568.19 461.37 582.47 456.86 582.7 container
1173.21 228.22 1177.42 228.01 1178.19 243.69 1173.98 243.9 large_vehicle
658.48 181.44 659.52 179.43 672.19 185.99 671.15 188.0 container
432.62 545.55 445.48 551.55 442.88 557.13 430.02 551.13 container
832.98 84.98 836.87 84.62 837.51 91.68 833.62 92.04 medium_vehicle
