1127.29 78.95 1131.34 76.98 1139.18 93.13 1135.13 95.1 large_vehicle
1117.66 28.48 1121.08 27.61 1123.46 37.01 1120.04 37.88 container
465.4 979.87 489.42 981.85 485.71 1027.05 461.69 1025.07 pylon
1117.71 21.62 1121.4 20.33 1125.74 32.72 1122.05 34.01 container
1109.94 21.68 1114.28 20.58 1118.38 36.77 1114.04 37.87 large_vehicle
1135.49 94.36 1139.66 93.31 1143.8 109.69 1139.63 110.74 large_vehicle
956.35 1233.77 961.22 1234.2 957.06 1280.82 952.19 1280.39 pylon
123.29 826.17 156.6 829.15 151.05 891.31 117.74 888.33 pylon
606.88 1084.26 644.14 1087.58 638.56 1150.11 601.3 1146.79 pylon
1128.93 94.27 1133.34 92.95 1137.68 107.53 1133.27 108.85 large_vehicle
1132.65 92.91 1136.65 91.9 1140.85 108.48 1136.85 109.49 large_vehicle
30.79 729.09 38.8 739.72 0.09 768.9 -7.91 758.27 pylon
1120.64 86.76 1125.5 85.53 1128.1 95.8 1123.24 97.03 large_vehicle
1123.56 92.2 1128.33 90.53 1132.73 103.09 1127.96 104.76 container
