228.77 1087.26 240.4 1083.53 253.66 1124.82 242.03 1128.55 pylon
444.69 725.01 455.42 720.65 471.14 759.36 460.41 763.72 pylon
50.95 1040.04 64.33 1035.74 78.8 1080.81 65.42 1085.11 pylon
153.96 876.24 174.33 869.7 188.27 913.12 167.9 919.66 pylon
1203.64 471.28 1213.97 467.09 1230.86 508.66 1220.53 512.85 pylon
807.07 649.65 823.29 643.06 840.17 684.63 823.95 691.22 pylon
768.71 554.41 778.76 550.32 794.83 589.91 784.78 594.0 pylon
1102.83 374.36 1113.79 369.91 1131.07 412.45 1120.11 416.9 pylon
523.51 863.62 536.07 858.52 552.42 898.79 539.86 903.89 pylon
623.82 721.55 629.3 718.8 630.88 721.95 625.4 724.7 small_vehicle
