242.95 1046.23 246.36 1051.06 243.17 1053.31 239.76 1048.48 small_vehicle
237.54 1048.55 242.41 1052.27 240.04 1055.37 235.17 1051.65 small_vehicle
1011.08 1021.87 1020.12 1018.75 1034.05 1059.19 1025.01 1062.31 pylon
221.36 1059.81 226.22 1063.52 223.85 1066.62 218.99 1062.91 small_vehicle
1128.99 660.48 1139.73 656.78 1154.52 699.75 1143.78 703.45 pylon
942.07 807.5 950.54 804.59 962.65 839.76 954.18 842.67 pylon
284.23 1025.18 285.8 1031.03 282.13 1032.01 280.56 1026.16 small_vehicle
267.12 1035.62 270.46 1040.36 267.35 1042.55 264.01 1037.81 small_vehicle
257.45 1040.09 259.57 1043.65 256.31 1045.6 254.19 1042.04 small_vehicle
843.96 524.84 861.35 518.85 875.0 558.51 857.61 564.5 pylon
1177.89 2.75 1189.61 -1.74 1204.53 37.11 1192.81 41.61 pylon
1023.74 241.24 1037.47 236.51 1052.27 279.47 1038.54 284.2 pylon
1234.71 842.19 1244.29 838.89 1258.95 881.45 1249.37 884.75 pylon
95.76 1204.43 105.29 1207.47 103.56 1212.9 94.03 1209.86 medium_vehicle
228.7 1055.13 232.33 1059.49 229.32 1061.99 225.69 1057.63 small_vehicle
234.77 1051.23 238.4 1055.58 235.41 1058.08 231.78 1053.73 small_vehicle
1117.97 258.62 1130.89 254.17 1145.23 295.82 1132.31 300.27 pylon
1211.21 32.0 1229.78 24.88 1245.37 65.49 1226.8 72.61 pylon
1022.91 480.52 1037.06 475.65 1051.85 518.61 1037.7 523.48 pylon
261.54 1037.94 264.31 1042.58 261.05 1044.53 258.28 1039.89 small_vehicle
