186.97 235.5 190.35 230.87 193.67 233.3 190.29 237.93 small_vehicle
157.03 282.18 160.68 276.92 164.06 279.26 160.41 284.52 small_vehicle
38.25 978.11 44.26 984.01 41.02 987.31 35.01 981.41 medium_vehicle
103.57 345.1 107.22 339.84 110.6 342.18 106.95 347.44 small_vehicle
164.46 782.22 170.07 785.88 167.21 790.27 161.6 786.61 small_vehicle
302.29 113.2 306.63 107.26 309.81 109.58 305.47 115.52 small_vehicle
68.34 411.16 72.8 404.72 76.18 407.07 71.72 413.51 small_vehicle
41.13 973.01 47.76 979.52 43.87 983.47 37.24 976.96 medium_vehicle
259.5 173.23 263.32 168.01 266.33 170.21 262.51 175.43 small_vehicle
104.51 363.84 108.31 358.34 111.69 360.68 107.89 366.18 small_vehicle
513.09 1061.24 520.16 1068.17 515.66 1072.75 508.59 1065.82 medium_vehicle
44.56 969.18 52.86 976.22 49.02 980.74 40.72 973.7 medium_vehicle
5.91 470.78 10.02 464.85 13.41 467.19 9.3 473.12 small_vehicle
