238.92 264.39 243.82 265.7 242.91 269.09 238.01 267.78 small_vehicle
54.14 254.88 61.23 255.01 61.16 258.96 54.07 258.83 small_vehicle
54.87 249.72 61.76 248.83 62.31 253.12 55.42 254.01 small_vehicle
224.76 283.3 232.13 283.75 231.91 287.42 224.54 286.97 small_vehicle
167.89 138.36 179.89 135.59 181.42 142.19 169.42 144.96 large_vehicle
1177.98 249.13 1187.33 246.43 1197.91 283.09 1188.56 285.79 pylon
1104.45 28.83 1115.96 25.51 1127.32 64.86 1115.81 68.18 pylon
208.08 286.82 217.06 277.99 221.02 282.03 212.04 290.86 large_vehicle
39.92 346.09 43.66 350.85 40.72 353.17 36.98 348.41 small_vehicle
111.82 309.22 112.12 300.89 116.07 301.04 115.77 309.37 medium_vehicle
162.79 277.93 175.9 265.31 180.64 270.23 167.53 282.85 large_vehicle
1247.16 462.02 1256.31 459.38 1267.15 496.92 1258.0 499.56 pylon
