415.82 249.09 426.5 245.2 444.24 293.96 433.56 297.85 pylon
632.26 1027.33 641.93 1023.8 659.29 1071.5 649.62 1075.03 pylon
537.33 936.96 546.62 933.58 560.18 970.84 550.89 974.22 pylon
471.72 526.68 484.02 522.2 498.9 563.08 486.6 567.56 pylon
338.92 325.39 349.91 322.44 360.24 360.99 349.25 363.94 pylon
605.12 1147.82 613.85 1144.64 627.48 1182.08 618.75 1185.26 pylon
410.66 546.4 420.18 542.93 433.34 579.09 423.82 582.56 pylon
705.92 1254.96 715.12 1252.04 726.4 1287.61 717.2 1290.53 pylon
253.75 64.51 265.34 61.4 275.34 98.74 263.75 101.85 pylon
546.83 758.44 557.7 754.75 572.92 799.47 562.05 803.16 pylon
475.15 746.4 484.44 743.02 498.0 780.28 488.71 783.66 pylon
