199.29 818.42 202.89 816.07 209.82 826.66 206.22 829.01 bus
174.48 885.51 177.61 881.81 188.93 891.38 185.8 895.08 bus
121.5 293.1 125.36 297.29 117.43 304.59 113.57 300.4 heavy_equipment
165.27 842.48 170.57 841.77 172.47 855.98 167.17 856.69 bus
129.1 222.17 129.01 215.79 146.97 215.53 147.06 221.91 bus
220.55 803.07 224.36 800.86 231.32 812.82 227.51 815.03 bus
169.96 815.76 173.96 813.21 181.93 825.73 177.93 828.28 bus
126.72 1155.15 130.3 1155.48 129.45 1164.84 125.87 1164.51 medium_vehicle
90.3 884.81 89.11 879.69 104.84 876.03 106.03 881.15 bus
175.98 934.97 177.35 939.47 168.2 942.25 166.83 937.75 medium_vehicle
199.98 840.24 196.52 835.37 211.63 824.63 215.09 829.5 bus
118.45 966.68 119.84 970.88 110.57 973.96 109.18 969.76 medium_vehicle
154.3 1164.07 158.04 1164.55 157.24 1170.72 153.5 1170.24 medium_vehicle
123.51 669.52 128.6 672.83 118.87 687.83 113.78 684.52 bus
395.21 1192.82 400.73 1194.67 395.3 1210.89 389.78 1209.04 bus
94.6 1146.59 98.3 1146.59 98.3 1155.09 94.6 1155.09 medium_vehicle
278.06 853.34 274.38 848.32 289.18 837.49 292.86 842.51 bus
165.29 938.26 166.83 942.71 158.23 945.7 156.69 941.25 medium_vehicle
236.01 790.72 239.7 788.06 247.77 799.24 244.08 801.9 bus
229.76 183.28 233.81 186.04 224.41 199.82 220.36 197.06 bus
90.6 1148.7 94.9 1148.7 94.9 1156.6 90.6 1156.6 medium_vehicle
238.27 812.52 235.47 808.78 244.97 801.67 247.77 805.41 large_vehicle
298.97 813.26 303.31 810.68 310.89 823.39 306.55 825.97 bus
164.74 819.94 168.89 817.66 176.12 830.86 171.97 833.14 bus
134.42 194.55 138.71 197.85 127.99 211.77 123.7 208.47 bus
139.12 1151.9 143.56 1152.49 142.27 1162.3 137.83 1161.71 medium_vehicle
159.02 375.23 158.99 379.23 150.35 379.16 150.38 375.16 medium_vehicle
68.4 960.14 72.18 964.11 59.37 976.27 55.59 972.3 bus
7.89 231.74 12.57 236.03 0.83 248.84 -3.84 244.55 bus
298.19 839.89 294.39 834.87 308.44 824.25 312.24 829.27 bus
183.38 828.05 187.62 826.25 193.05 839.04 188.81 840.84 bus
355.9 543.77 359.7 546.25 352.55 557.17 348.75 554.69 large_vehicle
177.44 877.18 180.78 873.58 190.4 882.53 187.06 886.13 bus
270.36 850.24 266.6 845.11 281.67 834.08 285.43 839.21 bus
162.87 920.22 163.63 925.85 147.13 928.08 146.37 922.45 bus
193.69 822.91 197.5 820.16 203.96 829.12 200.15 831.87 bus
210.61 811.33 214.23 808.72 220.52 817.44 216.9 820.05 bus
11.4 727.64 11.98 722.02 28.08 723.68 27.5 729.3 bus
65.52 670.06 69.2 672.32 64.21 680.44 60.53 678.18 medium_vehicle
83.78 669.13 88.09 671.73 79.82 685.38 75.51 682.78 bus
187.4 860.28 191.09 857.62 199.42 869.16 195.73 871.82 bus
188.97 824.43 194.22 822.82 198.45 836.56 193.2 838.17 bus
173.7 836.57 177.39 833.91 184.7 844.05 181.01 846.71 bus
205.12 951.26 209.2 950.12 211.37 957.91 207.29 959.05 medium_vehicle
232.34 184.67 236.94 187.47 228.36 201.57 223.76 198.77 bus
66.09 969.01 68.64 972.0 61.51 978.1 58.96 975.11 medium_vehicle
175.52 811.48 179.51 808.94 187.02 820.74 183.03 823.28 bus
12.42 805.42 14.95 801.73 21.3 806.08 18.77 809.77 medium_vehicle
75.45 886.78 71.4 882.2 86.23 869.12 90.28 873.7 bus
141.17 927.23 141.96 932.57 136.3 933.41 135.51 928.07 bus
190.06 944.52 194.41 941.75 202.56 954.54 198.21 957.31 bus
64.73 650.75 76.34 650.86 76.29 656.55 64.68 656.44 large_vehicle
186.9 886.57 190.47 882.34 200.77 891.05 197.2 895.28 bus
211.77 1103.91 213.23 1107.77 198.75 1113.21 197.29 1109.35 large_vehicle
260.27 865.46 256.48 860.94 270.52 849.16 274.31 853.68 bus
190.21 802.89 194.12 800.4 201.37 811.77 197.46 814.26 bus
159.09 823.11 163.53 820.88 170.21 834.18 165.77 836.41 bus
194.25 799.57 198.21 796.89 205.44 807.6 201.48 810.28 bus
86.37 1150.8 90.8 1150.8 90.8 1160.0 86.37 1160.0 medium_vehicle
20.11 829.56 26.8 829.85 26.08 846.23 19.39 845.94 bus
364.45 881.08 368.9 878.5 376.98 892.45 372.53 895.03 bus
178.68 832.41 182.36 830.25 188.75 841.14 185.07 843.3 bus
217.42 827.17 214.03 821.95 229.41 811.97 232.8 817.19 bus
143.2 948.08 145.39 954.22 132.67 958.75 130.48 952.61 bus
187.42 155.74 185.93 149.98 202.2 145.77 203.69 151.53 bus
196.28 874.63 200.09 872.14 207.76 883.89 203.95 886.38 bus
169.57 839.89 174.24 837.6 180.56 850.52 175.89 852.81 bus
185.26 951.58 186.54 956.52 177.33 958.9 176.05 953.96 medium_vehicle
147.73 875.92 149.12 870.02 163.94 873.49 162.55 879.39 bus
199.74 930.86 206.18 935.53 203.59 939.09 197.15 934.42 medium_vehicle
211.34 787.51 215.36 784.82 223.17 796.53 219.15 799.22 bus
145.52 982.22 149.46 985.14 139.68 998.3 135.74 995.38 large_vehicle
244.11 878.31 239.98 872.63 254.88 861.8 259.01 867.48 bus
239.94 171.13 244.74 173.91 236.88 187.47 232.08 184.69 bus
148.35 1172.67 155.83 1172.09 156.08 1175.31 148.6 1175.89 medium_vehicle
231.7 793.78 235.27 791.55 242.34 802.87 238.77 805.1 bus
359.05 866.05 363.51 863.95 370.08 877.91 365.62 880.01 bus
128.71 286.27 131.65 290.04 119.06 299.87 116.12 296.1 large_vehicle
48.94 977.4 53.5 982.61 39.07 995.24 34.51 990.03 bus
144.89 938.16 147.1 944.35 134.59 948.81 132.38 942.62 bus
218.09 150.57 218.3 144.81 234.1 145.39 233.89 151.15 bus
184.26 852.88 180.56 848.32 194.84 836.75 198.54 841.31 bus
24.22 811.29 28.0 809.22 31.68 815.96 27.9 818.03 medium_vehicle
84.05 939.84 87.49 942.79 81.21 950.13 77.77 947.18 medium_vehicle
156.12 941.51 157.49 946.03 148.67 948.71 147.3 944.19 medium_vehicle
204.4 941.13 208.15 940.41 209.69 948.46 205.94 949.18 medium_vehicle
89.4 669.46 94.43 672.73 85.03 687.21 80.0 683.94 bus
190.02 1111.26 191.98 1116.49 175.78 1122.58 173.82 1117.35 bus
147.26 1169.11 154.72 1168.53 154.96 1171.6 147.5 1172.18 medium_vehicle
239.74 784.91 243.73 781.61 252.33 792.04 248.34 795.34 bus
360.45 542.63 364.24 545.11 358.15 554.43 354.36 551.95 large_vehicle
182.0 861.18 185.69 858.52 194.36 870.54 190.67 873.2 bus
205.01 814.72 208.7 812.06 216.71 823.16 213.02 825.82 bus
106.61 669.91 111.6 673.16 102.08 687.82 97.09 684.57 bus
143.77 1148.36 148.27 1149.13 146.65 1158.61 142.15 1157.84 medium_vehicle
157.91 378.43 157.89 381.51 149.24 381.45 149.26 378.37 medium_vehicle
27.7 819.58 31.34 817.77 34.85 824.83 31.21 826.64 medium_vehicle
237.92 168.75 241.49 170.82 233.01 185.45 229.44 183.38 bus
156.6 381.38 156.58 385.04 147.75 384.98 147.77 381.32 medium_vehicle
226.05 797.79 229.59 795.18 238.16 806.81 234.62 809.42 bus
292.72 802.65 296.5 799.97 303.56 809.93 299.78 812.61 bus
210.36 903.12 206.05 897.61 220.81 886.08 225.12 891.59 bus
260.46 754.28 264.5 751.84 272.05 764.3 268.01 766.74 bus
286.44 794.43 290.44 791.6 296.41 800.04 292.41 802.87 bus
254.26 863.25 250.5 858.38 265.14 847.1 268.9 851.97 bus
160.93 371.82 160.91 376.05 151.85 375.99 151.87 371.76 medium_vehicle
226.03 890.39 222.01 884.9 237.07 873.88 241.09 879.37 bus
114.64 669.88 120.31 673.57 111.2 687.6 105.53 683.91 bus
73.74 222.35 84.15 221.59 84.43 225.41 74.02 226.17 medium_vehicle
167.75 363.01 167.72 367.66 157.83 367.59 157.86 362.94 medium_vehicle
153.92 825.35 158.49 823.32 164.17 836.16 159.6 838.19 bus
229.11 881.33 225.48 876.61 240.21 865.26 243.84 869.98 bus
