695.55 604.59 706.45 589.14 714.85 595.06 703.95 610.51 small_aircraft
1125.66 1087.42 1148.47 1087.73 1148.28 1101.05 1125.47 1100.74 small_aircraft
1165.82 1114.62 1191.29 1105.14 1195.47 1116.37 1170.0 1125.85 small_aircraft
889.95 1218.2 908.99 1205.97 914.99 1215.32 895.95 1227.55 small_aircraft
463.31 1151.5 485.33 1141.74 489.85 1151.95 467.83 1161.71 small_aircraft
1093.76 1093.82 1118.41 1094.72 1117.97 1106.73 1093.32 1105.83 small_aircraft
713.85 962.51 736.74 948.43 743.37 959.22 720.48 973.3 small_aircraft
5.95 1192.61 25.34 1179.83 31.36 1188.95 11.97 1201.73 small_aircraft
138.54 1103.66 156.93 1086.21 164.65 1094.35 146.26 1111.8 small_aircraft
203.74 988.69 225.12 974.96 230.86 983.91 209.48 997.64 small_aircraft
1007.14 1132.37 1032.25 1129.73 1033.6 1142.64 1008.49 1145.28 small_aircraft
493.14 690.59 514.41 676.3 521.42 686.72 500.15 701.01 small_aircraft
