976.94 171.38 976.67 163.31 980.33 163.19 980.6 171.26 medium_vehicle
380.91 380.67 390.67 375.1 392.8 378.84 383.04 384.41 large_vehicle
478.07 869.65 483.7 847.74 497.56 851.29 491.93 873.2 small_aircraft
53.9 649.9 66.09 649.9 66.09 655.5 53.9 655.5 large_vehicle
130.07 671.7 154.44 674.31 153.23 685.58 128.86 682.97 small_aircraft
438.05 597.93 449.33 604.13 444.89 612.2 433.61 606.0 small_aircraft
994.6 165.39 994.63 154.83 998.37 154.84 998.34 165.4 large_vehicle
981.14 169.16 980.82 159.57 985.05 159.43 985.37 169.02 medium_vehicle
1019.49 103.44 1037.02 100.89 1037.59 104.82 1020.06 107.37 large_vehicle
385.36 384.76 392.38 380.18 394.51 383.44 387.49 388.02 medium_vehicle
882.88 337.65 907.11 335.4 908.32 348.44 884.09 350.69 small_aircraft
381.32 892.54 385.48 870.68 400.48 873.54 396.32 895.4 small_aircraft
415.28 885.19 416.1 863.84 432.18 864.46 431.36 885.81 small_aircraft
415.77 592.65 430.55 592.54 430.6 599.05 415.82 599.16 small_aircraft
534.78 869.76 544.56 847.79 555.92 852.85 546.14 874.82 small_aircraft
987.79 167.31 988.78 157.42 992.04 157.75 991.05 167.64 medium_vehicle
1013.11 137.93 1019.24 129.58 1022.44 131.93 1016.31 140.28 medium_vehicle
