654.74 221.18 657.61 215.83 673.16 224.17 670.29 229.52 large_vehicle
687.38 205.75 690.49 199.96 704.54 207.5 701.43 213.29 medium_vehicle
647.01 194.07 650.46 187.63 664.92 195.38 661.47 201.82 medium_vehicle
231.27 103.52 234.29 97.16 250.14 104.69 247.12 111.05 medium_vehicle
567.17 176.72 570.55 170.42 587.25 179.38 583.87 185.68 large_vehicle
567.62 171.11 570.49 165.76 585.52 173.81 582.65 179.16 medium_vehicle
753.45 236.72 756.97 230.15 773.32 238.92 769.8 245.49 large_vehicle
133.76 89.22 140.75 88.86 142.03 113.23 135.04 113.59 heavy_equipment
184.76 130.66 187.54 136.13 174.52 142.73 171.74 137.26 medium_vehicle
669.13 196.55 672.24 190.76 687.35 198.87 684.24 204.66 medium_vehicle
159.08 12.61 163.01 6.77 176.55 15.87 172.62 21.71 medium_vehicle
