521.17 903.82 516.99 918.33 496.4 912.38 500.58 897.87 small_aircraft
1104.84 125.95 1114.37 116.68 1117.79 120.2 1108.26 129.47 medium_vehicle
1156.86 29.0 1165.24 19.32 1169.11 22.68 1160.73 32.36 medium_vehicle
-3.38 166.52 -0.03 158.91 18.31 167.0 14.96 174.61 bus
990.08 169.09 999.54 160.87 1002.94 164.79 993.48 173.01 medium_vehicle
552.98 786.8 537.38 827.22 488.84 808.49 504.44 768.07 small_aircraft
231.21 931.31 222.68 954.36 194.9 944.08 203.43 921.03 small_aircraft
257.01 597.94 245.92 603.28 238.15 587.14 249.24 581.8 small_aircraft
393.61 156.49 393.45 150.83 405.52 150.5 405.68 156.16 medium_vehicle
959.44 194.59 975.06 181.53 979.01 186.26 963.39 199.32 large_vehicle
349.04 24.57 353.15 18.7 365.55 27.38 361.44 33.25 medium_vehicle
380.8 47.41 385.17 42.28 396.63 52.03 392.26 57.16 medium_vehicle
901.12 383.36 904.05 379.0 913.84 385.58 910.91 389.94 medium_vehicle
257.07 879.59 238.44 929.96 185.94 910.54 204.57 860.17 small_aircraft
370.24 353.21 372.83 347.95 384.25 353.56 381.66 358.82 medium_vehicle
861.88 542.73 860.02 537.83 871.95 533.29 873.81 538.19 medium_vehicle
378.69 696.78 368.27 732.89 331.66 722.32 342.08 686.21 small_aircraft
744.33 389.83 742.18 383.78 769.31 374.12 771.46 380.17 large_vehicle
1079.6 412.07 1084.97 404.08 1088.9 406.72 1083.53 414.71 medium_vehicle
1037.87 131.84 1050.15 119.89 1054.38 124.24 1042.1 136.19 medium_vehicle
478.76 383.99 480.2 377.92 492.87 380.92 491.43 386.99 medium_vehicle
820.01 536.44 822.34 529.9 838.84 535.78 836.51 542.32 large_vehicle
388.03 169.33 387.98 163.22 402.45 163.09 402.5 169.2 medium_vehicle
231.56 847.51 225.79 867.5 208.36 862.47 214.13 842.48 small_aircraft
1123.1 107.71 1133.49 97.61 1137.08 101.3 1126.69 111.4 medium_vehicle
256.38 606.01 239.33 614.22 231.97 598.92 249.02 590.71 small_aircraft
813.66 359.2 810.9 354.04 836.28 340.43 839.04 345.59 large_vehicle
245.27 787.42 237.94 812.81 210.11 804.78 217.44 779.39 small_aircraft
484.64 1086.86 506.22 1090.32 503.28 1108.7 481.7 1105.24 small_aircraft
318.07 622.57 315.01 640.14 307.85 638.89 310.91 621.32 medium_vehicle
794.94 1138.05 861.62 1150.05 849.82 1215.65 783.14 1203.65 large_aircraft
711.98 823.48 715.47 816.98 731.86 825.77 728.37 832.27 heavy_equipment
476.23 82.08 479.1 77.68 489.01 84.14 486.14 88.54 medium_vehicle
224.82 1024.48 212.71 1057.2 177.76 1044.27 189.87 1011.55 small_aircraft
389.86 163.36 389.7 157.7 404.23 157.29 404.39 162.95 medium_vehicle
1101.7 9.9 1110.41 2.51 1113.67 6.35 1104.96 13.74 medium_vehicle
996.79 210.33 1007.18 200.29 1010.47 203.7 1000.08 213.74 medium_vehicle
1152.68 1047.76 1150.7 1064.19 1145.36 1063.55 1147.34 1047.12 medium_vehicle
1012.93 160.07 1023.59 150.81 1027.24 155.0 1016.58 164.26 medium_vehicle
985.9 95.06 994.37 90.35 996.42 94.03 987.95 98.74 medium_vehicle
1193.03 515.37 1190.61 509.09 1206.79 502.84 1209.21 509.12 heavy_equipment
702.58 401.69 700.39 394.05 728.4 386.02 730.59 393.66 large_vehicle
747.13 88.75 753.74 78.65 757.59 81.16 750.98 91.26 medium_vehicle
241.21 816.42 233.77 842.19 205.4 834.0 212.84 808.23 small_aircraft
