1223.02 454.91 1236.49 444.57 1239.89 449.01 1226.42 459.35 medium_vessel
1161.9 463.53 1180.64 470.06 1178.48 476.28 1159.74 469.75 medium_vessel
1188.99 502.67 1193.51 505.93 1185.69 516.76 1181.17 513.5 small_vessel
1141.88 459.35 1144.12 453.47 1158.4 458.93 1156.16 464.81 medium_vessel
1177.93 490.3 1181.82 494.99 1169.97 504.83 1166.08 500.14 small_vessel
1193.05 78.08 1195.48 72.48 1206.14 77.11 1203.71 82.71 medium_vehicle
1243.16 457.03 1232.13 468.25 1227.52 463.72 1238.55 452.5 medium_vehicle
1175.09 508.86 1186.24 490.08 1192.65 493.89 1181.5 512.67 medium_vessel
1176.39 482.22 1180.28 486.9 1164.41 500.08 1160.52 495.4 medium_vessel
1239.52 89.21 1241.75 84.08 1252.08 88.57 1249.85 93.7 medium_vehicle
1168.66 451.15 1183.39 459.35 1180.19 465.1 1165.46 456.9 medium_vessel
1216.93 441.9 1230.51 435.6 1233.47 441.99 1219.89 448.29 medium_vessel
1197.32 72.79 1199.37 68.09 1209.75 72.6 1207.7 77.3 medium_vehicle
1146.36 441.86 1148.53 437.82 1164.35 446.34 1162.18 450.38 medium_vessel
1133.23 470.17 1136.2 466.69 1145.04 474.25 1142.07 477.73 small_vessel
1149.11 454.8 1151.5 451.42 1160.74 457.93 1158.35 461.31 small_vessel
1143.69 447.58 1146.67 442.04 1162.49 450.55 1159.51 456.09 medium_vessel
1259.69 325.84 1277.08 325.75 1277.11 331.94 1259.72 332.03 medium_vessel
