772.39 749.05 779.77 742.5 789.55 753.52 782.17 760.07 large_vehicle
794.97 826.33 799.11 831.31 791.03 838.02 786.89 833.04 heavy_equipment
470.83 193.82 473.12 190.64 483.64 198.2 481.35 201.38 medium_vessel
823.72 856.73 827.68 861.5 816.48 870.8 812.52 866.03 heavy_equipment
556.86 260.51 558.29 258.34 563.57 261.82 562.14 263.99 small_vessel
475.31 573.8 477.47 572.04 482.71 578.47 480.55 580.23 small_vessel
869.84 911.55 873.08 907.75 879.43 913.17 876.19 916.97 heavy_equipment
1259.59 0.0 1279.5 0.0 1279.5 21.4 1259.59 21.4 large_aircraft
914.56 928.11 917.85 923.76 929.22 932.35 925.93 936.7 large_vehicle
1255.02 322.33 1264.09 330.29 1258.38 336.79 1249.31 328.83 small_aircraft
743.22 769.63 747.4 765.48 753.95 772.08 749.77 776.23 heavy_equipment
301.35 164.99 304.32 161.57 311.83 168.08 308.86 171.5 medium_vessel
