912.43 327.67 921.11 329.28 920.19 334.25 911.51 332.64 medium_vehicle
331.98 113.52 325.24 120.93 321.91 117.9 328.65 110.49 large_vehicle
874.17 197.47 883.56 197.75 883.42 202.44 874.03 202.16 medium_vehicle
190.51 644.75 195.77 638.5 198.65 640.93 193.39 647.18 medium_vehicle
277.48 234.82 298.04 215.18 327.3 245.8 306.74 265.44 large_aircraft
323.44 778.53 328.27 774.76 336.88 785.79 332.05 789.56 large_vehicle
998.96 142.47 1012.88 144.65 1011.92 150.73 998.0 148.55 bus
415.49 207.25 424.65 217.54 420.56 221.18 411.4 210.89 large_vehicle
194.04 650.22 200.14 642.79 203.58 645.61 197.48 653.04 container
716.59 597.6 720.03 596.8 721.83 604.51 718.39 605.31 medium_vehicle
877.57 206.43 886.58 206.76 886.41 211.47 877.4 211.14 medium_vehicle
943.41 412.49 952.62 412.92 952.4 417.42 943.19 416.99 medium_vehicle
615.82 1213.63 622.03 1218.9 619.03 1222.43 612.82 1217.16 medium_vehicle
1215.26 1153.1 1253.94 1134.57 1275.86 1180.31 1237.18 1198.84 large_aircraft
1239.59 759.87 1277.6 756.08 1282.01 800.27 1244.0 804.06 large_aircraft
327.99 920.36 331.5 916.66 340.92 925.6 337.41 929.3 large_vehicle
328.65 110.4 322.11 117.59 318.78 114.56 325.32 107.37 large_vehicle
225.44 831.84 235.47 822.56 238.82 826.17 228.79 835.45 large_vehicle
890.75 242.12 899.94 242.7 899.65 247.3 890.46 246.72 medium_vehicle
916.3 25.37 923.51 20.46 932.71 33.95 925.5 38.86 small_aircraft
885.67 228.54 894.77 228.86 894.61 233.46 885.51 233.14 medium_vehicle
937.77 362.65 946.17 362.54 946.22 366.63 937.82 366.74 medium_vehicle
897.94 258.22 906.68 259.37 906.03 264.28 897.29 263.13 medium_vehicle
983.94 978.08 989.11 975.02 996.31 987.19 991.14 990.25 large_vehicle
933.57 384.07 941.56 384.34 941.42 388.54 933.43 388.27 medium_vehicle
125.51 576.78 132.58 571.25 135.38 574.84 128.31 580.37 container
949.13 41.02 992.01 59.31 985.44 74.7 942.56 56.41 large_aircraft
1246.34 1262.73 1279.57 1261.28 1280.37 1279.55 1247.14 1281.0 large_aircraft
976.57 41.16 1002.12 34.5 1012.82 75.59 987.27 82.25 large_aircraft
1248.36 1138.01 1253.05 1134.89 1261.0 1146.81 1256.31 1149.93 large_vehicle
902.74 272.33 911.32 272.85 911.05 277.34 902.47 276.82 medium_vehicle
966.26 322.93 973.79 343.08 967.78 345.33 960.25 325.18 large_vehicle
234.52 188.25 254.99 168.69 288.82 204.09 268.35 223.65 large_aircraft
434.02 1057.7 439.61 1062.45 436.5 1066.11 430.91 1061.36 medium_vehicle
871.22 190.64 880.12 190.75 880.07 195.45 871.17 195.34 medium_vehicle
98.58 135.57 104.51 129.92 112.46 138.28 106.53 143.93 small_aircraft
931.62 347.71 939.72 348.98 939.03 353.4 930.93 352.13 medium_vehicle
900.19 300.06 909.58 300.56 909.24 306.91 899.85 306.41 medium_vehicle
999.58 157.22 1011.72 157.92 1011.37 164.15 999.23 163.45 large_vehicle
415.16 886.95 424.82 882.99 426.88 888.01 417.22 891.97 large_vehicle
1139.32 1040.38 1173.86 1023.83 1194.21 1066.31 1159.67 1082.86 large_aircraft
184.27 643.29 192.27 635.52 194.69 638.01 186.69 645.78 large_vehicle
998.58 151.86 1010.24 152.54 1009.95 157.59 998.29 156.91 large_vehicle
869.64 220.45 878.75 220.42 878.76 225.03 869.65 225.06 medium_vehicle
420.38 206.97 426.94 213.47 423.52 216.93 416.96 210.43 large_vehicle
635.18 1235.61 641.43 1240.91 638.66 1244.18 632.41 1238.88 medium_vehicle
1012.91 155.36 1025.57 156.56 1025.0 162.58 1012.34 161.38 large_vehicle
917.57 347.33 926.47 347.6 926.32 352.73 917.42 352.46 medium_vehicle
131.95 602.55 139.13 594.09 143.34 597.67 136.16 606.13 large_vehicle
106.12 727.57 111.04 733.23 108.13 735.75 103.21 730.09 medium_vehicle
871.24 225.25 881.39 225.22 881.4 229.88 871.25 229.91 medium_vehicle
1004.58 1015.08 1039.17 990.68 1088.57 1060.71 1053.98 1085.11 large_aircraft
995.76 126.39 1007.45 126.62 1007.34 132.36 995.65 132.13 large_vehicle
128.73 73.3 151.12 55.62 182.31 95.11 159.92 112.79 large_aircraft
747.23 717.15 753.18 711.49 765.4 724.33 759.45 729.99 small_aircraft
899.8 265.12 909.19 265.89 908.81 270.48 899.42 269.71 medium_vehicle
15.9 512.11 20.15 508.48 29.02 518.86 24.77 522.49 large_vehicle
677.55 590.93 688.23 590.67 688.53 602.96 677.85 603.22 small_aircraft
