1146.24 261.68 1150.9 256.67 1172.21 276.48 1167.55 281.49 large_vehicle
851.23 548.46 856.8 548.33 857.19 565.28 851.62 565.41 container
1179.26 159.85 1184.98 155.5 1201.74 177.51 1196.02 181.86 large_vehicle
1062.31 19.06 1068.72 21.87 1055.84 51.23 1049.43 48.42 double_trailer_truck
1000.1 157.42 1007.35 165.94 985.5 184.54 978.25 176.02 large_vehicle
1081.0 52.14 1086.34 56.67 1075.77 69.13 1070.43 64.6 container
948.62 94.92 955.56 89.87 976.35 118.49 969.41 123.54 double_trailer_truck
1043.64 73.97 1047.84 79.57 1034.05 89.92 1029.85 84.32 medium_vehicle
1247.81 177.33 1244.88 171.12 1259.44 164.24 1262.37 170.45 medium_vehicle
924.41 309.42 922.07 304.42 930.74 300.36 933.08 305.36 medium_vehicle
918.12 308.58 916.55 306.44 926.28 299.29 927.85 301.43 medium_vehicle
944.2 74.53 949.27 70.71 969.96 98.17 964.89 101.99 double_trailer_truck
1122.15 50.18 1126.67 57.49 1097.26 75.65 1092.74 68.34 double_trailer_truck
504.74 1236.32 522.09 1240.26 520.06 1249.18 502.71 1245.24 heavy_equipment
690.25 669.14 695.8 669.63 694.77 681.31 689.22 680.82 medium_vehicle
1129.19 57.87 1133.17 65.48 1101.87 81.84 1097.89 74.23 double_trailer_truck
919.9 82.2 925.79 78.4 945.0 108.2 939.11 112.0 double_trailer_truck
1067.14 87.27 1070.8 94.47 1054.98 102.5 1051.32 95.3 container
1118.86 105.26 1114.27 111.51 1083.89 89.2 1088.48 82.95 double_trailer_truck
-3.33 597.78 2.72 596.13 9.43 620.85 3.37 622.5 large_vehicle
845.2 551.56 850.76 551.43 851.1 566.47 845.54 566.6 container
84.12 151.96 88.53 151.8 89.02 165.86 84.61 166.02 medium_vehicle
1151.24 257.87 1155.89 252.87 1177.28 272.75 1172.63 277.75 large_vehicle
1036.86 151.6 1038.79 159.16 1009.28 166.68 1007.35 159.12 large_vehicle
909.23 30.5 914.67 26.28 936.77 54.77 931.33 58.99 double_trailer_truck
1135.9 60.54 1141.03 66.8 1114.95 88.14 1109.82 81.88 double_trailer_truck
6.0 909.1 22.0 909.1 22.0 917.1 6.0 917.1 heavy_equipment
830.62 294.59 830.36 288.66 844.41 288.05 844.67 293.98 medium_vehicle
1045.26 112.27 1041.85 105.01 1073.89 90.0 1077.3 97.26 double_trailer_truck
1057.37 112.24 1054.96 104.58 1087.29 94.45 1089.7 102.11 double_trailer_truck
857.84 547.03 863.4 546.76 864.22 563.56 858.66 563.83 container
800.68 255.98 806.67 255.35 809.56 282.81 803.57 283.44 large_vehicle
443.72 1247.01 462.13 1247.18 462.06 1254.16 443.65 1253.99 container
1123.6 99.86 1118.66 106.87 1088.06 85.29 1093.0 78.28 double_trailer_truck
1067.6 41.16 1073.35 44.98 1064.69 58.02 1058.94 54.2 container
