454.3 51.41 454.95 43.07 483.19 45.29 482.54 53.63 large_vehicle
556.77 20.88 563.11 23.51 550.5 53.8 544.16 51.17 double_trailer_truck
913.5 484.35 922.66 472.96 947.47 492.91 938.31 504.3 double_trailer_truck
501.17 -1.09 514.46 2.59 506.58 30.99 493.29 27.3 double_trailer_truck
836.98 159.18 838.54 151.31 874.38 158.41 872.82 166.28 double_trailer_truck
752.49 500.11 747.02 501.55 741.12 479.2 746.59 477.76 container
506.18 84.85 507.0 76.14 535.06 78.8 534.24 87.51 large_vehicle
729.65 136.38 731.06 128.69 768.36 135.54 766.95 143.23 double_trailer_truck
556.28 98.19 557.77 90.11 585.49 95.2 584.0 103.28 large_vehicle
597.19 24.82 603.04 27.07 591.01 58.23 585.16 55.98 double_trailer_truck
450.68 59.16 450.82 52.1 487.31 52.87 487.17 59.93 double_trailer_truck
620.8 113.41 622.47 105.36 650.59 111.19 648.92 119.24 large_vehicle
869.86 496.69 867.97 489.03 895.62 482.18 897.51 489.84 large_vehicle
475.1 17.7 491.21 19.08 488.98 45.04 472.87 43.66 double_trailer_truck
659.5 121.06 660.83 113.84 698.71 120.8 697.38 128.02 double_trailer_truck
567.97 23.13 574.08 25.38 562.55 56.72 556.44 54.47 double_trailer_truck
608.91 28.49 615.88 30.29 607.52 62.62 600.55 60.82 double_trailer_truck
931.17 356.11 931.88 348.91 968.81 352.53 968.1 359.73 double_trailer_truck
627.2 497.72 624.93 471.68 635.05 470.79 637.32 496.83 medium_vessel
469.08 78.76 472.44 70.64 498.73 81.53 495.37 89.65 large_vehicle
945.17 379.18 947.6 368.86 973.78 375.0 971.35 385.32 large_vehicle
942.1 330.11 949.96 323.65 970.82 349.04 962.96 355.5 double_trailer_truck
439.05 65.54 440.62 57.7 476.2 64.81 474.63 72.65 double_trailer_truck
933.72 442.1 934.24 427.92 966.04 429.09 965.52 443.27 double_trailer_truck
529.84 657.07 530.69 649.57 542.8 650.95 541.95 658.45 container
952.25 300.31 959.16 298.16 968.78 329.07 961.87 331.22 double_trailer_truck
