237.07 1034.99 242.27 1033.91 244.27 1043.45 239.07 1044.53 large_vehicle
938.93 371.69 985.73 422.42 967.42 439.31 920.62 388.58 large_aircraft
98.45 763.18 102.8 757.66 113.61 766.16 109.26 771.68 heavy_equipment
582.37 192.25 627.89 206.43 617.96 238.29 572.44 224.11 large_aircraft
762.77 674.58 765.67 670.31 773.82 675.85 770.92 680.12 large_vehicle
230.31 984.04 234.86 983.3 236.69 994.61 232.14 995.35 large_vehicle
240.8 1055.11 246.0 1054.2 247.81 1064.56 242.61 1065.47 large_vehicle
1071.22 347.61 1112.13 374.38 1097.54 396.68 1056.63 369.91 large_aircraft
1105.41 15.88 1108.37 11.53 1116.9 17.32 1113.94 21.67 medium_vehicle
226.55 984.31 230.64 983.42 232.71 992.94 228.62 993.83 large_vehicle
562.87 40.87 628.49 83.65 603.37 122.19 537.75 79.41 large_aircraft
122.04 686.23 126.76 688.14 123.64 695.85 118.92 693.94 medium_vehicle
816.36 713.63 819.84 708.73 834.08 718.84 830.6 723.74 large_vehicle
1014.19 182.37 1078.23 240.44 1050.96 270.52 986.92 212.45 large_aircraft
693.61 180.73 743.93 214.54 727.22 239.4 676.9 205.59 large_aircraft
122.85 639.44 126.02 633.16 138.29 639.36 135.12 645.64 heavy_equipment
