531.61 187.32 538.62 184.94 545.34 204.67 538.33 207.05 medium_vessel
844.57 542.3 852.46 536.63 865.18 554.33 857.29 560.0 heavy_equipment
783.82 474.17 790.17 469.61 799.17 482.13 792.82 486.69 heavy_equipment
775.86 443.38 782.21 438.82 793.35 454.32 787.0 458.88 large_vehicle
788.96 450.22 795.66 445.19 807.01 460.3 800.31 465.33 large_vehicle
879.42 608.59 890.03 600.96 910.52 629.47 899.91 637.1 heavy_equipment
793.37 469.5 799.72 464.94 810.8 480.36 804.45 484.92 large_vehicle
567.65 709.36 574.36 710.21 571.9 729.64 565.19 728.79 medium_vessel
555.42 309.2 562.29 314.71 547.43 333.26 540.56 327.75 heavy_equipment
545.73 174.74 551.91 172.24 559.09 190.02 552.91 192.52 medium_vessel
650.12 315.71 659.55 308.94 675.94 331.76 666.51 338.53 heavy_equipment
