1236.15 736.11 1234.49 730.18 1253.14 724.93 1254.8 730.86 large_vehicle
198.47 862.02 226.19 915.27 183.04 937.73 155.32 884.48 large_aircraft
275.98 826.37 290.07 852.65 270.77 863.0 256.68 836.72 small_aircraft
356.84 782.59 384.64 834.43 342.93 856.79 315.13 804.95 large_aircraft
938.83 925.83 944.96 923.82 949.23 936.82 943.1 938.83 medium_vehicle
536.89 673.81 524.37 669.27 530.8 651.5 543.32 656.04 small_aircraft
457.46 48.8 462.68 53.36 451.48 66.15 446.26 61.59 medium_vehicle
884.48 521.27 886.66 516.78 896.64 521.63 894.46 526.12 medium_vehicle
452.3 1072.39 466.29 1058.54 476.7 1069.06 462.71 1082.91 small_aircraft
598.11 109.39 602.74 106.98 608.36 117.75 603.73 120.16 medium_vehicle
494.44 691.68 518.03 741.12 481.63 758.48 458.04 709.04 large_aircraft
530.46 996.24 555.61 1048.97 511.23 1070.13 486.08 1017.4 large_aircraft
254.95 821.74 291.73 892.39 236.73 921.01 199.95 850.36 large_aircraft
356.2 1158.42 365.42 1173.01 348.75 1183.56 339.53 1168.97 small_aircraft
187.91 112.73 190.03 118.9 173.31 124.66 171.19 118.49 medium_vehicle
532.31 674.7 512.39 670.21 515.52 656.31 535.44 660.8 small_aircraft
381.25 1135.84 394.33 1157.37 380.35 1165.87 367.27 1144.34 small_aircraft
358.97 1082.24 377.16 1120.39 346.54 1134.99 328.35 1096.84 small_aircraft
1027.78 894.54 1031.3 887.9 1044.87 895.08 1041.35 901.72 medium_vehicle
415.11 112.68 418.26 117.97 403.8 126.59 400.65 121.3 medium_vehicle
537.21 783.27 562.89 837.11 518.72 858.18 493.04 804.34 large_aircraft
306.89 796.69 334.69 848.54 303.58 865.22 275.78 813.37 large_aircraft
298.48 830.67 324.28 878.79 293.17 895.48 267.37 847.36 large_aircraft
45.48 142.9 51.91 138.97 61.5 154.69 55.07 158.62 medium_vehicle
1010.93 1124.75 1015.27 1121.01 1022.71 1129.62 1018.37 1133.36 medium_vehicle
317.53 1168.58 327.52 1187.53 315.46 1193.89 305.47 1174.94 small_aircraft
1145.71 725.95 1151.81 724.21 1155.6 737.49 1149.5 739.23 medium_vehicle
361.11 763.89 375.27 790.29 353.26 802.09 339.1 775.69 small_aircraft
1136.24 823.2 1142.96 821.86 1145.5 834.59 1138.78 835.93 medium_vehicle
443.83 62.5 447.72 67.75 433.88 78.03 429.99 72.78 medium_vehicle
384.12 749.37 398.48 776.15 376.47 787.95 362.11 761.17 small_aircraft
370.98 1121.64 379.04 1138.54 366.47 1144.53 358.41 1127.63 small_aircraft
581.13 1020.13 596.77 1008.39 606.65 1021.56 591.01 1033.3 small_aircraft
1112.7 1040.33 1122.03 1042.08 1116.22 1073.16 1106.89 1071.41 large_vehicle
446.23 714.09 481.02 787.02 427.86 812.38 393.07 739.45 large_aircraft
1019.43 484.99 1026.15 483.65 1028.69 496.38 1021.97 497.72 medium_vehicle
466.27 -0.01 473.42 -1.89 476.75 10.8 469.6 12.68 medium_vehicle
998.37 1023.79 1004.81 1023.7 1004.98 1036.25 998.54 1036.34 medium_vehicle
1011.99 368.7 1018.64 367.01 1023.13 384.62 1016.48 386.31 medium_vehicle
1203.54 938.25 1205.82 931.33 1223.74 937.22 1221.46 944.14 medium_vehicle
1246.73 740.94 1245.57 734.89 1258.86 732.36 1260.02 738.41 medium_vehicle
1156.4 844.71 1164.63 840.85 1178.14 869.67 1169.91 873.53 large_vehicle
815.7 508.86 821.2 505.5 826.99 514.95 821.49 518.31 medium_vehicle
388.88 41.03 391.01 47.21 374.28 52.97 372.15 46.79 medium_vehicle
1263.12 969.42 1264.21 963.11 1277.77 965.45 1276.68 971.76 medium_vehicle
