1274.09 808.04 1278.53 805.9 1284.72 818.76 1280.28 820.9 medium_vessel
1233.48 225.36 1239.32 227.18 1234.29 243.33 1228.45 241.51 medium_vessel
1260.82 820.56 1264.75 814.81 1279.31 824.78 1275.38 830.53 medium_vessel
1119.91 214.67 1112.68 214.64 1112.81 191.5 1120.04 191.53 medium_vessel
1272.58 1001.43 1277.71 1002.2 1275.82 1014.65 1270.69 1013.88 small_vessel
1187.92 136.29 1193.1 136.3 1193.07 148.1 1187.89 148.09 small_vessel
1248.83 996.7 1251.93 998.91 1245.07 1008.49 1241.97 1006.28 small_vessel
1227.86 588.13 1229.97 582.55 1242.66 587.35 1240.55 592.93 small_vessel
1254.9 987.64 1255.37 995.29 1235.43 996.51 1234.96 988.86 medium_vessel
1053.76 120.36 1057.74 117.35 1067.38 130.08 1063.4 133.09 medium_vessel
1262.8 804.72 1270.78 800.88 1281.09 822.3 1273.11 826.14 medium_vessel
238.93 639.54 241.04 634.02 254.23 639.05 252.12 644.57 small_vessel
1219.42 907.47 1223.36 907.4 1223.51 917.15 1219.57 917.22 small_vessel
1075.17 177.3 1076.54 182.65 1062.74 186.17 1061.37 180.82 medium_vessel
1265.69 840.72 1268.28 844.1 1260.5 850.05 1257.91 846.67 small_vessel
1071.54 105.07 1076.3 102.39 1084.61 117.19 1079.85 119.87 medium_vessel
1053.39 107.0 1058.28 106.69 1059.0 117.93 1054.11 118.24 small_vessel
1276.98 984.73 1280.0 984.68 1280.19 995.29 1277.17 995.34 small_vessel
1064.76 131.16 1069.1 129.3 1074.29 141.42 1069.95 143.28 small_vessel
1273.94 846.45 1276.4 849.94 1266.26 857.07 1263.8 853.58 small_vessel
1270.02 980.8 1274.1 981.0 1273.48 993.59 1269.4 993.39 small_vessel
1075.3 99.07 1080.27 96.83 1088.04 114.04 1083.07 116.28 medium_vessel
1274.19 875.84 1266.48 871.92 1278.07 849.06 1285.78 852.98 medium_vessel
1153.72 124.53 1153.6 130.46 1140.06 130.18 1140.18 124.25 medium_vehicle
1166.81 875.47 1171.22 876.68 1168.41 886.89 1164.0 885.68 small_vessel
1081.69 120.35 1086.6 117.95 1094.26 133.64 1089.35 136.04 medium_vessel
1257.07 997.77 1260.51 999.42 1256.37 1008.06 1252.93 1006.41 small_vessel
1080.04 96.64 1085.08 94.56 1092.27 112.0 1087.23 114.08 medium_vessel
1128.32 206.83 1122.69 208.61 1117.35 191.78 1122.98 190.0 medium_vessel
1262.74 995.95 1267.12 998.19 1259.89 1012.33 1255.51 1010.09 medium_vessel
1071.35 119.59 1077.34 117.66 1083.33 136.22 1077.34 138.15 medium_vessel
1262.53 978.37 1266.62 978.65 1265.78 990.72 1261.69 990.44 small_vessel
1255.19 995.69 1259.72 999.17 1248.57 1013.7 1244.04 1010.22 medium_vessel
1250.67 965.65 1257.72 963.91 1263.68 987.97 1256.63 989.71 medium_vessel
1090.8 26.17 1098.49 30.04 1091.5 43.93 1083.81 40.06 medium_vessel
932.03 252.42 941.82 251.85 943.19 275.62 933.4 276.19 heavy_equipment
1267.71 1000.18 1272.84 1000.96 1270.87 1014.02 1265.74 1013.24 small_vessel
1088.1 193.82 1092.75 190.76 1103.06 206.45 1098.41 209.51 medium_vessel
1256.9 825.71 1261.47 819.04 1276.59 829.39 1272.02 836.06 medium_vessel
1266.12 977.8 1270.2 978.0 1269.5 992.29 1265.42 992.09 medium_vessel
1261.77 838.47 1264.26 833.99 1274.34 839.6 1271.85 844.08 small_vessel
1099.19 194.62 1104.04 191.89 1110.59 203.51 1105.74 206.24 small_vessel
1264.57 999.44 1269.56 1000.87 1265.91 1013.56 1260.92 1012.13 small_vessel
