804.86 1035.88 813.51 1032.42 820.29 1049.35 811.64 1052.81 medium_vehicle
1017.22 149.52 1023.87 146.78 1030.61 163.13 1023.96 165.87 heavy_equipment
1035.44 121.78 1042.95 121.66 1043.23 139.43 1035.72 139.55 heavy_equipment
423.6 305.92 420.66 312.41 405.3 305.44 408.24 298.95 medium_vehicle
1019.91 319.72 1026.7 315.22 1037.89 332.12 1031.1 336.62 heavy_equipment
823.12 735.76 818.14 740.13 807.24 727.68 812.22 723.31 medium_vehicle
274.42 6.27 280.34 10.5 269.87 25.11 263.95 20.88 heavy_equipment
1011.04 45.14 1017.45 43.36 1023.52 65.25 1017.11 67.03 medium_vehicle
308.53 168.24 301.95 172.06 295.17 160.36 301.75 156.54 heavy_equipment
1037.87 617.68 1046.08 618.49 1044.37 635.87 1036.16 635.06 medium_vehicle
420.82 320.29 417.42 325.61 402.47 316.05 405.87 310.73 medium_vehicle
780.73 1085.95 787.12 1081.88 796.22 1096.16 789.83 1100.23 heavy_equipment
1036.49 64.15 1042.62 63.13 1044.91 76.8 1038.78 77.82 heavy_equipment
802.74 1076.56 809.92 1075.78 811.87 1093.68 804.69 1094.46 medium_vehicle
797.68 1047.51 803.41 1044.54 809.39 1056.08 803.66 1059.05 medium_vehicle
999.07 89.97 1006.22 87.54 1012.15 104.95 1005.0 107.38 medium_vehicle
1004.41 826.74 1011.67 827.06 1010.91 844.54 1003.65 844.22 medium_vehicle
1024.24 64.58 1032.67 64.15 1033.5 80.54 1025.07 80.97 medium_vehicle
908.39 983.38 915.28 985.6 909.98 1001.99 903.09 999.77 medium_vehicle
965.26 959.19 974.62 960.04 973.23 975.3 963.87 974.45 heavy_equipment
1068.25 123.39 1080.47 123.2 1080.56 128.64 1068.34 128.83 medium_vehicle
1085.31 982.49 1092.95 982.2 1093.67 1000.79 1086.03 1001.08 large_vehicle
