251.17 95.25 259.34 107.83 241.36 119.5 233.19 106.92 small_aircraft
1218.11 603.52 1203.72 671.77 1141.39 658.63 1155.78 590.38 large_aircraft
1135.58 587.83 1121.19 656.08 1058.74 642.92 1073.13 574.67 large_aircraft
208.17 283.82 238.1 288.35 234.11 314.74 204.18 310.21 small_aircraft
223.92 304.03 239.97 306.46 237.09 325.49 221.04 323.06 small_aircraft
632.91 488.29 702.01 498.24 692.81 562.07 623.71 552.12 large_aircraft
1148.27 350.71 1154.55 351.41 1152.54 369.63 1146.26 368.93 medium_vehicle
1091.0 541.07 1084.53 590.25 970.74 575.27 977.21 526.09 large_aircraft
189.55 426.54 219.07 431.01 215.36 455.52 185.84 451.05 small_aircraft
992.09 550.41 959.95 655.52 853.33 622.93 885.47 517.82 large_aircraft
207.38 345.9 224.22 348.45 220.75 371.39 203.91 368.84 small_aircraft
609.85 555.62 678.94 560.94 674.03 624.72 604.94 619.4 large_aircraft
203.4 312.75 232.99 317.23 228.83 344.72 199.24 340.24 small_aircraft
240.72 89.77 254.65 84.54 260.51 100.12 246.58 105.35 small_aircraft
889.6 533.16 860.3 598.65 802.51 572.8 831.81 507.31 large_aircraft
1154.37 351.31 1160.65 352.01 1158.64 370.23 1152.36 369.53 medium_vehicle
1145.36 370.8 1151.65 371.33 1150.12 389.6 1143.83 389.07 medium_vehicle
