1150.98 254.19 1148.09 258.9 1128.22 246.67 1131.11 241.96 medium_vessel
1160.75 314.43 1165.93 317.8 1150.12 342.16 1144.94 338.79 medium_vessel
1125.21 265.34 1122.69 270.26 1109.35 263.41 1111.87 258.49 medium_vessel
1132.05 259.32 1128.78 266.29 1107.58 256.32 1110.85 249.35 medium_vessel
1105.4 279.28 1102.0 284.44 1088.97 275.85 1092.37 270.69 medium_vessel
1270.8 336.07 1266.67 338.0 1262.83 329.81 1266.96 327.88 small_vessel
1105.51 234.15 1111.84 236.07 1106.85 252.5 1100.52 250.58 medium_vessel
1154.08 250.12 1151.55 255.04 1141.24 249.74 1143.77 244.82 small_vessel
1108.67 271.85 1104.11 275.26 1095.13 263.25 1099.69 259.84 medium_vessel
1105.03 284.87 1102.13 290.82 1085.6 282.76 1088.5 276.81 medium_vessel
1124.47 276.08 1121.25 281.94 1107.23 274.23 1110.45 268.37 medium_vessel
1160.13 328.63 1164.62 332.88 1151.74 346.45 1147.25 342.2 medium_vessel
1114.07 236.38 1118.99 240.07 1108.67 253.81 1103.75 250.12 medium_vessel
1182.38 663.65 1184.37 667.94 1176.16 671.75 1174.17 667.46 small_vessel
1155.99 245.18 1153.69 249.68 1143.55 244.47 1145.85 239.97 small_vessel
1275.68 311.31 1273.35 314.4 1266.56 309.27 1268.89 306.18 small_vessel
1158.88 330.28 1165.0 331.14 1162.59 348.3 1156.47 347.44 medium_vessel
