600.24 822.28 646.12 831.95 605.29 1025.69 559.41 1016.02 large_vessel
806.62 128.22 830.76 105.7 835.63 110.93 811.49 133.45 large_vehicle
873.69 123.9 898.09 103.29 903.12 109.25 878.72 129.86 large_vehicle
28.32 652.2 60.51 676.02 0.68 756.88 -31.5 733.06 large_vessel
808.23 283.5 827.33 263.44 833.0 268.83 813.9 288.89 large_vehicle
845.11 326.64 857.97 300.75 864.75 304.12 851.89 330.01 large_vehicle
822.41 302.67 847.71 287.94 851.32 294.14 826.02 308.87 large_vehicle
820.75 297.99 843.35 280.83 847.56 286.39 824.96 303.55 large_vehicle
261.72 238.4 281.18 211.9 412.77 308.57 393.31 335.07 large_vessel
817.16 312.21 823.47 306.67 842.33 328.13 836.02 333.67 large_vehicle
794.85 252.85 814.83 238.49 818.97 244.26 798.99 258.62 large_vehicle
815.73 287.17 833.52 268.48 838.64 273.36 820.85 292.05 large_vehicle
15.91 814.35 57.45 819.09 35.11 1015.11 -6.42 1010.37 large_vessel
851.76 157.32 868.7 143.75 872.58 148.59 855.64 162.16 large_vehicle
691.43 103.8 735.14 87.54 804.92 275.18 761.21 291.44 large_vessel
816.48 292.88 838.28 273.99 843.65 280.18 821.85 299.07 large_vehicle
797.04 184.8 803.06 180.83 820.98 208.02 814.96 211.99 large_vehicle
874.15 290.54 896.87 273.05 901.53 279.11 878.81 296.6 large_vehicle
843.11 150.46 868.33 129.38 873.03 135.0 847.81 156.08 large_vehicle
831.24 354.3 852.39 332.08 859.03 338.4 837.88 360.62 large_vehicle
832.15 314.95 851.57 294.56 856.66 299.42 837.24 319.81 large_vehicle
819.0 103.22 848.0 86.88 851.54 93.17 822.54 109.51 large_vehicle
783.31 85.4 812.14 94.6 810.02 101.26 781.19 92.06 large_vehicle
310.05 309.27 349.52 336.7 339.19 351.56 299.72 324.13 medium_vessel
815.42 148.42 840.97 125.5 846.19 131.33 820.64 154.25 large_vehicle
817.97 130.24 840.57 109.9 845.42 115.28 822.82 135.62 large_vehicle
757.04 21.93 782.29 -2.11 787.66 3.52 762.41 27.57 large_vehicle
250.72 785.5 306.27 797.21 263.34 1000.95 207.79 989.24 large_vessel
827.62 88.66 846.22 73.1 850.64 78.39 832.04 93.95 large_vehicle
791.77 246.63 812.5 231.74 816.64 237.5 795.91 252.39 large_vehicle
