1190.24 870.49 1197.86 872.95 1192.82 888.54 1185.2 886.08 heavy_equipment
873.92 508.35 890.32 508.44 890.27 518.74 873.87 518.65 heavy_equipment
817.67 475.3 840.43 473.11 841.18 480.87 818.42 483.06 large_vehicle
251.56 620.09 264.01 619.48 264.59 631.24 252.14 631.85 heavy_equipment
981.1 470.66 999.38 471.05 999.18 480.52 980.9 480.13 heavy_equipment
1118.72 442.09 1141.41 445.81 1140.07 453.99 1117.38 450.27 large_vehicle
1090.78 1104.41 1117.82 1115.28 1114.63 1123.22 1087.59 1112.35 heavy_equipment
950.21 469.08 968.57 461.88 971.56 469.52 953.2 476.72 medium_vehicle
934.62 466.56 943.6 455.15 948.21 458.77 939.23 470.18 medium_vehicle
1215.97 780.06 1221.64 781.48 1218.61 793.64 1212.94 792.22 heavy_equipment
