130.09 1191.24 136.83 1191.83 135.08 1211.85 128.34 1211.26 medium_vehicle
236.03 355.95 254.34 349.75 256.69 356.7 238.38 362.9 medium_vehicle
309.0 471.83 328.39 465.94 330.78 473.79 311.39 479.68 medium_vehicle
492.88 1153.71 499.1 1153.16 500.89 1173.18 494.67 1173.73 medium_vehicle
21.14 0.57 39.42 1.43 39.09 8.22 20.81 7.36 medium_vehicle
256.03 932.32 261.53 934.99 255.01 948.43 249.51 945.76 heavy_equipment
424.09 67.56 427.05 53.83 433.09 55.13 430.13 68.86 medium_vehicle
129.99 113.61 135.29 112.01 141.47 132.47 136.17 134.07 large_vehicle
401.97 1020.17 416.56 1017.96 417.67 1025.3 403.08 1027.51 container
112.15 1146.08 118.98 1144.76 123.69 1169.2 116.86 1170.52 heavy_equipment
405.03 1031.71 419.32 1027.94 421.04 1034.43 406.75 1038.2 container
1008.45 377.68 1022.24 377.15 1022.54 385.2 1008.75 385.73 medium_vehicle
399.11 544.8 404.51 541.1 412.19 552.32 406.79 556.02 medium_vehicle
114.11 951.92 120.12 951.87 120.29 970.27 114.28 970.32 medium_vehicle
466.35 1158.37 471.87 1157.45 474.45 1173.01 468.93 1173.93 medium_vehicle
217.79 117.24 223.68 117.17 223.89 136.37 218.0 136.44 medium_vehicle
166.17 852.82 172.68 849.52 181.92 867.72 175.41 871.02 medium_vehicle
378.25 203.72 384.32 204.99 381.22 219.87 375.15 218.6 medium_vehicle
234.17 116.72 239.77 116.88 239.22 136.78 233.62 136.62 medium_vehicle
1035.76 375.71 1048.3 375.38 1048.46 381.33 1035.92 381.66 medium_vehicle
153.99 947.36 160.29 947.24 160.7 968.35 154.4 968.47 large_vehicle
1152.27 977.69 1197.42 966.18 1207.4 1005.31 1162.25 1016.82 small_aircraft
537.22 1070.97 534.88 1060.56 539.74 1059.46 542.08 1069.87 medium_vehicle
1146.61 1006.34 1179.05 999.45 1184.6 1025.56 1152.16 1032.45 small_aircraft
1162.13 1092.87 1207.48 1080.46 1218.64 1121.25 1173.29 1133.66 small_aircraft
157.9 832.82 163.81 830.05 172.36 848.3 166.45 851.07 medium_vehicle
369.24 542.5 374.67 538.53 386.6 554.83 381.17 558.8 medium_vehicle
36.56 753.51 55.84 758.21 53.67 767.12 34.39 762.42 medium_vehicle
71.45 395.34 77.08 393.1 84.44 411.59 78.81 413.83 heavy_equipment
474.62 1159.36 480.4 1158.88 481.59 1173.03 475.81 1173.51 medium_vehicle
295.88 453.85 321.76 445.34 324.39 453.35 298.51 461.86 bus
1164.46 1040.66 1208.92 1033.7 1215.75 1077.27 1171.29 1084.23 small_aircraft
335.47 1047.63 350.22 1047.09 350.5 1054.5 335.75 1055.04 container
60.11 139.21 64.91 145.53 46.87 159.23 42.07 152.91 heavy_equipment
1028.68 675.61 1042.39 656.46 1057.18 667.05 1043.47 686.2 small_aircraft
483.84 1155.89 490.36 1155.14 492.45 1173.26 485.93 1174.01 medium_vehicle
301.44 372.54 314.2 369.81 315.74 376.96 302.98 379.69 medium_vehicle
839.84 396.45 859.04 396.14 859.15 403.59 839.95 403.9 medium_vehicle
97.55 1134.28 104.55 1131.91 113.51 1158.35 106.51 1160.72 large_vehicle
1182.06 1132.91 1224.21 1124.94 1231.67 1164.45 1189.52 1172.42 small_aircraft
153.98 993.26 159.57 992.18 162.62 1008.03 157.03 1009.11 medium_vehicle
1116.28 958.04 1180.81 942.43 1190.51 982.52 1125.98 998.13 large_aircraft
42.68 403.73 49.76 402.33 52.74 417.38 45.66 418.78 heavy_equipment
996.84 207.9 986.11 214.95 981.89 208.51 992.62 201.46 medium_vehicle
458.68 1161.63 464.47 1160.16 467.81 1173.25 462.02 1174.72 medium_vehicle
1125.64 918.76 1183.65 902.67 1196.31 948.31 1138.3 964.4 large_aircraft
480.62 991.29 486.75 991.75 485.67 1006.11 479.54 1005.65 container
424.53 599.68 430.86 598.12 437.07 623.41 430.74 624.97 bus
149.57 114.48 157.31 112.5 161.97 130.66 154.23 132.64 heavy_equipment
138.52 944.95 145.83 944.64 146.79 967.67 139.48 967.98 large_vehicle
360.11 129.78 363.72 133.47 352.44 144.53 348.83 140.84 medium_vehicle
206.23 990.39 211.63 990.4 211.56 1010.7 206.16 1010.69 large_vehicle
301.05 342.22 306.75 341.98 307.42 357.97 301.72 358.21 medium_vehicle
143.38 992.2 149.59 992.0 150.22 1010.98 144.01 1011.18 medium_vehicle
63.18 396.19 69.48 393.69 76.83 412.18 70.53 414.68 heavy_equipment
349.98 238.45 355.07 239.0 353.47 253.72 348.38 253.17 medium_vehicle
139.23 1191.15 146.36 1191.25 146.12 1208.44 138.99 1208.34 heavy_equipment
131.7 825.19 138.01 828.53 128.46 846.57 122.15 843.23 medium_vehicle
1120.57 710.86 1191.62 698.07 1199.87 743.95 1128.82 756.74 large_aircraft
210.21 119.03 216.1 118.96 216.31 138.16 210.42 138.23 medium_vehicle
265.94 309.22 284.27 319.89 280.71 326.01 262.38 315.34 large_vehicle
403.86 1027.74 417.32 1025.12 418.32 1030.25 404.86 1032.87 container
165.28 989.27 171.47 989.32 171.3 1009.52 165.11 1009.47 medium_vehicle
445.3 1116.32 451.08 1115.84 453.13 1140.19 447.35 1140.67 large_vehicle
1093.38 858.75 1127.09 850.03 1134.89 880.21 1101.18 888.93 small_aircraft
402.82 1008.11 408.46 1006.78 411.58 1020.1 405.94 1021.43 container
1079.22 779.53 1166.43 763.84 1179.7 837.56 1092.49 853.25 large_aircraft
537.4 42.31 524.28 42.42 524.23 36.75 537.35 36.64 medium_vehicle
348.44 169.5 353.06 169.98 351.3 186.68 346.68 186.2 medium_vehicle
383.71 562.83 389.85 561.08 395.1 579.49 388.96 581.24 medium_vehicle
107.2 827.29 126.53 820.75 128.75 827.3 109.42 833.84 medium_vehicle
304.53 140.17 325.87 137.7 326.78 145.54 305.44 148.01 large_vehicle
1125.3 917.87 1144.66 916.96 1145.63 937.53 1126.27 938.44 small_aircraft
409.59 1237.13 415.21 1235.69 418.6 1248.89 412.98 1250.33 medium_vehicle
334.46 1038.84 349.21 1038.3 349.49 1045.71 334.74 1046.25 container
106.79 819.41 126.19 813.67 128.19 820.44 108.79 826.18 medium_vehicle
394.67 1259.01 392.23 1248.18 397.84 1246.91 400.28 1257.74 medium_vehicle
300.48 14.77 316.97 15.08 316.81 23.38 300.32 23.07 medium_vehicle
540.47 1049.34 537.74 1037.21 543.34 1035.95 546.07 1048.08 medium_vehicle
1122.52 374.82 1134.48 373.22 1135.27 379.12 1123.31 380.72 medium_vehicle
30.86 403.2 36.68 400.38 44.54 416.58 38.72 419.4 heavy_equipment
365.86 841.82 370.47 841.73 370.68 852.75 366.07 852.84 medium_vehicle
1194.9 747.63 1239.89 738.48 1248.48 780.72 1203.49 789.87 small_aircraft
150.58 834.64 157.49 832.56 162.98 850.75 156.07 852.83 medium_vehicle
530.05 422.84 542.68 421.11 543.61 427.96 530.98 429.69 medium_vehicle
401.55 993.82 407.44 993.39 408.48 1007.59 402.59 1008.02 container
386.69 1226.72 392.97 1225.51 395.96 1241.04 389.68 1242.25 medium_vehicle
104.34 809.61 124.39 807.15 125.25 814.18 105.2 816.64 medium_vehicle
16.36 38.43 21.68 37.5 24.27 52.37 18.95 53.3 medium_vehicle
30.74 994.21 36.24 993.52 38.55 1012.03 33.05 1012.72 medium_vehicle
35.43 50.0 46.76 44.26 49.22 49.12 37.89 54.86 medium_vehicle
122.98 1190.66 128.85 1194.16 119.46 1209.92 113.59 1206.42 medium_vehicle
32.12 175.15 55.07 187.2 50.67 195.58 27.72 183.53 heavy_equipment
875.99 404.6 888.54 404.05 888.8 410.0 876.25 410.55 medium_vehicle
80.71 389.4 97.89 384.82 99.5 390.89 82.32 395.47 medium_vehicle
66.21 986.92 72.39 987.08 71.75 1011.49 65.57 1011.33 large_vehicle
47.74 402.04 53.44 397.64 62.96 409.96 57.26 414.36 heavy_equipment
138.82 827.5 145.37 825.43 151.46 844.62 144.91 846.69 medium_vehicle
94.36 993.77 100.55 993.62 101.0 1012.21 94.81 1012.36 medium_vehicle
475.12 1005.03 481.06 1003.64 485.37 1022.01 479.43 1023.4 container
543.26 1091.4 548.96 1090.54 551.0 1104.17 545.3 1105.03 medium_vehicle
802.85 396.5 816.24 396.27 816.35 402.97 802.96 403.2 medium_vehicle
253.69 120.57 260.28 120.83 259.7 136.02 253.11 135.76 heavy_equipment
226.61 116.52 232.0 116.47 232.19 135.07 226.8 135.12 medium_vehicle
1102.71 889.83 1136.35 880.5 1144.42 909.6 1110.78 918.93 small_aircraft
1211.62 844.46 1255.82 834.82 1264.41 874.18 1220.21 883.82 small_aircraft
1040.61 645.1 1059.01 660.49 1047.27 674.54 1028.87 659.15 small_aircraft
99.59 990.03 104.91 989.17 107.75 1006.76 102.43 1007.62 medium_vehicle
390.72 587.07 397.0 585.86 400.59 604.51 394.31 605.72 medium_vehicle
251.43 208.63 268.44 219.47 264.43 225.75 247.42 214.91 medium_vehicle
264.31 118.53 270.48 119.16 268.43 139.36 262.26 138.73 medium_vehicle
498.71 1149.47 505.21 1149.14 506.03 1165.22 499.53 1165.55 medium_vehicle
354.57 173.59 359.46 174.51 356.8 188.58 351.91 187.66 medium_vehicle
57.41 759.57 76.95 765.43 74.58 773.34 55.04 767.48 medium_vehicle
1174.7 330.51 1187.25 327.12 1188.91 333.29 1176.36 336.68 medium_vehicle
410.41 1236.69 407.5 1223.8 413.11 1222.53 416.02 1235.42 medium_vehicle
