203.99 157.69 215.26 141.54 220.74 145.37 209.47 161.52 medium_vehicle
937.65 189.14 953.77 182.06 956.66 188.64 940.54 195.72 medium_vehicle
971.78 810.0 977.39 809.35 980.15 832.85 974.54 833.5 large_vehicle
253.04 140.45 261.65 123.78 267.65 126.87 259.04 143.54 medium_vehicle
164.6 618.58 170.12 617.25 173.55 631.54 168.03 632.87 medium_vehicle
57.03 305.58 70.42 294.19 74.28 298.73 60.89 310.12 medium_vehicle
880.6 591.23 887.5 589.58 892.1 608.73 885.2 610.38 large_vehicle
350.11 624.02 369.18 619.44 372.43 632.99 353.36 637.57 heavy_equipment
1183.67 515.46 1199.65 512.81 1200.8 519.72 1184.82 522.37 medium_vehicle
231.31 1010.71 255.32 1005.56 259.12 1023.29 235.11 1028.44 small_aircraft
269.22 293.93 282.92 297.7 280.88 305.13 267.18 301.36 medium_vehicle
1202.01 511.66 1217.66 509.07 1218.84 516.16 1203.19 518.75 medium_vehicle
495.61 155.67 512.41 155.72 512.38 162.22 495.58 162.17 medium_vehicle
366.79 177.62 375.17 187.57 370.03 191.9 361.65 181.95 medium_vehicle
1194.96 557.14 1213.01 554.15 1214.27 561.75 1196.22 564.74 medium_vehicle
878.09 622.87 884.97 621.17 890.75 644.53 883.87 646.23 large_vehicle
1214.44 552.95 1229.16 550.51 1230.45 558.27 1215.73 560.71 container
191.43 175.49 202.32 161.64 207.38 165.62 196.49 179.47 medium_vehicle
138.68 263.77 160.54 245.94 165.38 251.88 143.52 269.71 large_vehicle
1083.61 569.44 1104.86 565.19 1106.63 574.01 1085.38 578.26 large_vehicle
892.38 84.14 893.31 67.0 899.32 67.33 898.39 84.47 medium_vehicle
173.08 996.04 217.75 988.8 224.14 1028.22 179.47 1035.46 small_aircraft
232.08 121.65 239.57 109.47 244.15 112.29 236.66 124.47 medium_vehicle
1049.72 786.47 1055.87 785.15 1060.36 806.1 1054.21 807.42 bus
221.6 175.93 242.47 143.42 248.52 147.3 227.65 179.81 large_vehicle
1079.24 552.63 1099.76 548.53 1101.46 557.06 1080.94 561.16 large_vehicle
1064.33 783.45 1091.08 779.02 1092.39 786.93 1065.64 791.36 bus
1202.64 519.17 1223.09 515.35 1224.51 522.92 1204.06 526.74 large_vehicle
1191.85 528.47 1206.65 526.02 1207.9 533.62 1193.1 536.07 medium_vehicle
214.73 311.95 226.38 312.59 226.05 318.81 214.4 318.17 medium_vehicle
214.31 184.67 226.05 177.36 229.45 182.83 217.71 190.14 medium_vehicle
939.7 141.81 952.8 137.53 955.15 144.7 942.05 148.98 medium_vehicle
