1134.48 944.05 1131.55 949.91 1110.36 939.34 1113.29 933.48 container
1185.57 994.91 1187.8 1001.72 1163.0 1009.83 1160.77 1003.02 container
753.95 1079.44 759.95 1069.36 776.23 1079.06 770.23 1089.14 heavy_equipment
1022.9 1023.31 1029.2 1021.44 1033.48 1035.87 1027.18 1037.74 heavy_equipment
912.06 85.49 918.95 85.12 919.63 97.5 912.74 97.87 heavy_equipment
1043.68 807.85 1061.57 816.12 1057.58 824.76 1039.69 816.49 heavy_equipment
1196.78 752.01 1213.17 771.75 1202.87 780.3 1186.48 760.56 heavy_equipment
1135.64 922.1 1137.23 929.07 1108.68 935.6 1107.09 928.63 large_vehicle
321.16 1204.06 340.59 1212.43 336.79 1221.25 317.36 1212.88 heavy_equipment
842.07 947.73 847.88 945.31 853.06 957.75 847.25 960.17 heavy_equipment
41.44 1220.09 43.51 1213.91 56.39 1218.22 54.32 1224.4 medium_vehicle
1044.12 516.66 1051.72 517.99 1048.98 533.7 1041.38 532.37 heavy_equipment
1141.27 893.41 1146.19 899.07 1125.98 916.64 1121.06 910.98 container
703.42 1269.98 723.83 1261.82 726.9 1269.49 706.49 1277.65 large_vehicle
9.52 1215.66 11.75 1208.99 27.64 1214.3 25.41 1220.97 medium_vehicle
8.67 1207.8 11.32 1199.9 30.05 1206.16 27.4 1214.06 large_vehicle
1167.87 928.76 1164.09 933.41 1146.78 919.34 1150.56 914.69 container
123.88 1268.22 131.3 1264.51 138.77 1279.49 131.35 1283.2 heavy_equipment
1274.05 1268.65 1280.0 1268.65 1280.0 1280.0 1274.05 1280.0 medium_vehicle
994.14 980.79 1000.43 980.98 1000.01 995.09 993.72 994.9 heavy_equipment
1161.23 911.88 1156.11 915.74 1142.25 897.34 1147.37 893.48 container
828.03 897.56 835.36 895.32 840.15 911.01 832.82 913.25 medium_vehicle
1112.38 1245.95 1122.06 1248.33 1117.2 1268.11 1107.52 1265.73 heavy_equipment
