431.07 424.17 434.09 421.15 439.61 426.65 436.59 429.67 small_vehicle
524.84 469.51 528.93 465.12 531.89 467.89 527.8 472.28 small_vehicle
435.82 474.73 442.02 474.49 442.16 478.17 435.96 478.41 small_vehicle
519.22 425.93 523.72 425.84 523.87 433.18 519.37 433.27 small_vehicle
408.01 20.11 412.35 18.84 415.3 28.92 410.96 30.19 medium_vehicle
558.38 962.86 561.4 970.47 557.15 972.16 554.13 964.55 small_vehicle
363.69 422.02 368.09 433.08 362.84 435.17 358.44 424.11 medium_vehicle
338.71 390.69 341.76 398.36 337.63 400.01 334.58 392.34 small_vehicle
203.92 50.4 205.98 55.59 203.03 56.76 200.97 51.57 small_vehicle
545.72 893.3 548.75 900.91 544.5 902.6 541.47 894.99 small_vehicle
208.55 42.97 211.51 50.43 207.31 52.1 204.35 44.64 small_vehicle
536.43 900.61 538.89 906.81 535.61 908.11 533.15 901.91 small_vehicle
343.5 383.65 346.52 391.25 342.39 392.9 339.37 385.3 small_vehicle
491.06 753.45 494.04 760.94 489.37 762.8 486.39 755.31 small_vehicle
270.07 211.48 274.06 221.5 268.22 223.82 264.23 213.8 medium_vehicle
613.39 1060.79 616.12 1067.63 612.18 1069.2 609.45 1062.36 small_vehicle
635.57 1140.33 638.41 1147.45 633.94 1149.23 631.1 1142.11 small_vehicle
507.28 374.27 510.96 373.14 513.06 379.95 509.38 381.08 small_vehicle
195.69 39.44 198.18 45.68 194.39 47.19 191.9 40.95 small_vehicle
381.03 505.79 383.69 512.47 379.7 514.06 377.04 507.38 small_vehicle
519.48 464.63 521.73 457.81 525.95 459.21 523.7 466.03 small_vehicle
579.49 1006.79 582.52 1014.39 578.58 1015.96 575.55 1008.36 small_vehicle
509.32 821.31 512.53 829.36 508.28 831.05 505.07 823.0 small_vehicle
462.38 160.46 453.8 160.25 453.91 155.79 462.49 156.0 small_vehicle
509.72 793.67 512.21 799.92 508.05 801.58 505.56 795.33 small_vehicle
