1153.67 677.54 1164.96 687.49 1161.79 691.09 1150.5 681.14 bus
1109.59 618.55 1114.46 618.55 1114.46 630.5 1109.59 630.5 medium_vehicle
1172.44 634.35 1186.97 641.76 1184.12 647.35 1169.59 639.94 bus
1143.36 645.43 1150.04 643.34 1153.45 654.21 1146.77 656.3 medium_vehicle
1054.08 596.96 1053.23 607.34 1047.94 606.9 1048.79 596.52 medium_vehicle
1136.53 618.15 1141.7 619.92 1138.84 628.28 1133.67 626.51 medium_vehicle
1049.24 593.58 1048.14 602.61 1043.83 602.09 1044.93 593.06 medium_vehicle
1109.76 611.24 1124.39 618.69 1121.72 623.93 1107.09 616.48 bus
1073.91 602.39 1081.93 602.73 1081.71 607.84 1073.69 607.5 medium_vehicle
1069.77 570.46 1077.6 580.24 1073.17 583.78 1065.34 574.0 large_vehicle
1046.95 585.25 1045.72 595.37 1040.5 594.74 1041.73 584.62 medium_vehicle
1143.97 623.6 1151.73 624.65 1151.05 629.73 1143.29 628.68 medium_vehicle
1036.56 573.92 1047.2 573.67 1047.31 578.25 1036.67 578.5 medium_vehicle
1035.34 579.21 1045.98 578.96 1046.09 584.08 1035.45 584.33 medium_vehicle
1151.65 681.88 1162.94 691.83 1158.59 696.76 1147.3 686.81 bus
