79.09 127.29 83.1 127.07 83.55 135.09 79.54 135.31 small_vehicle
168.25 714.76 175.3 713.95 178.07 737.89 171.02 738.7 large_vehicle
938.73 1248.8 945.87 1249.21 944.93 1265.49 937.79 1265.08 large_vehicle
131.14 439.52 138.56 438.98 140.53 465.82 133.11 466.36 double_trailer_truck
96.92 243.71 100.64 243.5 101.08 251.38 97.36 251.59 small_vehicle
896.32 542.42 944.46 536.85 956.03 636.81 907.89 642.38 pylon
127.95 507.84 131.66 507.64 132.08 515.17 128.37 515.37 small_vehicle
215.03 1163.39 218.37 1163.21 218.72 1169.4 215.38 1169.58 small_vehicle
221.21 1206.74 224.35 1206.68 224.48 1212.96 221.34 1213.02 small_vehicle
919.5 1263.8 924.5 1263.8 924.5 1273.5 919.5 1273.5 small_vehicle
73.32 102.44 77.57 102.2 78.02 110.22 73.77 110.46 small_vehicle
196.26 1034.73 200.7 1034.48 201.19 1043.28 196.75 1043.53 small_vehicle
96.87 264.45 102.38 264.32 102.68 276.59 97.17 276.72 medium_vehicle
166.87 815.67 172.52 815.17 173.6 827.27 167.95 827.77 medium_vehicle
122.2 387.57 125.92 387.37 126.33 394.69 122.61 394.89 small_vehicle
315.84 240.89 362.86 229.34 384.77 318.53 337.75 330.08 pylon
301.7 1089.12 311.73 1092.89 309.85 1097.88 299.82 1094.11 medium_vehicle
206.1 1131.14 209.65 1130.94 210.13 1139.47 206.58 1139.67 small_vehicle
221.4 1222.23 225.42 1222.16 225.57 1230.06 221.55 1230.13 small_vehicle
504.7 392.31 559.71 385.95 572.03 492.45 517.02 498.81 pylon
61.65 72.52 68.77 71.76 70.46 87.57 63.34 88.33 medium_vehicle
1081.85 738.16 1129.4 732.65 1138.41 810.57 1090.86 816.08 pylon
