1235.64 10.32 1243.57 9.56 1246.58 40.81 1238.65 41.57 large_vehicle
1112.97 960.26 1120.21 957.69 1130.13 985.71 1122.89 988.28 large_vehicle
756.16 765.62 761.5 760.19 770.85 769.38 765.51 774.81 heavy_equipment
674.7 1248.33 706.92 1237.43 721.32 1279.97 689.1 1290.87 large_vessel
626.47 469.28 632.41 467.28 642.63 497.64 636.69 499.64 large_vehicle
296.9 1248.38 305.07 1243.94 320.65 1272.64 312.48 1277.08 large_vehicle
738.4 674.56 757.22 673.5 757.66 681.29 738.84 682.35 heavy_equipment
546.72 220.76 780.12 221.99 779.81 280.71 546.41 279.48 large_vessel
1059.11 880.41 1066.31 878.14 1076.41 910.17 1069.21 912.44 large_vehicle
1247.33 16.21 1254.44 15.57 1257.26 46.61 1250.15 47.25 large_vehicle
275.06 1280.14 290.39 1266.73 295.7 1272.8 280.37 1286.21 large_vehicle
865.69 671.51 873.69 669.75 880.37 700.14 872.37 701.9 large_vehicle
272.17 1231.73 275.49 1221.81 304.26 1231.44 300.94 1241.36 large_vehicle
1198.94 110.38 1206.62 108.24 1215.42 139.74 1207.74 141.88 large_vehicle
861.4 966.75 860.36 958.47 894.17 954.2 895.21 962.48 large_vehicle
1235.54 140.9 1242.49 142.24 1237.13 170.04 1230.18 168.7 large_vehicle
1266.88 17.72 1274.08 17.67 1274.29 48.47 1267.09 48.52 large_vehicle
1084.23 872.63 1091.42 870.12 1102.72 902.39 1095.53 904.9 double_trailer_truck
932.68 700.62 974.93 699.37 975.2 708.67 932.95 709.92 double_trailer_truck
839.48 633.62 847.0 631.0 858.27 663.35 850.75 665.97 large_vehicle
1128.56 1146.34 1129.2 1138.9 1138.0 1139.66 1137.36 1147.1 heavy_equipment
511.81 422.46 567.45 403.95 636.74 612.27 581.1 630.78 large_vessel
632.16 323.34 631.33 315.02 665.28 311.63 666.11 319.95 large_vehicle
616.75 739.61 673.77 720.64 762.93 988.67 705.91 1007.64 large_vessel
1162.04 1070.81 1210.29 1054.76 1276.12 1252.65 1227.87 1268.7 large_vessel
1027.04 683.59 1094.65 660.57 1213.81 1010.6 1146.2 1033.62 large_vessel
873.0 666.18 880.77 664.68 886.68 695.4 878.91 696.9 large_vehicle
304.35 1232.77 310.82 1227.1 332.14 1251.46 325.67 1257.13 large_vehicle
942.39 726.57 967.54 721.72 969.21 730.36 944.06 735.21 container
892.74 285.9 951.12 266.14 1067.04 608.6 1008.66 628.36 large_vessel
209.22 1196.87 261.18 1226.03 214.15 1309.84 162.19 1280.68 large_vessel
939.16 707.45 983.35 706.14 983.62 715.34 939.43 716.65 double_trailer_truck
262.93 1246.65 270.99 1248.62 264.2 1276.47 256.14 1274.5 large_vehicle
1251.23 261.24 1258.23 259.16 1267.21 289.27 1260.21 291.35 large_vehicle
1080.81 896.73 1088.01 894.46 1098.87 928.88 1091.67 931.15 large_vehicle
1064.07 813.14 1071.16 810.54 1080.01 834.74 1072.92 837.34 large_vehicle
1228.43 200.0 1236.5 197.7 1245.73 230.12 1237.66 232.42 large_vehicle
943.5 734.85 969.02 729.94 970.47 737.47 944.95 742.38 container
640.75 522.56 645.67 520.84 654.67 546.55 649.75 548.27 large_vehicle
1218.54 5.85 1226.03 4.56 1231.37 35.52 1223.88 36.81 large_vehicle
860.11 684.55 867.39 681.85 878.38 711.58 871.1 714.28 large_vehicle
1188.53 80.12 1196.47 77.32 1207.29 108.05 1199.35 110.85 large_vehicle
1073.24 922.42 1080.8 919.78 1093.92 957.27 1086.36 959.91 double_trailer_truck
1050.68 808.23 1057.88 805.96 1068.74 840.38 1061.54 842.65 large_vehicle
930.57 688.97 972.03 687.74 972.32 697.48 930.86 698.71 double_trailer_truck
1074.82 70.67 1166.22 40.27 1290.51 413.9 1199.11 444.3 large_vessel
1040.55 1011.19 1081.15 1004.55 1082.26 1011.37 1041.66 1018.01 double_trailer_truck
270.41 1254.63 266.94 1243.22 297.13 1234.05 300.6 1245.46 large_vehicle
1208.57 147.46 1216.56 144.97 1225.67 174.23 1217.68 176.72 large_vehicle
