287.38 448.37 291.45 447.91 292.43 456.54 288.36 457.0 small_vessel
209.3 386.42 218.09 383.63 225.89 408.21 217.1 411.0 medium_vessel
899.95 1101.54 915.91 1097.65 917.61 1104.65 901.65 1108.54 medium_vehicle
838.01 711.72 859.58 704.38 908.2 847.2 886.63 854.54 large_vessel
26.3 616.03 25.48 609.08 38.25 607.58 39.07 614.53 container
129.61 -0.75 150.68 -7.6 171.68 57.02 150.61 63.87 large_vessel
403.99 1189.55 409.81 1190.87 405.07 1211.72 399.25 1210.4 container
454.91 1047.99 472.82 1045.67 473.86 1053.73 455.95 1056.05 medium_vehicle
373.26 437.66 452.9 426.04 455.8 445.9 376.16 457.52 large_vessel
529.55 1047.41 535.32 1044.0 544.38 1059.32 538.61 1062.73 medium_vehicle
614.23 445.81 620.58 443.41 629.5 467.01 623.15 469.41 container
294.16 454.09 297.98 455.26 295.03 464.9 291.21 463.73 small_vessel
402.71 841.38 399.82 829.03 405.04 827.81 407.93 840.16 medium_vehicle
518.06 1054.65 524.22 1051.47 531.67 1065.9 525.51 1069.08 medium_vehicle
181.46 91.22 201.91 84.57 246.37 221.4 225.92 228.05 large_vessel
908.72 1118.69 922.28 1117.2 923.03 1123.94 909.47 1125.43 medium_vehicle
332.08 507.14 350.17 507.65 350.01 513.53 331.92 513.02 medium_vessel
392.58 1193.13 398.6 1195.84 391.71 1211.11 385.69 1208.4 medium_vehicle
164.2 94.65 180.6 89.03 227.18 225.09 210.78 230.71 large_vessel
774.54 751.02 792.51 745.18 817.39 821.74 799.42 827.58 large_vessel
14.26 618.95 12.72 612.48 24.66 609.63 26.2 616.1 container
1093.53 1254.9 1098.34 1250.22 1109.67 1261.87 1104.86 1266.55 medium_vehicle
450.93 1040.17 469.48 1037.77 470.56 1046.07 452.01 1048.47 medium_vehicle
907.29 1112.38 921.16 1110.85 921.88 1117.4 908.01 1118.93 medium_vehicle
903.72 1107.06 917.2 1105.57 917.89 1111.8 904.41 1113.29 medium_vehicle
386.82 1164.37 391.92 1163.48 394.43 1177.76 389.33 1178.65 medium_vehicle
1069.92 1273.19 1082.97 1262.2 1086.76 1266.7 1073.71 1277.69 medium_vehicle
451.08 1031.84 469.78 1028.0 471.42 1036.03 452.72 1039.87 medium_vehicle
807.64 833.06 819.33 829.58 833.53 877.23 821.84 880.71 medium_vessel
547.99 1040.84 552.83 1037.58 562.17 1051.49 557.33 1054.75 medium_vehicle
241.64 394.78 260.83 394.21 261.05 401.71 241.86 402.28 medium_vessel
474.81 1043.68 490.25 1041.67 491.19 1048.93 475.75 1050.94 medium_vehicle
241.15 365.04 248.94 368.41 240.84 387.12 233.05 383.75 medium_vessel
221.49 384.04 229.45 381.37 238.01 406.81 230.05 409.48 medium_vessel
1098.91 1250.27 1103.63 1245.67 1115.53 1257.91 1110.81 1262.51 medium_vehicle
477.87 881.14 500.69 876.7 502.21 884.55 479.39 888.99 container
323.81 504.43 328.88 503.44 331.54 517.1 326.47 518.09 small_vessel
273.32 404.52 284.87 402.4 291.73 439.74 280.18 441.86 medium_vessel
306.02 453.06 328.31 448.97 329.51 455.48 307.22 459.57 medium_vessel
996.03 1213.16 1018.66 1209.66 1019.86 1217.42 997.23 1220.92 bus
454.6 1054.78 473.44 1053.23 473.95 1059.41 455.11 1060.96 medium_vehicle
