614.89 156.53 610.75 161.33 600.54 152.52 604.68 147.72 heavy_equipment
682.37 119.85 678.91 124.81 664.79 114.96 668.25 110.0 heavy_equipment
330.95 875.58 330.52 882.41 314.95 881.43 315.38 874.6 large_vehicle
551.91 928.6 548.63 936.84 524.35 927.18 527.63 918.94 heavy_equipment
307.32 854.37 306.84 862.04 289.58 860.95 290.06 853.28 medium_vessel
625.65 170.57 620.9 174.22 612.25 162.94 617.0 159.29 medium_vehicle
1011.57 246.95 1015.83 251.19 1008.63 258.42 1004.37 254.18 heavy_equipment
364.51 876.79 364.4 883.29 348.35 883.01 348.46 876.51 large_vehicle
414.24 936.29 408.36 930.93 420.78 917.32 426.66 922.68 heavy_equipment
691.4 94.97 689.3 100.42 678.34 96.19 680.44 90.74 heavy_equipment
610.39 169.46 608.43 175.12 594.99 170.47 596.95 164.81 medium_vehicle
400.93 886.48 401.24 893.03 385.2 893.78 384.89 887.23 large_vehicle
1252.64 581.66 1250.62 588.13 1236.84 583.84 1238.86 577.37 medium_vehicle
60.36 883.33 65.87 887.4 55.28 901.77 49.77 897.7 heavy_equipment
255.01 336.29 252.46 340.57 243.89 335.46 246.44 331.18 medium_vehicle
660.72 110.5 666.85 110.93 665.84 125.43 659.71 125.0 heavy_equipment
609.46 162.05 607.23 167.66 595.88 163.14 598.11 157.53 heavy_equipment
525.03 934.34 519.07 933.85 520.18 920.26 526.14 920.75 heavy_equipment
817.1 992.57 817.16 999.6 794.68 999.8 794.62 992.77 heavy_equipment
438.76 241.37 435.27 246.67 423.28 238.79 426.77 233.49 medium_vehicle
676.77 143.09 672.28 148.29 660.51 138.13 665.0 132.93 heavy_equipment
983.56 244.88 980.15 249.61 969.94 242.24 973.35 237.51 heavy_equipment
242.62 350.84 240.21 355.81 222.81 347.36 225.22 342.39 large_vehicle
674.4 132.72 670.75 137.67 658.58 128.73 662.23 123.78 heavy_equipment
359.4 886.42 356.98 891.18 342.25 883.68 344.67 878.92 heavy_equipment
