794.44 146.76 799.91 149.05 794.42 162.17 788.95 159.88 medium_vehicle
1216.63 316.25 1213.35 320.75 1204.15 314.03 1207.43 309.53 heavy_equipment
1163.7 280.04 1168.58 275.61 1175.9 283.68 1171.02 288.11 medium_vehicle
1039.58 376.02 1044.56 375.62 1045.43 386.48 1040.45 386.88 medium_vehicle
861.35 971.83 865.36 976.9 852.02 987.44 848.01 982.37 heavy_equipment
1244.44 333.29 1240.24 338.54 1231.36 331.42 1235.56 326.17 heavy_equipment
821.56 625.63 826.48 623.64 831.11 635.09 826.19 637.08 medium_vehicle
882.37 958.61 885.94 963.76 871.19 973.97 867.62 968.82 heavy_equipment
1177.63 521.42 1182.45 515.31 1194.88 525.12 1190.06 531.23 large_vehicle
1216.95 926.72 1220.2 931.41 1208.1 939.79 1204.85 935.1 heavy_equipment
846.09 981.97 850.48 987.53 837.5 997.77 833.11 992.21 heavy_equipment
1204.44 512.97 1204.47 508.24 1213.82 508.29 1213.79 513.02 medium_vehicle
1039.4 332.06 1045.29 333.36 1041.21 351.91 1035.32 350.61 large_vehicle
