1165.58 1201.94 1176.17 1213.06 1170.32 1218.63 1159.73 1207.51 heavy_equipment
1179.2 1210.67 1187.78 1218.95 1184.55 1222.29 1175.97 1214.01 large_vehicle
1159.7 1181.9 1173.11 1192.52 1168.47 1198.38 1155.06 1187.76 heavy_equipment
109.58 968.72 119.35 963.38 122.21 968.59 112.44 973.93 medium_vessel
1041.12 921.34 1055.04 927.42 1052.18 933.98 1038.26 927.9 heavy_equipment
118.24 960.64 128.78 956.08 131.02 961.26 120.48 965.82 medium_vessel
817.54 1136.85 824.26 1139.92 815.72 1158.57 809.0 1155.5 medium_vessel
1081.33 913.89 1086.09 914.03 1085.83 922.77 1081.07 922.63 heavy_equipment
99.37 977.03 108.38 970.62 111.63 975.2 102.62 981.61 medium_vessel
822.14 1193.05 826.33 1188.16 839.68 1199.6 835.49 1204.49 medium_vessel
