1266.2 525.0 1269.57 638.56 1225.54 639.86 1222.17 526.3 large_vessel
1244.66 454.13 1263.74 455.07 1263.43 461.36 1244.35 460.42 large_vehicle
1264.08 479.88 1247.41 486.21 1245.22 480.46 1261.89 474.13 large_vehicle
765.66 1261.47 771.29 1272.85 767.32 1274.81 761.69 1263.43 medium_vessel
1010.7 1179.26 1005.51 1203.66 996.46 1201.74 1001.65 1177.34 medium_vessel
1250.92 466.5 1270.31 474.41 1267.89 480.35 1248.5 472.44 large_vehicle
987.81 1256.05 985.32 1267.73 981.36 1266.89 983.85 1255.21 medium_vessel
3.67 0.67 111.23 52.66 89.76 97.07 -17.79 45.08 large_vessel
1243.95 447.71 1263.01 448.64 1262.71 454.75 1243.65 453.82 large_vehicle
400.9 51.6 513.95 113.49 498.11 142.41 385.06 80.52 large_vessel
