17.39 75.62 22.72 80.9 9.53 94.22 4.2 88.94 large_vehicle
568.11 520.05 574.85 513.81 583.91 523.59 577.17 529.83 heavy_equipment
34.26 89.55 38.77 94.01 26.85 106.06 22.34 101.6 large_vehicle
24.22 81.76 28.2 85.7 15.01 99.02 11.03 95.08 large_vehicle
1066.9 477.1 1074.0 477.1 1074.0 493.16 1066.9 493.16 medium_vessel
167.59 498.09 175.97 508.47 162.76 519.13 154.38 508.75 heavy_equipment
1154.78 21.7 1159.98 28.15 1142.72 42.07 1137.52 35.62 medium_vessel
23.75 294.59 26.72 291.52 34.75 299.31 31.78 302.38 container
1165.44 35.46 1168.72 40.47 1152.6 51.01 1149.32 46.0 medium_vessel
66.65 131.55 69.83 134.58 53.23 152.07 50.05 149.04 large_vehicle
1149.44 18.12 1153.25 22.85 1139.45 33.98 1135.64 29.25 medium_vessel
29.81 308.12 33.2 304.16 42.59 312.18 39.2 316.14 container
27.04 85.85 31.55 90.32 19.64 102.36 15.13 97.89 large_vehicle
30.91 168.19 40.98 157.94 44.39 161.29 34.32 171.54 medium_vehicle
44.64 296.03 57.86 282.94 61.85 286.96 48.63 300.05 large_vehicle
1175.96 23.73 1181.1 28.42 1170.59 39.93 1165.45 35.24 medium_vessel
1158.55 6.84 1161.57 10.34 1151.38 19.11 1148.36 15.61 small_vessel
260.86 373.38 268.54 382.89 254.35 394.34 246.67 384.83 heavy_equipment
466.8 248.11 472.44 243.72 480.2 253.7 474.56 258.09 medium_vehicle
-0.22 74.78 3.5 69.57 15.44 78.12 11.71 83.33 large_vehicle
40.76 91.99 44.69 95.87 31.03 109.68 27.1 105.8 large_vehicle
434.65 113.53 439.82 108.59 453.71 123.13 448.54 128.07 heavy_equipment
33.28 302.88 36.44 299.46 45.51 307.84 42.35 311.26 container
21.11 299.19 24.62 296.15 31.56 304.14 28.05 307.18 container
281.01 508.51 290.57 516.41 287.32 520.34 277.76 512.44 container
895.76 157.2 926.15 203.64 908.53 215.16 878.14 168.72 large_vessel
58.26 282.79 69.85 270.06 74.25 274.06 62.66 286.79 large_vehicle
1168.83 25.14 1171.73 28.74 1162.42 36.25 1159.52 32.65 small_vessel
428.64 119.31 434.12 114.71 447.04 130.11 441.56 134.71 heavy_equipment
44.0 96.19 48.77 100.92 35.45 114.38 30.68 109.65 large_vehicle
10.78 157.09 15.17 152.64 24.24 161.59 19.85 166.04 medium_vehicle
21.96 145.34 26.35 140.89 35.42 149.84 31.03 154.29 medium_vehicle
1161.81 9.3 1164.71 12.9 1155.4 20.41 1152.5 16.81 small_vessel
1147.49 1.39 1152.0 6.98 1135.23 20.51 1130.72 14.92 medium_vessel
140.54 521.2 149.54 531.52 134.47 544.67 125.47 534.35 heavy_equipment
414.84 127.71 420.8 134.14 407.99 146.0 402.03 139.57 container
325.14 625.41 335.24 637.92 328.97 642.98 318.87 630.47 heavy_equipment
