935.72 886.88 938.94 872.25 944.47 873.47 941.25 888.1 large_vehicle
920.49 615.78 929.99 615.43 930.2 621.09 920.7 621.44 medium_vehicle
711.15 95.58 714.84 91.21 726.69 101.22 723.0 105.59 medium_vehicle
916.88 452.6 924.22 448.07 926.62 451.97 919.28 456.5 medium_vehicle
934.07 443.08 941.41 438.54 944.41 443.4 937.07 447.94 medium_vehicle
903.44 575.24 913.95 570.09 916.69 575.69 906.18 580.84 medium_vehicle
784.84 723.78 799.38 718.75 801.75 725.59 787.21 730.62 medium_vehicle
623.11 28.0 628.5 23.4 643.81 41.33 638.42 45.93 large_vehicle
943.99 485.71 951.97 480.77 954.97 485.63 946.99 490.57 medium_vehicle
931.85 435.36 940.78 429.84 944.05 435.13 935.12 440.65 medium_vehicle
