1069.96 35.35 1075.81 34.21 1079.01 50.51 1073.16 51.65 medium_vessel
1087.12 53.16 1091.67 52.26 1093.81 63.14 1089.26 64.04 small_vessel
435.12 195.48 438.42 200.64 429.56 206.3 426.26 201.14 container
15.61 861.91 22.78 870.83 0.1 889.07 -7.06 880.15 medium_vessel
0.06 431.35 119.79 529.0 79.33 578.61 -40.39 480.96 large_vessel
1204.29 124.54 1209.66 124.27 1210.27 136.35 1204.9 136.62 medium_vehicle
778.31 373.23 825.36 432.59 810.4 444.45 763.35 385.09 large_vessel
1082.94 55.43 1087.5 54.53 1089.47 64.58 1084.91 65.48 small_vessel
1075.16 31.86 1080.38 30.84 1083.53 46.89 1078.31 47.91 medium_vessel
533.02 135.71 536.08 140.5 520.3 150.59 517.24 145.8 container
391.26 222.72 394.49 227.78 385.63 233.44 382.4 228.38 container
845.95 786.82 849.92 783.48 858.97 794.27 855.0 797.61 container
1190.17 224.7 1195.61 224.23 1196.47 234.05 1191.03 234.52 medium_vehicle
461.82 179.09 464.92 183.94 447.49 195.09 444.39 190.24 container
364.38 239.61 367.49 244.47 358.63 250.14 355.52 245.28 container
1222.8 108.41 1228.69 108.21 1229.3 125.79 1223.41 125.99 container
1203.69 259.57 1211.39 259.35 1212.02 281.78 1204.32 282.0 large_vehicle
1064.53 37.94 1070.38 36.8 1073.58 53.11 1067.73 54.25 medium_vessel
1206.56 285.11 1211.26 284.91 1211.73 296.2 1207.03 296.4 container
1222.19 496.6 1225.75 496.29 1226.3 502.71 1222.74 503.02 small_vehicle
426.4 201.22 429.42 205.94 420.56 211.6 417.54 206.88 container
514.99 145.44 518.45 150.37 501.5 162.24 498.04 157.31 container
598.49 -4.29 630.16 109.91 598.96 118.57 567.29 4.36 large_vessel
1205.57 297.43 1211.75 296.89 1213.02 311.35 1206.84 311.89 large_vehicle
1220.99 480.97 1225.08 480.62 1225.71 488.0 1221.62 488.35 small_vehicle
1206.85 207.24 1214.55 207.02 1215.06 225.28 1207.36 225.5 large_vehicle
355.37 245.3 358.47 250.16 349.62 255.82 346.52 250.96 container
444.04 189.97 447.39 195.2 438.54 200.87 435.19 195.64 container
1208.16 225.67 1215.86 225.45 1216.39 244.18 1208.69 244.4 large_vehicle
805.07 386.63 828.85 416.63 819.46 424.07 795.68 394.07 medium_vehicle
58.2 101.7 64.0 101.7 64.0 119.2 58.2 119.2 container
353.94 253.36 359.07 261.38 354.75 264.14 349.62 256.12 container
63.99 99.19 70.36 99.02 70.83 117.22 64.46 117.39 container
1203.42 239.04 1208.85 238.89 1209.4 258.61 1203.97 258.76 large_vehicle
33.24 293.69 43.98 299.33 20.46 344.13 9.72 338.49 large_vessel
408.72 212.27 411.7 216.94 403.11 222.44 400.13 217.77 container
382.05 228.34 385.14 233.18 376.02 239.02 372.93 234.18 container
479.54 168.33 482.63 173.18 465.2 184.33 462.11 179.48 container
966.28 350.04 1070.45 283.17 1103.99 335.41 999.82 402.28 large_vessel
1079.57 28.18 1085.41 27.03 1088.64 43.48 1082.8 44.63 medium_vessel
850.37 783.08 854.56 779.56 864.05 790.86 859.86 794.38 container
285.53 621.33 304.29 643.77 221.55 712.96 202.79 690.52 large_vessel
1210.34 123.27 1215.36 122.83 1216.29 133.55 1211.27 133.99 medium_vehicle
350.53 232.93 357.02 243.87 352.88 246.33 346.39 235.39 container
252.23 515.31 257.53 521.38 241.82 535.09 236.52 529.02 medium_vessel
558.94 118.25 562.04 123.1 554.15 128.14 551.05 123.29 container
550.47 123.33 553.67 128.12 536.42 139.62 533.22 134.83 container
488.82 163.09 492.19 168.35 483.34 174.01 479.97 168.75 container
372.9 234.13 376.0 238.98 367.63 244.33 364.53 239.48 container
153.03 716.18 176.64 745.54 53.68 844.41 30.07 815.05 large_vessel
1205.91 187.01 1213.61 186.79 1214.16 206.28 1206.46 206.5 large_vehicle
1190.78 234.24 1196.53 233.73 1197.84 248.71 1192.09 249.22 large_vehicle
498.08 157.3 501.44 162.56 492.59 168.22 489.23 162.96 container
1209.74 245.6 1217.44 245.38 1217.97 264.11 1210.27 264.33 large_vehicle
417.61 206.5 420.71 211.34 411.85 217.0 408.75 212.16 container
461.45 202.0 465.37 208.02 454.66 214.98 450.74 208.96 container
399.72 217.49 402.83 222.34 394.71 227.54 391.6 222.69 container
