937.39 537.78 942.29 535.58 947.93 548.12 943.03 550.32 heavy_equipment
1156.36 275.95 1163.04 274.48 1167.09 292.87 1160.41 294.34 large_vehicle
703.2 445.88 708.61 445.03 710.67 458.0 705.26 458.85 heavy_equipment
1229.04 598.98 1235.42 594.69 1245.25 609.32 1238.87 613.61 large_vehicle
737.16 466.58 743.37 462.67 752.44 477.07 746.23 480.98 large_vehicle
691.98 349.74 696.14 342.91 708.37 350.34 704.21 357.17 heavy_equipment
689.3 365.38 690.65 358.39 701.57 360.49 700.22 367.48 heavy_equipment
713.06 304.99 720.19 305.21 719.78 318.2 712.65 317.98 heavy_equipment
734.53 311.49 740.04 314.36 730.91 331.83 725.4 328.96 large_vehicle
664.68 245.85 683.29 245.17 683.53 251.56 664.92 252.24 heavy_equipment
