1199.57 1077.53 1260.01 1033.77 1306.22 1097.6 1245.78 1141.36 large_aircraft
653.71 615.94 660.87 611.54 686.04 652.45 678.88 656.85 heavy_equipment
800.24 766.53 806.62 761.91 817.35 776.73 810.97 781.35 large_vehicle
931.88 986.41 937.24 980.64 950.63 993.08 945.27 998.85 large_vehicle
1039.59 1206.36 1039.85 1198.11 1063.14 1198.84 1062.88 1207.09 heavy_equipment
703.79 677.88 710.44 679.27 705.0 705.33 698.35 703.94 heavy_equipment
929.49 979.76 932.68 985.8 912.63 996.42 909.44 990.38 heavy_equipment
1004.58 1109.39 1010.64 1105.72 1018.75 1119.12 1012.69 1122.79 medium_vehicle
1016.34 1184.21 1015.0 1177.51 1036.6 1173.2 1037.94 1179.9 heavy_equipment
653.68 533.69 660.82 530.64 668.47 548.56 661.33 551.61 large_vehicle
391.98 238.6 392.46 232.13 410.34 233.44 409.86 239.91 heavy_equipment
1062.96 45.51 1067.68 42.1 1074.97 52.17 1070.25 55.58 medium_vehicle
376.65 186.9 385.43 185.05 391.95 215.96 383.17 217.81 heavy_equipment
