435.37 1155.93 441.86 1153.9 447.32 1171.29 440.83 1173.32 large_vehicle
307.32 760.26 314.4 758.19 319.09 774.22 312.01 776.29 large_vehicle
372.62 966.03 377.56 964.38 381.45 976.0 376.51 977.65 medium_vehicle
1180.07 78.67 1203.96 68.73 1215.02 95.31 1191.13 105.25 small_aircraft
39.32 25.78 43.44 24.99 45.58 36.09 41.46 36.88 medium_vehicle
1259.23 46.41 1277.98 41.07 1282.69 57.62 1263.94 62.96 small_aircraft
518.47 1051.76 536.73 1048.93 537.76 1055.55 519.5 1058.38 large_vehicle
1213.7 415.97 1231.4 407.18 1236.7 417.86 1219.0 426.65 small_aircraft
553.19 1254.01 564.72 1250.69 566.22 1255.88 554.69 1259.2 medium_vehicle
547.17 1048.91 554.89 1059.3 549.62 1063.21 541.9 1052.82 medium_vehicle
267.87 713.87 273.5 712.36 276.52 723.63 270.89 725.14 medium_vehicle
68.99 125.26 74.51 122.06 79.64 130.9 74.12 134.1 medium_vehicle
401.92 1052.43 406.53 1051.13 409.5 1061.62 404.89 1062.92 medium_vehicle
546.44 1234.07 559.07 1232.01 559.95 1237.34 547.32 1239.4 heavy_equipment
422.16 1199.14 427.14 1197.43 431.94 1211.36 426.96 1213.07 medium_vehicle
54.92 675.92 60.74 674.11 65.07 688.02 59.25 689.83 medium_vehicle
206.77 407.25 212.78 405.15 217.33 418.16 211.32 420.26 medium_vehicle
1209.92 57.69 1246.56 43.92 1260.27 80.4 1223.63 94.17 small_aircraft
550.19 1266.99 554.52 1279.72 549.41 1281.46 545.08 1268.73 medium_vehicle
