220.3 451.91 223.84 449.2 231.1 458.7 227.56 461.41 large_vehicle
211.38 444.56 214.94 442.03 221.18 450.78 217.62 453.31 large_vehicle
272.41 102.23 295.29 81.49 352.0 144.03 329.12 164.77 large_vessel
224.34 493.01 227.93 489.94 234.43 497.54 230.84 500.61 large_vehicle
134.72 11.87 138.99 8.34 147.71 18.89 143.44 22.42 double_trailer_truck
177.47 340.33 190.77 324.31 194.71 327.58 181.41 343.6 large_vehicle
177.64 374.86 191.99 360.5 195.55 364.06 181.2 378.42 large_vehicle
187.36 353.77 200.62 337.8 203.78 340.43 190.52 356.4 large_vehicle
219.17 496.93 222.03 494.13 230.92 503.18 228.06 505.98 large_vehicle
238.42 355.47 242.35 352.05 248.47 359.09 244.54 362.51 large_vehicle
253.58 381.25 258.66 379.37 263.16 391.54 258.08 393.42 large_vehicle
36.23 697.57 39.52 699.02 36.58 705.71 33.29 704.26 medium_vessel
233.89 363.32 237.09 360.04 244.06 366.86 240.86 370.14 large_vehicle
102.08 224.37 109.45 214.49 114.18 218.01 106.81 227.89 container
294.38 443.0 299.47 442.31 301.33 456.04 296.24 456.73 large_vehicle
125.73 807.46 136.24 813.82 119.54 841.39 109.03 835.03 large_vessel
28.53 49.93 35.35 58.79 30.94 62.19 24.12 53.33 medium_vessel
40.52 56.97 48.72 62.79 45.06 67.94 36.86 62.12 medium_vessel
41.43 455.54 64.67 437.52 108.11 493.53 84.87 511.55 large_vessel
217.74 483.92 221.39 480.94 228.79 490.02 225.14 493.0 large_vehicle
244.1 370.43 247.25 367.73 254.94 376.7 251.79 379.4 large_vehicle
173.5 437.82 177.2 434.21 183.6 440.76 179.9 444.37 large_vehicle
153.0 368.2 156.23 365.39 164.83 375.26 161.6 378.07 large_vehicle
274.32 399.31 277.3 396.72 284.72 405.26 281.74 407.85 large_vehicle
165.53 711.95 174.95 713.86 170.56 735.44 161.14 733.53 medium_vessel
289.81 446.12 295.91 444.68 299.27 458.91 293.17 460.35 large_vehicle
7.35 22.23 15.89 28.97 11.98 33.92 3.44 27.18 medium_vessel
184.43 345.49 197.05 329.34 201.34 332.69 188.72 348.84 large_vehicle
296.0 439.25 299.27 436.41 307.11 445.43 303.84 448.27 large_vehicle
185.47 348.6 197.67 332.71 202.34 336.29 190.14 352.18 large_vehicle
33.35 353.59 41.52 343.86 46.19 347.78 38.02 357.51 container
189.76 980.52 216.07 974.35 218.94 986.59 192.63 992.76 large_vessel
227.02 310.34 264.0 281.03 336.66 372.71 299.68 402.02 large_vessel
229.26 468.8 232.96 465.64 241.58 475.77 237.88 478.93 large_vehicle
294.04 410.2 299.84 412.15 294.39 428.35 288.59 426.4 large_vehicle
169.79 367.76 183.18 352.34 187.02 355.68 173.63 371.1 large_vehicle
36.84 701.41 42.32 702.76 39.39 714.69 33.91 713.34 medium_vessel
18.52 -1.78 24.99 4.36 21.3 8.24 14.83 2.09 medium_vessel
36.89 61.2 43.62 68.94 39.16 72.82 32.43 65.08 medium_vessel
234.35 465.96 237.73 462.65 247.17 472.26 243.79 475.57 large_vehicle
195.97 430.27 198.82 427.47 208.23 437.05 205.38 439.85 large_vehicle
33.08 346.9 38.65 340.26 42.14 343.18 36.57 349.82 container
193.74 363.4 206.84 347.62 211.08 351.14 197.98 366.92 large_vehicle
116.91 437.37 122.0 429.36 127.49 432.84 122.4 440.85 heavy_equipment
273.17 17.06 308.58 -10.99 389.82 91.51 354.41 119.57 large_vessel
247.68 365.9 250.66 363.31 257.3 370.95 254.32 373.54 large_vehicle
32.31 46.58 40.15 53.89 36.18 58.15 28.34 50.84 medium_vessel
106.62 153.13 126.15 139.61 164.92 195.61 145.39 209.13 large_vessel
298.72 433.38 301.79 430.2 311.17 439.23 308.1 442.41 large_vehicle
286.42 416.86 291.83 416.74 292.16 431.43 286.75 431.55 large_vehicle
189.93 355.94 203.07 340.12 205.73 342.33 192.59 358.15 large_vehicle
273.11 404.43 278.26 403.53 280.71 417.6 275.56 418.5 large_vehicle
192.98 359.65 205.47 343.14 208.27 345.25 195.78 361.76 large_vehicle
295.3 490.42 299.83 492.74 291.14 509.72 286.61 507.4 medium_vessel
281.17 407.39 284.31 404.67 292.13 413.66 288.99 416.38 large_vehicle
257.38 378.35 260.76 375.41 268.79 384.65 265.41 387.59 large_vehicle
286.65 447.73 292.26 446.4 295.21 458.89 289.6 460.22 large_vehicle
557.79 309.75 609.98 289.3 614.55 300.96 562.36 321.41 large_vessel
507.74 387.7 586.22 365.64 593.53 391.65 515.05 413.71 large_vessel
162.87 346.06 176.28 329.91 179.99 333.0 166.58 349.15 large_vehicle
104.33 7.85 108.62 4.81 114.01 12.42 109.72 15.46 medium_vessel
55.86 66.66 61.68 70.19 52.1 86.01 46.28 82.48 medium_vessel
199.63 426.63 202.56 423.74 211.3 432.63 208.37 435.52 large_vehicle
130.48 13.48 134.23 10.38 143.36 21.41 139.61 24.51 double_trailer_truck
