1107.16 413.34 1113.07 412.75 1114.91 431.18 1109.0 431.77 container
957.59 844.32 977.61 835.06 980.02 840.28 960.0 849.54 large_vehicle
1130.51 475.93 1139.4 470.88 1141.8 475.1 1132.91 480.15 medium_vehicle
799.19 258.86 820.11 253.88 821.35 259.07 800.43 264.05 container
1138.73 499.16 1137.09 494.83 1145.15 491.77 1146.79 496.1 medium_vehicle
1079.99 462.02 1090.88 470.41 1087.53 474.77 1076.64 466.38 medium_vehicle
1123.95 459.3 1120.88 455.29 1128.27 449.62 1131.34 453.63 medium_vehicle
691.38 1117.08 713.33 1127.83 710.77 1133.06 688.82 1122.31 large_vehicle
908.85 1217.35 921.09 1216.45 921.52 1222.3 909.28 1223.2 medium_vehicle
1126.75 463.8 1123.68 459.79 1131.07 454.12 1134.14 458.13 medium_vehicle
1141.49 508.21 1140.27 503.74 1148.59 501.46 1149.81 505.93 medium_vehicle
957.15 854.59 979.31 843.78 981.99 849.27 959.83 860.08 large_vehicle
1116.37 450.52 1123.15 455.74 1119.9 459.95 1113.12 454.73 medium_vehicle
1140.43 504.33 1138.79 500.0 1146.85 496.94 1148.49 501.27 medium_vehicle
865.53 553.18 859.61 545.46 864.77 541.5 870.69 549.22 medium_vehicle
1026.56 481.34 1028.72 486.57 1011.72 493.58 1009.56 488.35 bus
855.69 548.5 849.53 540.47 854.16 536.91 860.32 544.94 medium_vehicle
914.28 994.63 925.21 989.58 927.33 994.17 916.4 999.22 medium_vehicle
1132.87 480.25 1142.03 475.72 1144.08 479.88 1134.92 484.41 medium_vehicle
1036.93 399.95 1043.95 397.62 1050.03 416.02 1043.01 418.35 container
795.28 971.48 859.31 953.0 874.55 1005.82 810.52 1024.3 pylon
903.31 993.67 913.62 988.91 915.58 993.17 905.27 997.93 medium_vehicle
1129.45 469.0 1126.38 464.99 1133.77 459.32 1136.84 463.33 medium_vehicle
1136.01 489.75 1145.26 485.38 1147.07 489.23 1137.82 493.6 medium_vehicle
582.7 1202.91 605.82 1191.63 608.26 1196.63 585.14 1207.91 large_vehicle
1134.2 485.15 1143.45 480.78 1145.44 484.98 1136.19 489.35 medium_vehicle
1064.25 395.99 1068.94 393.81 1073.05 402.64 1068.36 404.82 medium_vehicle
1121.64 453.85 1118.57 449.84 1125.96 444.17 1129.03 448.18 medium_vehicle
