334.48 566.94 375.31 547.12 394.76 587.18 353.93 607.0 pylon
11.57 861.88 29.16 853.42 31.58 858.43 13.99 866.89 large_vehicle
905.74 141.36 924.94 119.58 930.33 124.33 911.13 146.11 large_vehicle
912.55 21.3 936.68 9.06 939.89 15.38 915.76 27.62 large_vehicle
897.91 38.54 948.33 15.46 969.2 61.04 918.78 84.12 pylon
866.62 229.61 882.11 214.01 886.81 218.68 871.32 234.28 large_vehicle
55.13 841.97 71.15 832.87 73.89 837.69 57.87 846.79 large_vehicle
353.68 672.36 375.52 659.9 378.27 664.72 356.43 677.18 large_vehicle
668.71 291.84 728.05 274.71 741.63 321.76 682.29 338.89 pylon
404.12 1094.35 414.07 1094.22 414.12 1098.05 404.17 1098.18 medium_vehicle
774.12 1265.82 781.99 1265.26 782.73 1275.58 774.86 1276.14 medium_vehicle
555.46 271.23 588.43 281.43 586.79 286.73 553.82 276.53 double_trailer_truck
32.68 853.1 55.1 841.73 57.61 846.69 35.19 858.06 large_vehicle
