1228.06 1064.09 1226.89 1056.71 1256.69 1051.99 1257.86 1059.37 container
1231.45 935.99 1229.83 928.56 1250.34 924.09 1251.96 931.52 container
1262.86 1074.89 1262.02 1070.25 1275.82 1067.74 1276.66 1072.38 container
1232.44 1006.33 1230.9 997.83 1257.58 992.98 1259.12 1001.48 container
1098.57 814.34 1100.74 821.68 1087.47 825.61 1085.3 818.27 container
1272.26 999.89 1270.86 992.18 1279.65 990.58 1281.05 998.29 container
1260.16 1065.39 1258.94 1058.69 1272.74 1056.18 1273.96 1062.88 container
1275.57 1067.69 1274.65 1062.62 1280.19 1061.61 1281.11 1066.68 container
1081.18 814.84 1083.09 822.24 1069.69 825.71 1067.78 818.31 container
1230.73 948.35 1229.16 941.18 1253.47 935.88 1255.04 943.05 container
1231.7 998.83 1230.14 991.67 1256.96 985.83 1258.52 992.99 container
1274.25 1062.72 1273.03 1056.02 1280.21 1054.72 1281.43 1061.42 container
1213.33 922.35 1212.03 914.82 1225.66 912.46 1226.96 919.99 container
1216.19 931.97 1214.89 924.44 1228.52 922.08 1229.82 929.61 container
1232.81 940.81 1231.72 935.81 1251.92 931.41 1253.01 936.41 container
1003.93 838.38 1054.66 813.2 1188.32 1082.47 1137.59 1107.65 large_vessel
1127.06 1130.85 1162.33 1113.8 1243.62 1281.95 1208.35 1299.0 large_vessel
1264.36 1079.47 1263.52 1074.85 1277.31 1072.34 1278.15 1076.96 container
1160.03 1106.99 1195.3 1089.94 1286.01 1277.58 1250.74 1294.63 large_vessel
1194.06 951.74 1192.52 943.25 1217.22 938.77 1218.76 947.26 container
1261.56 1070.19 1260.72 1065.55 1274.52 1063.04 1275.36 1067.68 container
1233.81 955.32 1231.89 946.54 1256.13 941.26 1258.05 950.04 container
