811.44 1185.11 834.97 1185.6 834.72 1197.46 811.19 1196.97 medium_vessel
742.63 1210.34 759.47 1227.9 754.69 1232.48 737.85 1214.92 medium_vessel
894.68 1220.06 910.68 1219.53 910.96 1227.79 894.96 1228.32 medium_vessel
755.6 1198.51 771.15 1216.08 766.18 1220.48 750.63 1202.91 medium_vessel
884.13 1208.11 902.54 1205.91 903.74 1215.96 885.33 1218.16 medium_vessel
801.09 1216.85 822.33 1213.86 823.73 1223.88 802.49 1226.87 medium_vessel
890.44 1189.56 906.45 1189.03 906.66 1195.33 890.65 1195.86 medium_vessel
828.56 1214.95 852.07 1215.44 851.85 1226.15 828.34 1225.66 medium_vessel
647.1 251.61 655.62 259.54 653.07 262.29 644.55 254.36 large_vehicle
898.23 1195.25 908.99 1194.89 909.2 1201.18 898.44 1201.54 medium_vessel
848.52 1246.03 870.29 1243.44 871.33 1252.14 849.56 1254.73 medium_vessel
812.41 1232.42 831.94 1230.09 833.24 1240.99 813.71 1243.32 medium_vessel
479.93 514.36 487.67 514.23 487.72 517.8 479.98 517.93 medium_vehicle
477.37 510.16 485.1 510.03 485.17 514.19 477.44 514.32 medium_vehicle
737.5 1214.68 752.01 1229.81 747.22 1234.41 732.71 1219.28 medium_vessel
