1088.85 697.39 1094.72 695.56 1098.87 708.88 1093.0 710.71 container
1266.98 339.81 1267.21 349.27 1238.52 349.97 1238.29 340.51 medium_vessel
553.07 659.32 554.7 665.66 532.64 671.32 531.01 664.98 large_vehicle
1083.42 157.64 1092.56 159.07 1088.02 188.05 1078.88 186.62 medium_vessel
1242.66 221.29 1245.72 225.58 1228.13 238.13 1225.07 233.84 medium_vessel
1275.17 103.92 1271.65 111.83 1249.5 101.97 1253.02 94.06 medium_vessel
1064.51 672.33 1080.55 665.39 1083.18 671.46 1067.14 678.4 medium_vehicle
1231.77 121.29 1229.55 130.01 1205.14 123.79 1207.36 115.07 medium_vessel
1262.97 974.15 1269.18 972.92 1271.95 986.91 1265.74 988.14 container
159.49 330.41 166.09 330.33 166.3 347.34 159.7 347.42 medium_vehicle
563.17 757.79 569.5 754.73 578.07 772.43 571.74 775.49 large_vehicle
1231.3 204.11 1232.82 208.3 1215.66 214.51 1214.14 210.32 medium_vessel
583.95 986.44 588.99 984.61 593.2 996.19 588.16 998.02 medium_vehicle
360.45 155.09 365.69 154.91 366.25 170.9 361.01 171.08 medium_vehicle
524.63 811.73 529.37 810.38 533.43 824.64 528.69 825.99 medium_vehicle
1227.19 58.93 1224.43 69.78 1221.4 69.01 1224.16 58.16 small_vessel
919.93 171.53 924.74 171.46 924.95 185.29 920.14 185.36 medium_vehicle
1084.55 605.83 1091.64 604.17 1097.96 631.13 1090.87 632.79 large_vehicle
560.86 432.43 559.82 438.87 545.61 436.59 546.65 430.15 large_vehicle
591.61 969.02 596.71 967.16 600.6 977.85 595.5 979.71 medium_vehicle
1273.46 364.94 1275.58 372.85 1253.4 378.8 1251.28 370.89 medium_vessel
537.0 815.4 542.51 813.23 548.37 828.08 542.86 830.25 medium_vehicle
927.43 426.22 928.59 431.76 915.96 434.4 914.8 428.86 medium_vehicle
836.91 460.53 837.32 467.4 819.17 468.48 818.76 461.61 medium_vehicle
750.81 790.82 755.66 789.34 758.82 799.68 753.97 801.16 medium_vehicle
562.89 192.14 560.38 212.35 552.73 211.4 555.24 191.19 large_vehicle
483.05 838.43 501.31 832.74 503.26 838.99 485.0 844.68 medium_vehicle
1046.16 321.46 1045.62 327.89 1031.02 326.67 1031.56 320.24 container
1212.44 1226.77 1218.97 1223.53 1232.96 1251.72 1226.43 1254.96 large_vehicle
711.31 179.22 711.62 185.73 690.04 186.75 689.73 180.24 large_vehicle
1266.24 322.91 1274.15 321.78 1277.9 348.14 1269.99 349.27 medium_vessel
1038.48 140.4 1050.39 143.75 1049.14 148.22 1037.23 144.87 small_vessel
1257.39 235.29 1260.98 235.15 1261.32 243.61 1257.73 243.75 small_vessel
314.85 238.59 320.75 238.41 321.24 254.9 315.34 255.08 medium_vehicle
688.93 855.47 694.14 853.35 698.71 864.6 693.5 866.72 medium_vehicle
1019.83 178.77 1019.84 183.26 1007.15 183.29 1007.14 178.8 small_vessel
1076.59 607.16 1083.69 605.5 1090.49 634.49 1083.39 636.15 large_vehicle
592.36 783.96 598.66 783.81 599.13 802.89 592.83 803.04 large_vehicle
1277.87 397.73 1281.03 405.95 1258.05 414.77 1254.89 406.55 medium_vessel
1020.88 371.61 1019.78 378.5 996.61 374.79 997.71 367.9 heavy_equipment
543.02 616.75 561.73 614.32 562.7 621.83 543.99 624.26 medium_vehicle
1264.83 351.92 1266.95 359.83 1244.77 365.78 1242.65 357.87 medium_vessel
1242.61 148.97 1242.19 154.01 1227.22 152.78 1227.64 147.74 medium_vessel
627.34 762.98 632.88 761.29 638.4 779.36 632.86 781.05 container
877.91 192.3 878.24 197.21 863.28 198.23 862.95 193.32 medium_vehicle
1273.51 134.36 1273.34 138.5 1264.28 138.14 1264.45 134.0 small_vessel
1281.03 111.59 1279.41 115.62 1271.47 112.43 1273.09 108.4 small_vessel
1039.87 138.52 1045.33 129.53 1048.92 131.71 1043.46 140.7 small_vessel
125.88 213.73 132.32 222.93 127.46 226.34 121.02 217.14 medium_vehicle
193.04 60.57 195.5 55.07 205.88 59.71 203.42 65.21 medium_vehicle
694.15 868.32 699.18 866.28 703.64 877.26 698.61 879.3 medium_vehicle
1020.69 146.69 1029.96 147.03 1029.82 150.93 1020.55 150.59 small_vessel
483.68 845.55 503.06 840.57 504.44 845.95 485.06 850.93 medium_vehicle
305.85 746.25 310.91 744.98 314.35 758.67 309.29 759.94 medium_vehicle
531.47 811.17 536.27 810.05 539.65 824.48 534.85 825.6 medium_vehicle
1236.27 429.09 1241.01 436.43 1237.98 438.38 1233.24 431.04 small_vessel
283.26 408.12 290.48 407.16 293.09 426.68 285.87 427.64 medium_vehicle
1208.61 202.01 1220.12 199.83 1220.84 203.63 1209.33 205.81 small_vessel
1266.91 118.36 1265.19 127.13 1239.48 122.09 1241.2 113.32 medium_vessel
1036.79 668.23 1049.84 662.58 1052.18 667.98 1039.13 673.63 medium_vehicle
1221.14 460.06 1220.37 447.77 1225.86 447.43 1226.63 459.72 small_vessel
861.93 193.17 862.24 199.68 844.84 200.5 844.53 193.99 medium_vehicle
1018.0 139.65 1023.99 119.03 1030.34 120.87 1024.35 141.49 medium_vessel
517.03 812.83 522.45 811.29 526.51 825.54 521.09 827.08 container
546.72 638.24 548.44 644.92 519.91 652.24 518.19 645.56 large_vehicle
1197.7 477.2 1196.15 469.93 1211.66 466.63 1213.21 473.9 medium_vessel
681.65 829.22 686.34 827.26 690.58 837.41 685.89 839.37 medium_vehicle
768.45 1035.89 773.14 1033.17 780.78 1046.36 776.09 1049.08 medium_vehicle
565.8 688.96 567.07 694.77 548.52 698.82 547.25 693.01 medium_vehicle
1250.7 241.54 1254.1 246.31 1237.79 257.94 1234.39 253.17 medium_vessel
748.11 867.74 752.53 868.58 750.58 878.8 746.16 877.96 medium_vehicle
1081.95 336.73 1086.4 338.49 1082.43 348.58 1077.98 346.82 medium_vehicle
1231.52 220.64 1233.38 224.03 1223.18 229.62 1221.32 226.23 small_vessel
1242.84 235.72 1246.25 240.5 1233.94 249.28 1230.53 244.5 medium_vessel
748.65 853.61 752.56 856.86 745.15 865.78 741.24 862.53 medium_vehicle
561.47 680.37 563.15 686.9 545.51 691.43 543.83 684.9 medium_vehicle
910.28 168.33 916.01 168.24 916.2 180.25 910.47 180.34 medium_vehicle
546.14 645.97 547.86 652.64 525.06 658.5 523.34 651.83 large_vehicle
503.16 798.35 520.47 790.2 523.26 796.13 505.95 804.28 large_vehicle
1231.86 217.26 1233.18 220.91 1219.43 225.89 1218.11 222.24 medium_vessel
508.02 852.15 479.08 861.72 476.77 854.72 505.71 845.15 large_vehicle
1280.91 54.43 1279.79 59.65 1270.92 57.75 1272.04 52.53 medium_vessel
1238.83 171.46 1237.93 176.5 1221.3 173.54 1222.2 168.5 medium_vessel
904.61 162.74 909.62 162.66 909.79 173.95 904.78 174.03 medium_vehicle
1244.68 141.4 1243.87 145.93 1231.41 143.72 1232.22 139.19 small_vessel
756.03 788.98 760.89 787.49 764.05 797.82 759.19 799.31 medium_vehicle
1063.17 167.58 1064.2 162.77 1074.38 164.95 1073.35 169.76 small_vessel
964.29 178.2 964.14 182.23 955.11 181.89 955.26 177.86 small_vessel
1047.0 165.61 1050.52 153.8 1055.31 155.23 1051.79 167.04 small_vessel
473.43 800.78 487.88 793.7 490.76 799.58 476.31 806.66 medium_vehicle
987.82 357.27 987.34 362.99 972.09 361.71 972.57 355.99 container
515.4 858.93 481.99 869.98 479.56 862.65 512.97 851.6 large_vehicle
1236.38 221.69 1238.35 225.03 1226.23 232.2 1224.26 228.86 medium_vessel
1052.51 661.41 1068.17 654.64 1070.5 660.04 1054.84 666.81 medium_vehicle
838.41 466.77 838.87 474.5 818.58 475.7 818.12 467.97 large_vehicle
894.91 167.88 899.62 167.81 899.79 179.11 895.08 179.18 medium_vehicle
1116.93 643.2 1141.58 632.53 1144.12 638.41 1119.47 649.08 container
1239.09 309.1 1236.46 303.47 1249.54 297.37 1252.17 303.0 small_vessel
1280.05 410.59 1284.12 421.18 1258.86 430.88 1254.79 420.29 medium_vessel
586.22 782.77 592.52 782.62 592.99 802.17 586.69 802.32 large_vehicle
583.09 735.68 589.16 734.01 594.38 753.1 588.31 754.77 medium_vehicle
1253.1 236.76 1256.48 235.54 1259.35 243.5 1255.97 244.72 small_vessel
514.49 845.45 535.56 843.12 536.3 849.85 515.23 852.18 large_vehicle
549.9 652.46 551.62 659.14 529.33 664.86 527.61 658.18 large_vehicle
564.75 636.82 572.34 636.4 573.48 656.86 565.89 657.28 large_vehicle
1229.67 188.35 1228.9 194.54 1210.36 192.23 1211.13 186.04 medium_vessel
318.0 441.76 323.52 440.82 326.23 456.84 320.71 457.78 medium_vehicle
564.97 793.12 580.19 818.85 574.66 822.12 559.44 796.39 large_vehicle
745.71 841.18 750.63 839.87 753.55 850.83 748.63 852.14 medium_vehicle
988.86 351.61 988.38 357.33 973.13 356.05 973.61 350.33 container
891.6 187.93 894.82 192.62 880.44 202.47 877.22 197.78 medium_vehicle
838.21 501.11 844.18 505.05 832.45 522.77 826.48 518.83 medium_vehicle
1024.49 155.3 1024.04 167.16 1020.16 167.01 1020.61 155.15 small_vessel
1245.36 87.21 1244.07 92.28 1234.72 89.89 1236.01 84.82 small_vessel
1118.65 648.94 1143.3 638.27 1146.68 646.08 1122.03 656.75 container
1278.92 431.51 1282.23 440.13 1262.87 447.56 1259.56 438.94 medium_vessel
556.36 673.3 558.03 679.83 540.11 684.43 538.44 677.9 medium_vehicle
598.32 955.6 603.77 953.14 610.65 968.37 605.2 970.83 medium_vehicle
650.19 795.9 654.07 801.8 644.01 808.41 640.13 802.51 medium_vehicle
870.23 176.01 870.83 181.12 855.92 182.85 855.32 177.74 medium_vehicle
381.81 244.07 387.07 243.89 387.64 260.03 382.38 260.21 medium_vehicle
307.42 263.46 313.7 262.9 315.07 278.27 308.79 278.83 medium_vehicle
1271.67 109.8 1269.49 118.17 1246.03 112.06 1248.21 103.69 medium_vessel
1281.19 60.06 1280.07 65.28 1268.84 62.88 1269.96 57.66 medium_vessel
1096.74 153.44 1101.78 155.36 1097.59 166.34 1092.55 164.42 small_vessel
739.88 816.88 745.1 814.76 750.06 826.99 744.84 829.11 medium_vehicle
509.09 815.53 514.94 813.86 519.06 828.31 513.21 829.98 container
566.12 659.63 573.71 659.21 575.31 687.95 567.72 688.37 large_vehicle
1049.19 143.81 1054.31 134.62 1058.22 136.8 1053.1 145.99 small_vessel
212.29 846.41 223.85 843.29 225.61 849.8 214.05 852.92 medium_vehicle
568.74 751.45 575.07 748.39 583.4 765.62 577.07 768.68 medium_vehicle
1266.02 131.11 1262.74 138.15 1238.99 127.08 1242.27 120.04 medium_vessel
1249.85 751.6 1256.02 749.74 1262.09 769.98 1255.92 771.84 large_vehicle
1225.08 138.86 1222.18 145.05 1207.77 138.33 1210.67 132.14 medium_vessel
808.74 1128.78 813.53 1126.23 823.43 1144.77 818.64 1147.32 large_vehicle
1273.55 17.68 1268.6 31.64 1264.03 30.02 1268.98 16.06 medium_vessel
899.51 189.69 904.04 189.7 904.01 198.74 899.48 198.73 medium_vehicle
473.03 673.31 471.34 683.89 466.13 683.06 467.82 672.48 medium_vehicle
1221.63 1221.85 1227.61 1218.44 1243.06 1245.53 1237.08 1248.94 large_vehicle
546.28 630.72 547.88 636.96 516.55 645.01 514.95 638.77 large_vehicle
1282.77 83.94 1280.03 92.16 1257.1 84.49 1259.84 76.27 medium_vessel
1066.9 609.89 1073.5 607.93 1080.76 632.44 1074.16 634.4 container
667.76 172.01 668.19 181.1 647.81 182.07 647.38 172.98 large_vehicle
1060.14 182.78 1060.21 177.86 1070.63 178.03 1070.56 182.95 small_vessel
1244.14 977.86 1250.65 976.01 1257.2 999.01 1250.69 1000.86 container
1274.52 23.69 1270.95 33.77 1268.12 32.77 1271.69 22.69 small_vessel
1245.19 20.12 1241.72 31.91 1235.95 30.22 1239.42 18.43 small_vessel
214.38 853.73 225.93 850.61 227.68 857.11 216.13 860.23 medium_vehicle
1236.56 165.71 1235.66 170.75 1220.69 168.08 1221.59 163.04 medium_vessel
900.01 168.07 904.49 168.0 904.66 179.3 900.18 179.37 medium_vehicle
1099.07 730.89 1105.38 728.92 1112.87 752.95 1106.56 754.92 container
1215.94 478.27 1216.83 485.62 1202.28 487.38 1201.39 480.03 container
525.36 382.92 530.75 379.43 539.03 392.23 533.64 395.72 medium_vehicle
1235.68 184.34 1234.71 190.05 1218.6 187.33 1219.57 181.62 medium_vessel
594.32 981.71 599.46 979.84 604.98 994.98 599.84 996.85 medium_vehicle
1020.68 141.48 1032.01 142.26 1031.75 146.15 1020.42 145.37 small_vessel
553.58 666.65 555.25 673.18 536.85 677.9 535.18 671.37 medium_vehicle
742.15 828.96 747.38 827.57 750.61 839.74 745.38 841.13 medium_vehicle
983.45 149.72 983.24 155.2 974.2 154.85 974.41 149.37 small_vessel
1223.63 193.43 1223.04 199.64 1208.36 198.26 1208.95 192.05 medium_vessel
1075.49 632.43 1081.82 630.55 1086.57 646.59 1080.24 648.47 container
1234.51 33.2 1231.55 43.25 1226.9 41.88 1229.86 31.83 small_vessel
237.78 454.08 243.56 453.08 246.44 469.77 240.66 470.77 medium_vehicle
1241.44 228.95 1244.64 233.43 1230.41 243.58 1227.21 239.1 medium_vessel
1260.93 220.63 1266.46 219.07 1271.04 235.38 1265.51 236.94 medium_vessel
519.19 795.03 538.26 793.52 538.77 800.05 519.7 801.56 large_vehicle
524.01 446.16 525.86 440.01 540.54 444.44 538.69 450.59 medium_vehicle
1237.54 161.8 1236.78 166.05 1224.33 163.83 1225.09 159.58 small_vessel
566.33 169.49 563.03 190.8 555.33 189.61 558.63 168.3 large_vehicle
1270.95 219.41 1275.79 216.72 1281.88 227.66 1277.04 230.35 small_vessel
1282.28 75.64 1279.75 83.19 1261.29 77.02 1263.82 69.47 medium_vessel
572.14 775.63 578.21 772.09 586.76 786.78 580.69 790.32 medium_vehicle
661.04 804.28 664.62 811.0 647.04 820.34 643.46 813.62 large_vehicle
513.09 631.15 544.18 624.37 545.54 630.6 514.45 637.38 large_vehicle
1046.74 315.52 1046.26 321.24 1032.01 320.05 1032.49 314.33 container
1079.54 189.9 1084.59 191.83 1080.49 202.55 1075.44 200.62 small_vessel
564.06 359.43 565.76 395.3 557.4 395.69 555.7 359.82 large_vehicle
250.38 188.7 255.48 189.99 251.45 205.89 246.35 204.6 medium_vehicle
1275.94 92.42 1274.2 100.9 1251.99 96.34 1253.73 87.86 medium_vessel
1246.17 145.44 1245.71 151.08 1230.74 149.85 1231.2 144.21 medium_vessel
325.45 282.83 329.93 280.07 338.44 293.9 333.96 296.66 medium_vehicle
1211.23 210.45 1210.17 206.13 1224.09 202.68 1225.15 207.0 small_vessel
1081.69 136.62 1094.97 140.01 1093.56 145.52 1080.28 142.13 small_vessel
1258.38 774.37 1264.31 772.59 1268.3 785.88 1262.37 787.66 medium_vehicle
1273.49 212.82 1278.33 210.13 1284.42 221.07 1279.58 223.76 small_vessel
507.43 622.9 541.79 617.34 542.96 624.56 508.6 630.12 large_vehicle
1047.72 309.74 1047.25 315.32 1033.31 314.14 1033.78 308.56 container
1239.2 176.92 1237.81 184.71 1215.29 180.7 1216.68 172.91 medium_vessel
1019.75 148.79 1015.02 160.28 1011.4 158.79 1016.13 147.3 small_vessel
1238.93 318.25 1239.99 312.11 1254.21 314.56 1253.15 320.7 small_vessel
1227.99 432.69 1224.09 414.36 1231.88 412.7 1235.78 431.03 medium_vessel
871.93 496.3 872.32 502.78 852.67 503.95 852.28 497.47 medium_vehicle
1029.02 154.69 1028.1 165.59 1024.23 165.26 1025.15 154.36 small_vessel
185.64 285.59 190.82 289.19 180.78 303.62 175.6 300.02 medium_vehicle
965.42 175.16 965.03 179.17 955.12 178.21 955.51 174.2 small_vessel
230.68 150.16 232.18 144.32 249.54 148.77 248.04 154.61 medium_vehicle
1278.52 24.88 1274.96 34.95 1271.47 33.71 1275.03 23.64 small_vessel
1228.49 214.17 1229.81 217.82 1218.26 222.01 1216.94 218.36 small_vessel
652.78 786.92 655.64 793.97 637.18 801.47 634.32 794.42 large_vehicle
919.55 1215.98 924.46 1213.29 930.0 1223.4 925.09 1226.09 medium_vehicle
1230.81 208.7 1232.33 212.88 1216.63 218.57 1215.11 214.39 medium_vessel
1267.1 223.74 1271.89 221.23 1276.86 230.73 1272.07 233.24 small_vessel
1268.22 330.45 1264.03 343.2 1228.47 331.51 1232.66 318.76 medium_vessel
1017.61 364.5 1016.62 370.71 999.17 367.92 1000.16 361.71 heavy_equipment
1220.99 445.93 1219.7 439.84 1231.83 437.26 1233.12 443.35 small_vessel
627.32 746.01 632.34 743.39 641.55 761.08 636.53 763.7 large_vehicle
890.19 173.57 890.67 179.63 872.24 181.08 871.76 175.02 medium_vehicle
912.13 421.22 912.54 428.15 892.26 429.35 891.85 422.42 large_vehicle
1255.02 225.5 1260.13 222.89 1267.39 237.13 1262.28 239.74 medium_vessel
572.23 739.12 577.96 736.5 585.92 753.91 580.19 756.53 medium_vehicle
1032.28 157.62 1031.15 170.3 1026.86 169.92 1027.99 157.24 small_vessel
694.36 901.7 699.87 900.03 703.65 912.48 698.14 914.15 container
1047.96 273.62 1051.39 270.17 1059.38 278.13 1055.95 281.58 small_vessel
475.74 827.58 493.19 820.78 495.57 826.88 478.12 833.68 medium_vehicle
1254.9 134.58 1252.1 140.58 1238.79 134.38 1241.59 128.38 medium_vessel
1244.34 154.31 1243.83 160.47 1225.67 158.98 1226.18 152.82 medium_vessel
990.27 166.86 990.18 174.86 958.42 174.53 958.51 166.53 medium_vessel
1059.64 187.77 1059.72 182.49 1072.13 182.69 1072.05 187.97 small_vessel
