126.86 -3.07 133.79 11.07 127.56 14.12 120.63 -0.02 medium_vehicle
434.78 93.84 440.42 111.64 433.46 113.85 427.82 96.05 heavy_equipment
444.77 122.04 452.02 140.73 444.45 143.67 437.2 124.98 heavy_equipment
453.11 147.76 460.95 167.99 453.0 171.08 445.16 150.85 heavy_equipment
419.52 58.5 426.2 70.16 420.39 73.48 413.71 61.82 medium_vehicle
537.68 318.89 546.08 336.27 540.24 339.09 531.84 321.71 heavy_equipment
544.41 334.3 553.15 352.37 547.31 355.2 538.57 337.13 heavy_equipment
134.76 -3.41 139.35 5.95 133.12 9.0 128.53 -0.36 medium_vehicle
464.72 174.61 470.79 190.25 462.83 193.33 456.76 177.69 heavy_equipment
550.02 329.9 555.42 339.88 549.98 342.82 544.58 332.84 medium_vehicle
424.74 73.57 430.2 86.84 423.44 89.63 417.98 76.36 heavy_equipment
439.67 107.2 444.71 120.2 437.89 122.84 432.85 109.84 heavy_equipment
