863.5 725.78 868.53 730.91 858.23 741.03 853.2 735.9 small_vessel
1007.3 66.08 1012.2 65.92 1012.61 78.31 1007.71 78.47 medium_vehicle
1096.5 526.4 1101.9 526.4 1101.9 537.69 1096.5 537.69 medium_vehicle
755.0 612.97 764.5 612.97 764.5 619.2 755.0 619.2 heavy_equipment
946.3 904.04 946.55 909.35 935.69 909.84 935.44 904.53 small_vessel
645.82 1266.45 639.36 1269.55 629.81 1249.61 636.27 1246.51 medium_vessel
1096.99 772.92 1091.61 773.26 1090.73 759.74 1096.11 759.4 medium_vehicle
645.03 631.81 638.08 630.93 639.81 617.23 646.76 618.11 small_vessel
657.15 636.62 648.53 636.27 649.67 608.04 658.29 608.39 medium_vessel
662.8 1233.08 666.82 1239.75 648.48 1250.81 644.46 1244.14 medium_vessel
569.04 718.99 567.46 711.97 588.53 707.22 590.11 714.24 medium_vessel
953.4 914.61 948.09 914.94 947.41 903.88 952.72 903.55 small_vessel
1202.09 1187.13 1203.58 1208.96 1196.0 1209.47 1194.51 1187.64 large_vehicle
1075.8 696.2 1081.39 696.2 1081.39 711.3 1075.8 711.3 medium_vehicle
881.09 806.8 877.48 810.7 869.5 803.32 873.11 799.42 small_vessel
749.83 633.07 752.62 628.58 764.33 635.87 761.54 640.36 medium_vehicle
624.17 617.65 616.71 616.44 619.95 596.42 627.41 597.63 medium_vessel
617.76 618.35 609.6 618.24 609.91 596.53 618.07 596.64 medium_vessel
635.21 617.16 628.79 614.34 636.05 597.88 642.47 600.7 medium_vessel
1159.22 1260.08 1159.76 1267.98 1139.68 1269.35 1139.14 1261.45 medium_vehicle
1122.69 682.7 1128.86 681.83 1130.87 696.09 1124.7 696.96 medium_vehicle
690.76 669.96 685.99 664.72 700.28 651.72 705.05 656.96 medium_vehicle
1143.67 1214.74 1144.06 1220.37 1131.47 1221.23 1131.08 1215.6 medium_vehicle
686.05 541.41 678.41 533.01 701.46 512.03 709.1 520.43 medium_vessel
629.44 614.66 622.81 612.38 628.64 595.43 635.27 597.71 medium_vessel
816.52 356.29 821.85 353.69 828.64 367.61 823.31 370.21 medium_vehicle
1021.3 273.88 1026.56 273.0 1028.6 285.18 1023.34 286.06 medium_vehicle
583.3 704.84 583.68 698.11 607.01 699.42 606.63 706.15 medium_vessel
626.68 641.4 619.98 641.53 619.59 621.23 626.29 621.1 medium_vessel
651.95 1255.89 647.95 1258.98 639.61 1248.15 643.61 1245.06 small_vessel
472.3 935.01 468.91 939.79 459.43 933.08 462.82 928.3 small_vessel
652.56 610.37 653.56 602.02 673.82 604.44 672.82 612.79 medium_vessel
1084.98 399.9 1079.06 400.18 1078.52 388.73 1084.44 388.45 medium_vehicle
635.53 638.29 627.94 637.53 629.89 618.06 637.48 618.82 medium_vessel
932.57 966.5 928.95 962.61 936.9 955.2 940.52 959.09 small_vessel
653.85 603.8 653.57 596.24 673.25 595.52 673.53 603.08 medium_vessel
