420.3 409.45 424.62 408.68 426.41 418.63 422.09 419.4 medium_vehicle
576.61 497.76 581.1 497.51 581.81 510.56 577.32 510.81 medium_vehicle
845.24 69.92 850.0 68.53 853.49 80.44 848.73 81.83 medium_vehicle
425.87 573.08 414.36 574.43 413.65 568.39 425.16 567.04 medium_vehicle
516.9 514.27 521.56 514.0 522.3 526.55 517.64 526.82 medium_vehicle
846.51 442.52 851.0 462.77 844.52 464.2 840.03 443.95 bus
406.58 321.54 417.69 320.22 418.2 324.51 407.09 325.83 medium_vehicle
413.48 410.63 417.7 410.33 418.4 420.11 414.18 420.41 medium_vehicle
430.25 619.3 418.91 621.67 417.67 615.72 429.01 613.35 medium_vehicle
872.64 564.78 874.56 581.85 868.34 582.55 866.42 565.48 medium_vehicle
475.25 542.57 479.62 542.25 480.56 554.97 476.19 555.29 medium_vehicle
911.34 663.32 928.52 661.27 929.15 666.62 911.97 668.67 medium_vehicle
875.69 583.79 879.12 600.5 872.99 601.76 869.56 585.05 medium_vehicle
124.57 1137.48 128.83 1136.85 130.69 1149.31 126.43 1149.94 medium_vehicle
71.36 1122.56 76.51 1121.35 79.48 1134.04 74.33 1135.25 medium_vehicle
905.65 674.91 908.64 693.22 902.47 694.23 899.48 675.92 medium_vehicle
856.1 552.57 860.86 551.91 862.54 564.06 857.78 564.72 medium_vehicle
873.02 633.24 875.27 653.3 869.06 654.0 866.81 633.94 medium_vehicle
274.23 929.39 292.16 926.46 293.2 932.82 275.27 935.75 medium_vehicle
803.45 67.19 815.48 64.28 816.66 69.18 804.63 72.09 medium_vehicle
913.06 687.7 930.06 686.33 930.56 692.56 913.56 693.93 medium_vehicle
918.36 680.94 935.35 679.57 935.85 685.8 918.86 687.17 medium_vehicle
408.15 379.92 412.9 379.17 414.73 390.87 409.98 391.62 medium_vehicle
887.64 633.92 893.4 662.01 885.19 663.69 879.43 635.6 large_vehicle
675.41 176.22 688.07 167.55 691.19 172.12 678.53 180.79 medium_vehicle
570.21 534.83 574.78 534.58 575.56 548.41 570.99 548.66 medium_vehicle
833.42 74.9 837.76 73.47 841.46 84.68 837.12 86.11 medium_vehicle
917.29 674.79 933.89 674.18 934.11 679.98 917.51 680.59 medium_vehicle
275.38 936.16 292.25 934.54 292.87 940.96 276.0 942.58 medium_vehicle
833.2 419.09 836.44 440.27 829.56 441.32 826.32 420.14 medium_vehicle
866.12 539.53 869.25 557.29 863.72 558.26 860.59 540.5 medium_vehicle
410.46 394.31 414.77 393.54 416.57 403.5 412.26 404.27 medium_vehicle
840.51 562.94 845.49 561.92 848.17 574.96 843.19 575.98 medium_vehicle
915.31 673.14 917.48 686.36 912.9 687.11 910.73 673.89 medium_vehicle
914.74 668.95 931.31 667.62 931.74 673.0 915.17 674.33 medium_vehicle
803.4 317.86 809.26 316.93 811.76 332.75 805.9 333.68 medium_vehicle
483.7 510.4 489.3 510.4 489.3 526.1 483.7 526.1 medium_vehicle
