656.82 185.54 652.04 208.44 644.3 206.82 649.08 183.92 medium_vessel
1017.23 943.23 1025.08 963.67 1017.7 966.5 1009.85 946.06 large_vehicle
1048.25 1121.62 1046.17 1142.54 1037.9 1141.72 1039.98 1120.8 heavy_equipment
554.46 149.63 562.72 146.54 570.7 167.89 562.44 170.98 heavy_equipment
520.64 69.31 537.27 59.4 541.55 66.58 524.92 76.49 heavy_equipment
1040.4 1001.94 1062.39 1049.96 1054.78 1053.44 1032.79 1005.42 heavy_equipment
882.2 633.96 877.61 655.92 869.88 654.31 874.47 632.35 heavy_equipment
648.29 183.81 643.51 206.7 635.78 205.08 640.56 182.19 medium_vessel
891.08 647.05 896.01 668.91 888.29 670.65 883.36 648.79 large_vehicle
1043.74 1158.12 1041.71 1178.53 1033.44 1177.7 1035.47 1157.29 heavy_equipment
1043.83 1020.63 1050.64 1042.5 1042.65 1044.99 1035.84 1023.12 large_vehicle
