612.17 691.2 619.11 689.58 620.39 695.06 613.45 696.68 medium_vehicle
1229.41 1109.37 1235.05 1109.66 1234.17 1127.03 1228.53 1126.74 medium_vehicle
589.47 669.5 601.24 674.02 599.36 678.91 587.59 674.39 medium_vehicle
205.52 871.1 211.83 870.07 214.79 888.15 208.48 889.18 medium_vehicle
499.91 4.16 508.49 8.31 502.23 21.24 493.65 17.09 heavy_equipment
219.23 694.02 303.1 676.8 319.2 755.26 235.33 772.48 large_aircraft
533.19 467.49 534.88 474.87 513.27 479.82 511.58 472.44 medium_vehicle
614.31 698.17 624.38 696.51 625.23 701.68 615.16 703.34 medium_vehicle
284.34 491.22 285.58 496.82 273.43 499.49 272.19 493.89 medium_vehicle
845.0 1191.67 851.34 1191.62 851.45 1207.87 845.11 1207.92 medium_vehicle
867.13 1197.1 873.47 1197.2 873.2 1214.87 866.86 1214.77 medium_vehicle
482.98 470.27 484.8 477.63 463.29 482.96 461.47 475.6 medium_vehicle
630.5 659.96 635.68 659.11 637.86 672.27 632.68 673.12 medium_vehicle
740.38 1085.88 745.57 1085.6 746.41 1101.12 741.22 1101.4 medium_vehicle
529.67 680.62 537.57 678.54 543.37 700.65 535.47 702.73 large_vehicle
550.71 681.74 557.61 680.33 561.18 697.86 554.28 699.27 medium_vehicle
682.15 717.34 682.88 729.63 677.51 729.95 676.78 717.66 medium_vehicle
530.74 457.12 532.43 464.51 510.99 469.42 509.3 462.03 medium_vehicle
649.9 655.44 655.04 654.37 657.56 666.53 652.42 667.6 medium_vehicle
509.33 471.95 511.46 479.22 490.19 485.44 488.06 478.17 medium_vehicle
180.44 601.73 264.59 584.46 280.7 662.92 196.55 680.19 large_aircraft
519.87 682.41 528.02 681.79 529.77 704.58 521.62 705.2 large_vehicle
457.18 540.16 465.05 537.96 470.77 558.44 462.9 560.64 medium_vehicle
624.59 661.92 629.57 661.1 631.65 673.62 626.67 674.44 medium_vehicle
660.85 653.08 663.35 665.27 658.22 666.32 655.72 654.13 medium_vehicle
644.0 657.14 649.09 655.84 652.16 667.87 647.07 669.17 medium_vehicle
675.97 680.83 681.24 679.78 683.67 691.92 678.4 692.97 medium_vehicle
646.73 686.93 651.61 685.96 654.04 698.1 649.16 699.07 medium_vehicle
679.47 650.0 681.66 661.3 676.85 662.23 674.66 650.93 medium_vehicle
503.21 687.3 511.11 685.24 516.87 707.37 508.97 709.43 large_vehicle
869.19 676.2 870.54 682.22 853.09 686.16 851.74 680.14 medium_vehicle
559.45 679.72 566.45 678.97 568.36 696.76 561.36 697.51 medium_vehicle
687.96 678.19 690.42 690.25 685.14 691.33 682.68 679.27 medium_vehicle
176.98 508.91 260.85 491.69 277.69 573.74 193.82 590.96 large_aircraft
698.43 648.33 700.15 660.52 695.23 661.21 693.51 649.02 medium_vehicle
870.67 675.58 879.82 674.16 880.82 680.59 871.67 682.01 medium_vehicle
692.63 648.35 694.15 660.58 689.22 661.19 687.7 648.96 medium_vehicle
658.44 684.48 663.14 683.37 665.9 695.03 661.2 696.14 medium_vehicle
115.57 295.61 215.0 275.2 231.84 357.25 132.41 377.66 large_aircraft
16.21 42.51 92.66 26.82 110.2 112.29 33.75 127.98 large_aircraft
858.62 1195.1 864.96 1195.05 865.09 1212.57 858.75 1212.62 medium_vehicle
747.14 1090.9 753.48 1090.89 753.51 1106.43 747.17 1106.44 medium_vehicle
674.19 651.1 675.44 663.87 670.23 664.39 668.98 651.62 medium_vehicle
637.9 659.23 642.98 657.93 646.27 670.83 641.19 672.13 medium_vehicle
542.75 678.14 550.91 677.51 552.66 700.32 544.5 700.95 large_vehicle
611.29 786.02 618.24 784.96 620.78 801.56 613.83 802.62 medium_vehicle
728.05 1076.78 734.32 1077.75 731.94 1093.11 725.67 1092.14 medium_vehicle
879.23 662.01 890.86 660.39 891.62 665.87 879.99 667.49 medium_vehicle
703.84 673.48 705.55 685.68 700.63 686.38 698.92 674.18 medium_vehicle
566.62 679.1 573.43 677.31 577.97 694.61 571.16 696.4 medium_vehicle
506.86 464.37 509.16 471.59 488.05 478.32 485.75 471.1 medium_vehicle
610.37 680.52 616.68 682.95 614.84 687.74 608.53 685.31 medium_vehicle
686.34 648.29 688.28 660.25 683.37 661.05 681.43 649.09 medium_vehicle
