315.03 44.22 336.93 3.72 344.7 7.93 322.8 48.43 double_trailer_truck
234.01 23.89 246.97 30.41 243.99 36.33 231.03 29.81 medium_vehicle
306.32 49.78 319.28 56.3 316.44 61.95 303.48 55.43 medium_vehicle
336.79 619.76 478.43 685.81 416.35 818.95 274.71 752.9 large_aircraft
200.79 94.22 213.71 100.72 211.13 105.85 198.21 99.35 medium_vehicle
206.64 82.11 219.17 88.41 216.55 93.6 204.02 87.3 medium_vehicle
149.37 388.95 153.03 377.87 158.39 379.64 154.73 390.72 medium_vehicle
409.35 92.51 423.52 99.64 420.65 105.35 406.48 98.22 medium_vehicle
201.92 87.41 214.57 93.78 211.95 98.98 199.3 92.61 medium_vehicle
173.87 45.08 179.86 32.47 185.32 35.06 179.33 47.67 medium_vehicle
309.52 43.25 322.48 49.77 319.64 55.43 306.68 48.91 medium_vehicle
241.82 8.59 255.02 15.23 252.15 20.93 238.95 14.29 medium_vehicle
