401.85 1137.74 427.89 1131.92 429.79 1140.41 403.75 1146.23 large_vehicle
1052.69 1269.52 1057.62 1269.55 1057.57 1280.11 1052.64 1280.08 medium_vehicle
1147.15 16.18 1146.54 35.4 1139.17 35.16 1139.78 15.94 medium_vehicle
-1.04 1235.64 75.19 1218.88 87.22 1273.61 10.98 1290.37 large_aircraft
946.0 509.92 956.57 522.25 952.09 526.09 941.52 513.76 medium_vehicle
6.81 673.72 37.35 669.7 42.1 705.83 11.56 709.85 small_aircraft
988.04 504.99 997.96 518.5 992.07 522.83 982.15 509.32 medium_vehicle
997.82 505.81 1007.74 519.32 1001.97 523.55 992.05 510.04 medium_vehicle
1116.72 512.2 1115.54 530.0 1108.91 529.56 1110.09 511.76 medium_vehicle
803.86 548.78 805.69 567.78 800.19 568.31 798.36 549.31 bus
1156.87 1131.73 1169.2 1136.91 1167.08 1141.95 1154.75 1136.77 medium_vehicle
868.93 1125.46 873.83 1100.48 880.77 1101.84 875.87 1126.82 large_vehicle
1123.8 358.35 1123.01 383.52 1115.51 383.28 1116.3 358.11 large_vehicle
162.82 647.54 187.03 642.96 190.74 662.59 166.53 667.17 small_aircraft
214.26 722.9 241.77 717.7 245.44 737.11 217.93 742.31 small_aircraft
5.93 1043.66 -4.21 1018.04 14.72 1010.54 24.87 1036.16 small_aircraft
422.4 581.19 401.6 565.92 411.99 551.77 432.79 567.04 small_aircraft
19.73 1068.01 10.64 1045.03 27.69 1038.28 36.78 1061.26 small_aircraft
136.04 632.17 168.89 626.32 175.38 662.74 142.53 668.59 small_aircraft
171.47 622.57 205.04 618.15 209.7 653.53 176.13 657.95 small_aircraft
952.53 508.02 962.76 519.95 958.01 524.03 947.78 512.1 medium_vehicle
1031.14 503.36 1052.61 502.34 1053.0 510.53 1031.53 511.55 medium_vehicle
1163.94 383.3 1163.15 408.49 1155.78 408.26 1156.57 383.07 large_vehicle
374.91 940.89 404.83 935.72 410.24 967.01 380.32 972.18 small_aircraft
416.07 570.36 433.32 552.87 446.09 565.47 428.84 582.96 small_aircraft
1005.49 504.79 1015.5 518.41 1010.78 521.88 1000.77 508.26 medium_vehicle
970.29 506.76 980.58 518.63 975.85 522.73 965.56 510.86 medium_vehicle
1182.89 54.12 1182.45 67.9 1176.85 67.73 1177.29 53.95 medium_vehicle
105.89 649.25 134.13 646.78 135.99 668.04 107.75 670.51 small_aircraft
491.26 1117.44 493.09 1135.1 484.26 1136.01 482.43 1118.35 medium_vehicle
1165.35 1069.2 1183.23 1078.11 1180.08 1084.44 1162.2 1075.53 medium_vehicle
962.48 508.27 971.81 520.92 966.77 524.64 957.44 511.99 medium_vehicle
1166.74 1096.48 1182.92 1104.55 1180.45 1109.5 1164.27 1101.43 bus
1023.92 502.5 1037.01 516.63 1031.75 521.5 1018.66 507.37 medium_vehicle
1261.82 1123.24 1273.09 1127.98 1270.9 1133.19 1259.63 1128.45 medium_vehicle
