991.65 273.92 1000.5 281.57 997.34 285.23 988.49 277.58 medium_vehicle
333.06 1166.93 346.58 1172.56 344.07 1178.58 330.55 1172.95 medium_vehicle
347.76 1136.7 360.21 1141.89 357.7 1147.91 345.25 1142.72 medium_vehicle
617.42 148.37 625.96 131.54 632.74 134.99 624.2 151.82 medium_vehicle
342.08 1067.8 358.2 1075.59 354.52 1083.2 338.4 1075.41 medium_vehicle
340.74 1148.65 354.27 1154.28 351.76 1160.3 338.23 1154.67 medium_vehicle
174.56 832.24 175.46 814.31 183.06 814.7 182.16 832.63 medium_vehicle
828.14 783.2 842.65 782.8 843.36 808.1 828.85 808.5 small_aircraft
620.28 125.31 627.19 106.53 634.34 109.15 627.43 127.93 medium_vehicle
627.58 127.0 634.89 109.61 641.9 112.56 634.59 129.95 medium_vehicle
301.42 1232.3 315.49 1238.15 312.99 1244.17 298.92 1238.32 medium_vehicle
919.57 628.78 931.57 630.15 930.78 637.11 918.78 635.74 medium_vehicle
934.09 845.52 991.98 876.17 957.59 941.12 899.7 910.47 large_aircraft
1050.73 292.59 1071.32 312.55 1066.85 317.16 1046.26 297.2 large_vehicle
257.12 1252.32 271.35 1258.24 268.66 1264.71 254.43 1258.79 medium_vehicle
335.19 1160.53 348.71 1166.16 346.2 1172.18 332.68 1166.55 medium_vehicle
1221.74 406.82 1235.86 415.34 1232.18 421.44 1218.06 412.92 medium_vehicle
616.12 117.47 620.72 103.31 626.13 105.07 621.53 119.23 medium_vehicle
325.0 1182.2 339.23 1188.13 336.72 1194.15 322.49 1188.22 medium_vehicle
507.06 233.32 527.01 243.31 523.42 250.47 503.47 240.48 medium_vehicle
770.96 1049.83 791.94 1059.39 788.85 1066.16 767.87 1056.6 large_vehicle
298.52 1238.73 312.41 1244.52 310.0 1250.3 296.11 1244.51 medium_vehicle
930.77 874.75 892.6 929.66 815.05 875.76 853.22 820.85 large_aircraft
498.5 250.93 517.37 260.37 513.77 267.57 494.9 258.13 medium_vehicle
502.24 242.38 521.11 251.83 517.7 258.64 498.83 249.19 medium_vehicle
368.33 1016.39 383.27 1017.41 382.76 1024.9 367.82 1023.88 medium_vehicle
173.67 855.7 174.47 839.9 180.42 840.21 179.62 856.01 medium_vehicle
338.51 1154.61 352.03 1160.24 349.52 1166.26 336.0 1160.63 medium_vehicle
344.39 1142.49 357.18 1147.82 354.67 1153.84 341.88 1148.51 medium_vehicle
