1171.61 1116.05 1183.42 1118.88 1182.24 1123.79 1170.43 1120.96 medium_vehicle
684.69 551.2 691.25 574.56 684.38 576.49 677.82 553.13 heavy_equipment
1176.0 1151.7 1181.2 1151.7 1181.2 1164.0 1176.0 1164.0 medium_vehicle
99.5 149.61 116.31 166.96 111.67 171.47 94.86 154.12 large_vehicle
734.92 234.96 741.5 221.41 747.35 224.25 740.77 237.8 medium_vehicle
1152.52 149.95 1175.11 148.45 1175.63 156.38 1153.04 157.88 large_vehicle
703.15 518.45 708.88 542.28 701.87 543.97 696.14 520.14 heavy_equipment
515.05 521.92 527.14 505.58 532.91 509.84 520.82 526.18 medium_vehicle
406.75 504.87 414.74 488.57 420.29 491.28 412.3 507.58 medium_vehicle
1049.57 1161.75 1060.54 1152.99 1064.34 1157.76 1053.37 1166.52 medium_vehicle
951.88 1211.64 966.28 1207.67 968.38 1215.29 953.98 1219.26 medium_vehicle
721.57 217.87 728.06 218.19 727.52 229.21 721.03 228.89 medium_vehicle
463.04 455.12 462.93 461.21 448.01 460.95 448.12 454.86 medium_vehicle
708.72 564.78 705.94 549.02 711.63 548.01 714.41 563.77 medium_vehicle
248.06 572.91 252.62 576.76 244.62 586.26 240.06 582.41 container
382.1 486.38 389.15 471.98 394.81 474.75 387.76 489.15 medium_vehicle
714.0 516.47 719.17 538.02 712.23 539.68 707.06 518.13 heavy_equipment
879.78 1252.44 898.93 1255.24 897.98 1261.76 878.83 1258.96 medium_vehicle
399.41 501.22 406.23 487.3 412.21 490.23 405.39 504.15 medium_vehicle
1238.74 139.16 1242.4 143.86 1228.45 154.72 1224.79 150.02 medium_vehicle
753.15 509.97 756.57 526.63 748.2 528.35 744.78 511.69 heavy_equipment
743.08 513.33 746.54 530.19 739.36 531.67 735.9 514.81 heavy_equipment
716.71 564.04 713.91 548.16 719.5 547.17 722.3 563.05 medium_vehicle
258.91 574.18 263.33 577.47 253.95 590.11 249.53 586.82 medium_vehicle
475.32 455.5 491.61 455.67 491.56 461.08 475.27 460.91 medium_vehicle
21.01 58.2 24.0 54.67 33.64 62.81 30.65 66.34 medium_vehicle
166.54 190.03 171.76 186.78 179.74 199.6 174.52 202.85 medium_vehicle
240.83 506.09 245.78 509.33 237.54 521.92 232.59 518.68 medium_vehicle
760.5 545.93 761.2 558.56 754.64 558.93 753.94 546.3 heavy_equipment
699.69 568.56 696.91 552.8 702.72 551.77 705.5 567.53 medium_vehicle
542.7 462.41 544.13 443.94 551.28 444.49 549.85 462.96 medium_vehicle
737.88 540.75 742.2 561.58 735.02 563.07 730.7 542.24 heavy_equipment
775.35 504.42 779.11 522.78 769.98 524.65 766.22 506.29 heavy_equipment
1212.53 1133.79 1230.45 1132.6 1230.82 1138.08 1212.9 1139.27 medium_vehicle
396.72 474.6 411.66 477.42 410.65 482.74 395.71 479.92 medium_vehicle
1187.81 322.68 1202.96 319.84 1204.16 326.24 1189.01 329.08 medium_vehicle
312.26 1195.86 326.51 1195.14 326.82 1201.23 312.57 1201.95 medium_vehicle
73.7 89.05 92.71 104.94 88.19 110.36 69.18 94.47 large_vehicle
1080.63 175.37 1076.55 158.78 1083.7 157.02 1087.78 173.61 medium_vehicle
32.13 506.79 37.76 507.25 36.63 520.93 31.0 520.47 medium_vehicle
1145.28 1141.49 1159.93 1142.8 1159.42 1148.58 1144.77 1147.27 medium_vehicle
520.84 441.07 518.63 461.42 508.28 460.3 510.49 439.95 heavy_equipment
1126.24 153.25 1148.86 151.03 1149.6 158.62 1126.98 160.84 large_vehicle
1101.36 156.11 1123.95 153.38 1124.88 161.08 1102.29 163.81 large_vehicle
749.14 544.6 750.88 561.39 743.59 562.14 741.85 545.35 heavy_equipment
427.76 451.84 444.79 451.49 444.92 457.62 427.89 457.97 medium_vehicle
618.81 400.27 633.97 397.43 635.16 403.82 620.0 406.66 medium_vehicle
419.95 496.63 426.77 482.72 432.31 485.43 425.49 499.34 medium_vehicle
775.33 1174.46 789.66 1176.37 788.72 1183.41 774.39 1181.5 container
404.22 447.49 423.19 448.92 422.64 456.2 403.67 454.77 medium_vehicle
534.86 459.94 536.87 433.73 542.8 434.18 540.79 460.39 large_vehicle
724.63 518.41 728.09 535.27 720.91 536.75 717.45 519.89 heavy_equipment
97.15 396.28 101.31 393.63 108.17 404.39 104.01 407.04 medium_vehicle
765.49 507.41 769.08 524.9 758.84 527.0 755.25 509.51 heavy_equipment
386.7 495.46 394.47 479.59 400.92 482.75 393.15 498.62 medium_vehicle
39.4 591.7 45.4 591.7 45.4 606.6 39.4 606.6 medium_vehicle
625.63 496.34 625.76 503.6 600.24 504.05 600.11 496.79 heavy_equipment
678.42 552.05 682.98 576.62 675.96 577.92 671.4 553.35 heavy_equipment
