739.3 736.59 752.68 737.01 752.48 743.24 739.1 742.82 medium_vehicle
1133.48 304.64 1140.2 304.64 1140.2 332.24 1133.48 332.24 bus
516.99 167.05 538.02 151.77 548.52 166.22 527.49 181.5 small_aircraft
502.69 140.7 524.18 131.97 527.18 139.36 505.69 148.09 medium_vehicle
927.39 714.39 944.48 714.93 944.28 721.16 927.19 720.62 medium_vehicle
478.78 110.33 518.74 99.99 520.84 108.11 480.88 118.45 large_vehicle
477.83 615.93 565.04 640.93 541.64 722.53 454.43 697.53 large_aircraft
514.62 282.96 521.35 283.2 520.84 297.84 514.11 297.6 medium_vehicle
483.43 389.91 502.2 386.26 507.44 413.24 488.67 416.89 small_aircraft
473.74 715.67 560.09 719.9 556.13 800.92 469.78 796.69 large_aircraft
542.64 1181.21 675.97 1187.73 671.28 1283.58 537.95 1277.06 large_aircraft
491.15 128.5 518.32 121.47 519.89 127.53 492.72 134.56 large_vehicle
943.63 1118.43 949.81 1118.1 950.67 1134.46 944.49 1134.79 medium_vehicle
528.62 464.85 536.68 463.92 539.08 484.66 531.02 485.59 medium_vehicle
507.0 147.67 524.6 154.85 514.62 179.29 497.02 172.11 small_aircraft
347.29 38.1 375.7 32.58 382.89 69.58 354.48 75.1 small_aircraft
