1116.28 1245.72 1127.28 1244.6 1127.73 1249.0 1116.73 1250.12 large_vehicle
1169.28 1279.89 1168.93 1268.03 1174.21 1267.87 1174.56 1279.73 medium_vessel
1163.58 1280.48 1163.32 1271.77 1169.54 1271.58 1169.8 1280.29 medium_vessel
1178.04 1275.82 1177.59 1260.65 1183.15 1260.49 1183.6 1275.66 medium_vessel
1225.91 1214.2 1225.52 1201.04 1230.99 1200.88 1231.38 1214.04 medium_vessel
1133.76 1279.89 1133.85 1272.68 1138.28 1272.73 1138.19 1279.94 large_vehicle
1155.68 1159.55 1154.86 1130.23 1162.12 1130.03 1162.94 1159.35 large_vessel
1036.33 1063.78 1031.85 935.54 1073.67 934.08 1078.15 1062.32 large_vessel
1165.63 1254.66 1164.45 1245.15 1168.85 1244.6 1170.03 1254.11 medium_vessel
1249.93 716.55 1253.19 720.43 1240.09 731.42 1236.83 727.54 large_vehicle
1223.43 1168.68 1223.07 1156.78 1228.38 1156.62 1228.74 1168.52 medium_vessel
734.06 1257.73 748.59 1250.84 751.17 1256.28 736.64 1263.17 medium_vessel
946.63 467.47 950.35 468.74 946.99 478.62 943.27 477.35 medium_vessel
1024.62 514.1 977.33 512.12 977.86 499.61 1025.15 501.59 large_vessel
1160.34 1258.99 1159.54 1246.93 1164.65 1246.59 1165.45 1258.65 medium_vessel
1204.5 1016.95 1200.96 932.6 1232.28 931.29 1235.82 1015.64 large_vessel
1119.75 429.68 1048.6 402.22 1057.66 378.74 1128.81 406.2 large_vessel
1133.55 1270.38 1133.72 1255.73 1138.15 1255.78 1137.98 1270.43 large_vehicle
1180.55 768.14 1174.07 613.39 1218.24 611.54 1224.72 766.29 large_vessel
1128.91 1275.31 1129.23 1263.75 1133.66 1263.87 1133.34 1275.43 large_vehicle
1259.87 700.72 1263.13 704.62 1247.76 717.52 1244.5 713.62 large_vehicle
1102.78 1263.84 1117.43 1250.32 1122.02 1255.3 1107.37 1268.82 double_trailer_truck
1218.88 1152.71 1218.53 1140.95 1224.19 1140.78 1224.54 1152.54 medium_vessel
1156.33 1174.34 1155.83 1163.67 1160.2 1163.46 1160.7 1174.13 medium_vessel
1173.49 1276.62 1173.11 1263.83 1178.39 1263.67 1178.77 1276.46 medium_vessel
1074.27 990.37 1069.77 861.35 1112.64 859.86 1117.14 988.88 large_vessel
1184.09 1269.98 1183.72 1257.34 1189.27 1257.18 1189.64 1269.82 medium_vessel
1198.2 231.89 1141.15 188.28 1155.76 169.17 1212.81 212.78 large_vessel
1223.38 1149.13 1223.04 1137.74 1227.45 1137.61 1227.79 1149.0 medium_vessel
