970.53 532.64 1001.73 523.46 1003.9 530.82 972.7 540.0 pylon
952.83 673.68 981.65 666.49 983.3 673.11 954.48 680.3 pylon
804.95 927.11 835.41 917.51 839.64 930.95 809.18 940.55 pylon
995.17 546.77 1021.64 540.17 1023.29 546.78 996.82 553.38 pylon
811.62 1075.06 836.9 1068.48 838.71 1075.41 813.43 1081.99 pylon
930.3 690.68 962.56 682.63 964.66 691.04 932.4 699.09 pylon
712.55 684.86 738.17 676.78 742.22 689.62 716.6 697.7 pylon
680.34 709.38 709.9 700.06 712.33 707.76 682.77 717.08 pylon
1117.67 470.4 1145.35 461.68 1149.32 474.29 1121.64 483.01 pylon
385.75 50.79 416.2 41.19 418.51 48.51 388.06 58.11 pylon
967.8 1035.27 999.02 1027.13 1000.83 1034.05 969.61 1042.19 pylon
734.82 923.38 760.1 916.8 761.74 923.11 736.46 929.69 pylon
440.88 29.88 473.31 19.65 475.74 27.35 443.31 37.58 pylon
