808.48 1171.24 812.68 1174.84 800.96 1188.52 796.76 1184.92 large_vehicle
781.46 660.46 819.7 658.39 827.41 800.73 789.17 802.8 large_vessel
799.84 1165.5 804.96 1168.77 796.04 1182.77 790.92 1179.5 large_vehicle
743.22 1083.71 803.81 1123.36 698.16 1284.79 637.57 1245.14 large_vessel
818.51 1261.92 824.11 1264.67 817.06 1278.99 811.46 1276.24 large_vehicle
229.73 736.11 237.78 734.06 243.85 757.88 235.8 759.93 medium_vessel
197.36 768.87 200.03 764.91 208.75 770.79 206.08 774.75 medium_vessel
790.94 1182.87 795.04 1186.35 789.14 1193.31 785.04 1189.83 large_vehicle
241.75 1037.76 393.83 1087.76 379.33 1131.88 227.25 1081.88 large_vessel
734.72 622.13 754.21 619.22 767.23 706.35 747.74 709.26 large_vessel
812.75 1156.42 815.62 1161.76 801.97 1169.08 799.1 1163.74 large_vehicle
815.7 1175.14 819.6 1179.06 808.5 1190.12 804.6 1186.2 large_vehicle
471.63 1084.45 527.28 1120.87 440.09 1254.11 384.44 1217.69 large_vessel
818.79 1180.35 822.69 1184.27 811.59 1195.33 807.69 1191.41 large_vehicle
