330.06 676.9 375.1 676.9 375.1 688.99 330.06 688.99 pylon
59.12 731.7 108.4 731.7 108.4 745.26 59.12 745.26 pylon
1083.46 520.4 1134.6 520.4 1134.6 533.54 1083.46 533.54 pylon
18.16 1087.5 65.3 1087.5 65.3 1098.4 18.16 1098.4 pylon
81.28 63.9 159.6 63.9 159.6 78.65 81.28 78.65 pylon
825.66 573.44 878.09 573.44 878.09 586.59 825.66 586.59 pylon
59.78 760.26 105.1 760.26 105.1 771.16 59.78 771.16 pylon
504.62 691.74 573.29 691.74 573.29 704.89 504.62 704.89 pylon
643.84 613.2 682.1 613.2 682.1 623.5 643.84 623.5 pylon
50.65 1094.2 95.3 1094.2 95.3 1106.39 50.65 1106.39 pylon
862.37 1256.5 948.2 1256.5 948.2 1270.32 862.37 1270.32 pylon
27.07 786.43 72.9 786.43 72.9 797.33 27.07 797.33 pylon
23.88 467.97 32.04 462.73 35.06 467.43 26.9 472.67 medium_vehicle
