1029.91 615.18 1050.95 614.74 1052.03 666.52 1030.99 666.96 large_aircraft
1073.98 119.8 1101.28 121.71 1096.57 189.07 1069.27 187.16 large_aircraft
431.04 599.15 442.13 596.05 448.79 619.89 437.7 622.99 heavy_equipment
1003.29 812.01 1026.68 802.13 1043.57 842.11 1020.18 851.99 large_aircraft
833.96 138.06 838.99 137.35 840.51 148.15 835.48 148.86 medium_vehicle
823.31 219.73 852.43 220.9 850.78 262.06 821.66 260.89 large_aircraft
400.79 519.52 408.86 517.27 412.15 529.05 404.08 531.3 heavy_equipment
937.29 834.71 960.13 825.07 976.87 864.69 954.03 874.33 large_aircraft
984.62 643.7 1017.81 630.01 1032.05 664.56 998.86 678.25 large_aircraft
1075.72 489.89 1081.22 490.38 1080.23 501.54 1074.73 501.05 medium_vehicle
958.54 888.82 964.14 888.77 964.25 899.97 958.65 900.02 medium_vehicle
822.32 106.83 827.09 105.34 830.65 116.77 825.88 118.26 small_aircraft
595.66 201.84 599.12 204.0 594.31 211.73 590.85 209.57 medium_vehicle
934.17 504.23 956.56 503.76 957.42 544.96 935.03 545.43 large_aircraft
1045.66 527.51 1068.45 531.41 1061.97 569.35 1039.18 565.45 large_aircraft
893.46 743.07 917.36 743.74 916.06 790.59 892.16 789.92 large_aircraft
974.68 827.45 995.61 818.61 1010.43 853.68 989.5 862.52 large_aircraft
931.12 444.31 952.54 443.49 954.11 484.36 932.69 485.18 large_aircraft
