527.96 283.52 531.71 280.78 535.45 285.88 531.7 288.62 heavy_equipment
771.73 892.63 776.84 892.56 776.97 903.46 771.86 903.53 medium_vehicle
770.93 830.32 775.55 829.91 776.47 840.4 771.85 840.81 medium_vehicle
527.95 481.57 534.51 480.42 536.8 493.39 530.24 494.54 heavy_equipment
690.13 635.86 693.27 638.89 686.89 645.5 683.75 642.47 medium_vehicle
513.87 313.46 518.69 312.98 519.48 320.85 514.66 321.33 heavy_equipment
474.46 341.81 478.86 341.55 479.34 349.74 474.94 350.0 heavy_equipment
779.69 823.57 784.38 823.21 785.2 834.08 780.51 834.44 medium_vehicle
703.28 461.29 708.24 460.1 710.59 469.9 705.63 471.09 heavy_equipment
526.75 310.01 531.84 310.4 531.34 317.08 526.25 316.69 heavy_equipment
522.62 313.37 526.77 312.9 528.18 325.26 524.03 325.73 heavy_equipment
763.22 744.33 767.81 744.28 767.96 756.17 763.37 756.22 large_vehicle
1273.09 671.7 1277.74 671.9 1277.41 679.36 1272.76 679.16 medium_vehicle
708.77 475.66 713.27 475.32 714.13 486.68 709.63 487.02 heavy_equipment
525.53 272.73 530.13 271.45 531.83 277.54 527.23 278.82 heavy_equipment
770.05 816.72 774.82 816.67 774.94 826.48 770.17 826.53 medium_vehicle
