92.05 -0.13 124.65 -35.58 186.42 21.2 153.82 56.65 large_vessel
26.6 1259.35 29.51 1262.15 20.29 1271.76 17.38 1268.96 container
34.97 1235.58 37.9 1238.11 29.21 1248.21 26.28 1245.68 container
59.44 1236.45 63.98 1238.93 56.02 1253.47 51.48 1250.99 large_vehicle
13.76 1192.17 19.16 1191.04 22.89 1208.92 17.49 1210.05 container
447.28 110.14 479.68 89.26 553.72 204.16 521.32 225.04 large_vessel
64.96 1240.68 68.96 1243.08 61.92 1254.8 57.92 1252.4 container
31.13 1230.03 34.06 1232.54 27.92 1239.68 24.99 1237.17 container
219.66 618.49 223.23 615.9 228.03 622.5 224.46 625.09 medium_vessel
29.57 1226.08 32.87 1228.91 26.73 1236.05 23.43 1233.22 container
6.39 1182.41 12.2 1181.2 16.26 1200.61 10.45 1201.82 container
44.57 1224.54 50.66 1224.1 52.05 1243.06 45.96 1243.5 container
36.99 1238.81 39.92 1241.32 31.24 1251.42 28.31 1248.91 container
19.65 1195.35 24.56 1194.32 28.3 1212.2 23.39 1213.23 container
833.79 945.54 874.61 914.22 1017.97 1101.04 977.15 1132.36 large_vessel
28.24 1252.91 31.16 1255.71 24.42 1262.74 21.5 1259.94 container
531.11 570.8 537.05 566.94 542.95 576.02 537.01 579.88 medium_vessel
32.92 1232.99 35.85 1235.5 29.01 1243.45 26.08 1240.94 container
