1233.78 964.29 1250.19 974.07 1248.33 977.19 1231.92 967.41 medium_vessel
1146.84 1139.42 1153.6 1143.77 1150.47 1148.65 1143.71 1144.3 container
1209.66 936.77 1214.52 938.86 1206.96 956.4 1202.1 954.31 medium_vessel
39.72 722.13 59.97 738.48 55.72 743.75 35.47 727.4 large_vehicle
1259.15 1073.51 1271.85 1082.88 1269.12 1086.58 1256.42 1077.21 medium_vessel
1223.06 963.13 1240.75 971.42 1239.4 974.31 1221.71 966.02 medium_vessel
1143.64 1144.41 1151.2 1148.87 1149.54 1151.68 1141.98 1147.22 container
677.5 1077.71 687.38 1085.57 683.79 1090.09 673.91 1082.23 medium_vehicle
1273.84 1081.72 1282.58 1088.11 1279.46 1092.37 1270.72 1085.98 medium_vessel
1202.6 1039.01 1216.33 1047.66 1213.46 1052.22 1199.73 1043.57 medium_vessel
703.13 1051.25 718.29 1064.61 714.57 1068.83 699.41 1055.47 large_vehicle
157.56 881.21 161.23 884.62 145.6 901.43 141.93 898.02 large_vehicle
1236.23 928.38 1252.19 937.89 1249.86 941.8 1233.9 932.29 medium_vessel
56.07 743.27 74.33 758.01 70.43 762.85 52.17 748.11 large_vehicle
21.3 807.78 25.63 811.6 16.25 822.24 11.92 818.42 heavy_equipment
1116.81 1124.52 1133.09 1134.11 1130.35 1138.76 1114.07 1129.17 container
1179.29 1163.09 1195.44 1173.27 1192.49 1177.96 1176.34 1167.78 container
62.04 741.14 82.37 757.72 78.19 762.84 57.86 746.26 large_vehicle
1151.6 1148.8 1159.16 1153.26 1157.51 1156.07 1149.95 1151.61 container
24.46 761.85 28.1 765.06 15.78 779.03 12.14 775.82 container
1154.39 1144.62 1161.31 1148.69 1158.37 1153.69 1151.45 1149.62 container
671.14 1083.15 680.15 1091.09 676.7 1095.01 667.69 1087.07 medium_vehicle
734.95 1157.77 747.64 1168.34 743.17 1173.7 730.48 1163.13 container
1161.64 1152.2 1177.78 1162.36 1174.83 1167.05 1158.69 1156.89 container
1215.94 921.42 1220.39 922.91 1215.38 937.86 1210.93 936.37 medium_vessel
95.26 939.04 99.23 942.1 86.55 958.51 82.58 955.45 large_vehicle
778.21 1198.05 794.01 1208.82 790.78 1213.56 774.98 1202.79 container
709.86 1125.11 712.77 1128.42 699.98 1139.69 697.07 1136.38 container
1252.83 976.78 1265.75 984.82 1263.48 988.47 1250.56 980.43 medium_vessel
680.84 1071.43 690.27 1080.34 686.35 1084.49 676.92 1075.58 medium_vehicle
16.29 805.58 20.18 809.02 11.21 819.19 7.32 815.75 heavy_equipment
34.84 770.0 38.1 773.02 24.07 788.12 20.81 785.1 container
690.46 1061.47 699.88 1069.77 697.14 1072.88 687.72 1064.58 medium_vehicle
1234.88 961.11 1249.3 968.72 1247.06 972.96 1232.64 965.35 medium_vessel
691.81 1055.92 710.19 1072.76 706.77 1076.48 688.39 1059.64 large_vehicle
14.01 754.2 17.82 756.96 7.27 771.49 3.46 768.73 container
30.12 765.68 33.63 768.92 19.53 784.15 16.02 780.91 container
15.76 798.57 19.66 802.0 11.68 811.05 7.78 807.62 heavy_equipment
50.26 787.93 53.98 790.98 42.44 805.03 38.72 801.98 container
