693.21 641.92 716.92 628.34 787.1 750.87 763.39 764.45 large_vessel
806.78 539.99 817.31 528.22 861.17 567.44 850.64 579.21 large_vessel
880.82 92.8 903.65 98.45 877.25 205.1 854.42 199.45 large_vessel
954.53 913.28 968.85 925.59 965.28 929.74 950.96 917.43 container
236.94 593.17 246.35 590.06 247.8 594.43 238.39 597.54 container
649.65 704.44 660.59 698.17 683.53 738.24 672.59 744.51 large_vessel
1209.28 1061.5 1223.67 1075.45 1219.47 1079.78 1205.08 1065.83 container
510.74 535.66 532.2 522.26 582.39 602.59 560.93 615.99 large_vessel
1216.98 1040.5 1232.44 1051.24 1228.81 1056.47 1213.35 1045.73 container
1019.63 902.29 1027.24 908.83 1023.86 912.76 1016.25 906.22 container
604.72 503.51 633.27 486.96 715.07 628.06 686.52 644.61 large_vessel
1038.72 918.65 1046.27 925.15 1042.41 929.63 1034.86 923.13 container
1239.81 317.64 1250.12 325.63 1246.09 330.83 1235.78 322.84 medium_vehicle
907.44 439.07 921.44 422.73 982.63 475.17 968.63 491.51 large_vessel
1192.35 697.91 1200.95 687.55 1256.52 733.68 1247.92 744.04 large_vessel
239.55 597.12 249.44 594.19 250.41 597.47 240.52 600.4 container
235.13 589.25 244.42 586.5 245.61 590.54 236.32 593.29 container
916.94 -3.48 928.85 -0.27 921.94 25.32 910.03 22.11 medium_vessel
603.59 693.18 624.33 681.3 671.82 764.23 651.08 776.11 large_vessel
616.5 689.14 640.93 676.04 685.93 759.96 661.5 773.06 large_vessel
706.75 672.71 721.96 665.0 754.97 730.07 739.76 737.78 large_vessel
1200.61 1026.89 1214.13 1038.24 1210.35 1042.74 1196.83 1031.39 container
859.42 412.95 870.67 400.37 907.36 433.18 896.11 445.76 large_vessel
1188.76 709.71 1199.48 697.24 1255.18 745.15 1244.46 757.62 large_vessel
1020.26 896.41 1028.58 903.57 1024.72 908.06 1016.4 900.9 container
1037.59 932.85 1040.94 935.92 1033.48 944.06 1030.13 940.99 container
1027.04 911.88 1034.65 918.43 1032.27 921.19 1024.66 914.64 container
970.76 926.34 985.08 938.65 981.51 942.8 967.19 930.49 container
241.4 598.49 251.59 596.95 252.26 601.4 242.07 602.94 container
522.78 527.81 545.63 514.73 591.9 595.52 569.05 608.6 large_vessel
1177.34 1033.55 1192.01 1046.34 1188.07 1050.86 1173.4 1038.07 container
869.22 588.75 877.25 579.7 902.59 602.2 894.56 611.25 medium_vessel
1034.05 929.9 1037.49 932.86 1030.16 941.39 1026.72 938.43 container
1159.63 678.23 1165.96 671.15 1188.52 691.32 1182.19 698.4 medium_vessel
1035.12 581.63 1052.01 562.21 1159.91 656.0 1143.02 675.42 large_vessel
892.44 549.23 906.04 532.43 939.48 559.51 925.88 576.31 large_vessel
822.44 464.51 878.33 511.57 865.54 526.76 809.65 479.7 large_vessel
1094.46 178.27 1097.93 180.81 1088.75 193.35 1085.28 190.81 container
1030.23 907.4 1037.85 913.96 1033.99 918.45 1026.37 911.89 container
598.21 717.53 607.7 711.82 643.11 770.76 633.62 776.47 large_vessel
1103.32 151.63 1106.51 154.87 1095.58 165.65 1092.39 162.41 container
1096.43 139.47 1099.93 142.48 1089.35 154.78 1085.85 151.77 container
584.1 721.88 598.01 713.53 635.08 775.22 621.17 783.57 large_vessel
691.15 689.22 710.54 676.78 742.54 726.63 723.15 739.07 large_vessel
1192.39 1047.1 1207.6 1059.86 1203.78 1064.42 1188.57 1051.66 container
243.86 603.07 252.94 600.66 254.17 605.26 245.09 607.67 container
1029.87 919.55 1037.48 926.09 1033.62 930.58 1026.01 924.04 container
