570.56 1166.81 579.42 1174.11 576.17 1178.05 567.31 1170.75 medium_vehicle
560.85 1177.26 565.41 1171.6 580.51 1183.74 575.95 1189.4 large_vehicle
13.7 913.6 17.71 915.82 9.83 930.1 5.82 927.88 container
562.57 132.77 567.63 134.39 564.07 145.54 559.01 143.92 medium_vehicle
6.78 902.52 13.07 906.91 9.96 911.35 3.67 906.96 container
26.96 622.83 31.31 625.48 21.77 641.16 17.42 638.51 container
51.62 971.37 55.53 973.53 51.39 981.02 47.48 978.86 container
139.24 827.88 143.67 830.45 135.56 844.44 131.13 841.87 container
1211.32 1235.68 1222.53 1242.41 1219.84 1246.89 1208.63 1240.16 medium_vehicle
12.68 924.53 28.66 935.76 26.66 938.6 10.68 927.37 container
400.28 95.49 411.86 96.56 411.52 100.22 399.94 99.15 medium_vessel
765.73 120.28 781.1 131.53 777.79 136.05 762.42 124.8 container
14.39 613.29 19.03 615.75 10.29 632.24 5.65 629.78 container
463.48 183.34 476.84 190.81 474.24 195.47 460.88 188.0 medium_vessel
603.15 1180.35 620.58 1176.33 621.78 1181.53 604.35 1185.55 large_vehicle
853.78 1134.35 876.26 1133.84 876.42 1140.64 853.94 1141.15 large_vehicle
66.26 932.01 69.76 934.02 62.77 946.18 59.27 944.17 container
457.03 184.51 465.81 193.63 462.18 197.11 453.4 187.99 medium_vessel
4.35 908.09 10.51 911.91 7.96 916.02 1.8 912.2 container
784.37 89.26 788.59 91.53 780.99 105.63 776.77 103.36 container
114.46 1238.83 126.15 1248.54 102.17 1277.42 90.48 1267.71 pylon
453.33 1208.82 473.41 1209.59 473.18 1215.58 453.1 1214.81 large_vehicle
45.08 938.25 49.31 940.68 41.45 954.34 37.22 951.91 container
768.03 116.28 783.37 128.09 780.74 131.49 765.4 119.68 container
10.33 473.17 14.61 474.83 7.99 491.9 3.71 490.24 container
6.75 951.34 22.66 961.67 20.77 964.58 4.86 954.25 container
583.22 1175.11 594.51 1175.64 594.28 1180.56 582.99 1180.03 medium_vehicle
7.84 946.61 25.81 957.12 23.37 961.3 5.4 950.79 container
50.51 943.13 54.34 945.34 46.54 958.9 42.71 956.69 container
935.27 106.21 940.58 108.21 933.21 127.72 927.9 125.72 large_vehicle
755.87 115.23 759.68 117.56 751.59 130.81 747.78 128.48 container
642.8 1061.39 649.0 1059.18 657.33 1082.57 651.13 1084.78 large_vehicle
581.41 148.11 586.75 150.35 582.61 160.21 577.27 157.97 heavy_equipment
58.36 947.14 62.67 949.62 55.12 962.74 50.81 960.26 container
593.84 151.59 599.17 153.83 591.78 171.41 586.45 169.17 large_vehicle
626.03 1190.7 642.46 1185.64 644.25 1191.43 627.82 1196.49 large_vehicle
49.42 465.96 65.58 475.55 62.9 480.05 46.74 470.46 container
37.76 621.06 61.27 634.26 58.17 639.8 34.66 626.6 large_vehicle
852.72 418.06 858.87 420.49 850.64 441.36 844.49 438.93 large_vehicle
525.22 127.2 535.8 133.11 533.01 138.11 522.43 132.2 heavy_equipment
9.41 956.14 22.7 965.44 19.76 969.64 6.47 960.34 container
438.72 1214.3 459.11 1215.08 458.89 1220.88 438.5 1220.1 large_vehicle
547.06 120.66 551.77 122.47 546.69 135.71 541.98 133.9 large_vehicle
15.94 919.65 32.1 930.64 28.47 935.99 12.31 925.0 container
789.98 97.68 793.29 99.93 788.27 107.32 784.96 105.07 container
770.39 112.31 786.32 123.98 783.19 128.26 767.26 116.59 container
354.57 1184.15 377.94 1184.64 377.8 1191.44 354.43 1190.95 large_vehicle
655.0 836.15 660.06 837.91 653.58 856.63 648.52 854.87 large_vehicle
575.18 140.34 580.13 142.2 576.1 152.97 571.15 151.11 medium_vehicle
844.61 417.02 849.95 419.21 843.13 435.86 837.79 433.67 large_vehicle
551.75 124.55 556.72 126.14 553.3 136.87 548.33 135.28 medium_vehicle
641.87 1167.91 657.35 1166.29 657.95 1172.01 642.47 1173.63 large_vehicle
53.91 479.79 58.25 482.71 49.81 495.27 45.47 492.35 container
449.02 180.87 462.51 175.83 464.89 182.21 451.4 187.25 medium_vessel
563.38 1126.23 569.28 1127.83 564.9 1143.96 559.0 1142.36 large_vehicle
44.8 471.72 49.04 474.38 40.37 488.21 36.13 485.55 container
19.35 617.57 24.19 619.96 15.66 637.22 10.82 634.83 container
954.08 137.34 959.95 139.56 953.43 156.83 947.56 154.61 large_vehicle
44.78 496.54 49.2 499.97 37.7 514.8 33.28 511.37 container
751.11 132.94 755.3 135.67 747.04 148.32 742.85 145.59 container
581.24 182.94 586.3 185.57 579.15 199.36 574.09 196.73 container
780.79 110.52 785.22 113.62 779.93 121.18 775.5 118.08 container
1071.46 1172.12 1092.04 1180.35 1089.59 1186.48 1069.01 1178.25 large_vehicle
54.71 945.24 58.65 947.64 50.27 961.41 46.33 959.01 container
1161.39 1219.24 1181.61 1230.64 1178.15 1236.79 1157.93 1225.39 large_vehicle
51.85 921.02 66.1 931.91 62.89 936.11 48.64 925.22 container
770.61 106.38 774.38 109.1 765.29 121.7 761.52 118.98 container
762.53 124.84 777.77 135.99 775.51 139.08 760.27 127.93 container
142.21 830.78 146.85 833.46 139.29 846.55 134.65 843.87 container
8.34 961.68 20.43 969.95 18.1 973.35 6.01 965.08 container
16.09 477.03 20.98 479.17 13.3 496.74 8.41 494.6 container
777.27 107.52 781.3 110.47 776.03 117.67 772.0 114.72 container
435.89 117.97 447.74 116.22 448.28 119.82 436.43 121.57 medium_vessel
564.67 1066.74 570.11 1069.07 562.69 1086.38 557.25 1084.05 large_vehicle
792.6 99.12 797.32 101.64 792.84 110.03 788.12 107.51 container
759.58 117.7 763.69 120.26 755.33 133.69 751.22 131.13 container
23.48 481.53 28.15 484.3 19.2 499.37 14.53 496.6 container
47.61 941.0 51.05 943.07 42.91 956.61 39.47 954.54 container
149.31 807.14 153.7 809.42 146.17 823.96 141.78 821.68 container
786.25 589.88 792.16 592.03 784.87 612.05 778.96 609.9 large_vehicle
10.31 911.74 14.36 913.72 7.18 928.37 3.13 926.39 container
28.14 484.98 33.16 487.96 24.09 503.25 19.07 500.27 container
760.93 660.6 766.13 662.71 758.11 682.56 752.91 680.45 large_vehicle
981.58 1117.32 1003.96 1122.73 1002.49 1128.8 980.11 1123.39 large_vehicle
553.39 1139.98 559.48 1140.22 558.76 1159.01 552.67 1158.77 large_vehicle
786.6 95.54 790.02 97.65 785.57 104.85 782.15 102.74 container
7.27 964.82 18.59 972.95 16.3 976.12 4.98 967.99 container
744.84 127.43 748.17 129.6 739.76 142.49 736.43 140.32 container
571.01 138.03 575.65 139.77 572.2 148.99 567.56 147.25 medium_vehicle
82.23 1186.04 93.92 1195.75 69.72 1224.89 58.03 1215.18 pylon
748.62 129.97 751.77 132.03 742.97 145.52 739.82 143.46 container
