743.44 27.66 750.28 16.49 754.19 18.88 747.35 30.05 bus
729.56 183.92 733.45 182.33 737.73 192.76 733.84 194.35 bus
191.13 513.88 205.78 506.6 207.86 510.78 193.21 518.06 bus
338.57 460.37 348.07 460.28 348.12 465.05 338.62 465.14 medium_vehicle
163.05 523.16 166.68 520.53 173.02 529.28 169.39 531.91 bus
176.55 519.48 191.55 513.66 193.39 518.4 178.39 524.22 bus
651.55 177.45 665.93 171.16 667.93 175.75 653.55 182.04 bus
676.41 32.38 681.74 20.58 686.43 22.7 681.1 34.5 bus
656.67 181.32 665.8 177.0 667.8 181.22 658.67 185.54 medium_vehicle
847.43 77.87 862.04 69.7 864.72 74.5 850.11 82.67 bus
1050.68 15.91 1063.44 6.98 1066.17 10.89 1053.41 19.82 bus
663.94 192.69 670.93 189.38 671.74 191.1 664.75 194.41 medium_vehicle
662.69 190.47 669.69 187.16 670.84 189.6 663.84 192.91 medium_vehicle
709.22 45.6 716.8 33.33 721.68 36.34 714.1 48.61 bus
738.24 178.84 741.86 177.7 745.26 188.41 741.64 189.55 bus
347.17 182.12 354.32 178.83 356.15 182.82 349.0 186.11 medium_vehicle
708.23 194.2 712.3 192.47 716.81 203.04 712.74 204.77 bus
197.04 322.86 205.05 327.96 202.49 331.98 194.48 326.88 medium_vehicle
736.44 13.93 751.95 13.06 752.19 17.36 736.68 18.23 bus
504.53 348.18 507.77 345.83 513.32 353.48 510.08 355.83 medium_vehicle
739.61 27.96 746.39 16.89 749.94 19.07 743.16 30.14 bus
286.65 212.84 282.88 207.57 285.88 205.43 289.65 210.7 medium_vehicle
746.44 172.95 750.51 172.1 752.88 183.44 748.81 184.29 bus
381.49 401.53 378.56 395.99 381.4 394.49 384.33 400.03 medium_vehicle
1033.99 741.69 1038.3 738.73 1045.37 749.03 1041.06 751.99 large_vehicle
677.04 212.05 689.94 204.55 692.57 209.06 679.67 216.56 bus
714.18 14.81 728.9 14.19 729.06 17.88 714.34 18.5 bus
384.41 408.51 381.57 403.75 384.02 402.29 386.86 407.05 medium_vehicle
388.39 407.11 385.55 402.35 388.49 400.6 391.33 405.36 medium_vehicle
486.41 94.5 489.68 91.55 494.79 97.23 491.52 100.18 medium_vehicle
514.6 121.82 517.77 118.97 522.73 124.48 519.56 127.33 medium_vehicle
34.7 345.83 46.31 349.18 44.8 354.4 33.19 351.05 bus
351.31 186.49 359.03 182.94 360.74 186.66 353.02 190.21 medium_vehicle
497.53 350.81 500.41 348.71 506.54 357.15 503.66 359.25 medium_vehicle
750.59 172.02 754.49 171.06 757.12 181.79 753.22 182.75 bus
313.71 198.37 322.61 196.7 323.52 201.57 314.62 203.24 medium_vehicle
668.11 200.38 681.98 193.73 684.16 198.28 670.29 204.93 bus
538.74 489.24 554.09 482.34 555.98 486.53 540.63 493.43 bus
348.09 184.61 355.42 181.24 357.19 185.08 349.86 188.45 medium_vehicle
627.71 444.47 641.18 437.03 643.69 441.56 630.22 449.0 bus
996.95 747.77 1001.16 744.87 1007.25 753.74 1003.04 756.64 bus
1036.04 26.27 1048.4 17.61 1051.02 21.36 1038.66 30.02 bus
856.28 543.5 859.58 540.53 864.69 546.2 861.39 549.17 medium_vehicle
346.38 571.47 355.91 570.35 356.39 574.44 346.86 575.56 medium_vehicle
669.44 198.0 678.31 193.42 680.27 197.22 671.4 201.8 medium_vehicle
384.75 400.23 381.89 394.65 384.75 393.19 387.61 398.77 medium_vehicle
1178.71 945.02 1182.56 941.98 1189.5 950.77 1185.65 953.81 bus
1013.04 79.62 1016.98 81.2 1011.97 93.73 1008.03 92.15 bus
301.66 203.64 298.02 198.57 301.01 196.43 304.65 201.5 medium_vehicle
684.33 47.1 692.02 35.31 696.37 38.14 688.68 49.93 bus
670.53 202.96 685.17 195.95 687.13 200.04 672.49 207.05 bus
723.1 44.64 730.14 33.25 734.5 35.94 727.46 47.33 bus
657.04 187.58 671.59 180.73 673.8 185.42 659.25 192.27 bus
738.7 12.49 751.19 12.1 751.27 14.57 738.78 14.96 bus
291.75 210.06 287.92 204.7 291.29 202.29 295.12 207.65 medium_vehicle
732.48 27.45 739.44 16.0 744.21 18.9 737.25 30.35 bus
653.98 181.31 661.87 177.58 662.9 179.75 655.01 183.48 medium_vehicle
709.77 29.24 716.63 17.31 721.1 19.88 714.24 31.81 bus
869.08 476.4 873.35 474.06 878.4 483.28 874.13 485.62 bus
733.27 180.8 737.37 179.36 740.9 189.38 736.8 190.82 bus
1143.84 1219.97 1154.46 1215.59 1156.53 1220.61 1145.91 1224.99 medium_vehicle
683.51 8.7 689.96 -1.75 694.25 0.89 687.8 11.35 bus
755.42 11.23 770.19 10.76 770.35 16.06 755.58 16.53 bus
622.24 170.85 625.81 168.47 631.0 176.27 627.43 178.65 medium_vehicle
103.98 436.64 107.42 433.97 114.44 443.03 111.0 445.7 bus
989.14 675.91 993.01 673.1 997.53 679.33 993.66 682.14 medium_vehicle
557.57 480.57 572.83 473.71 574.81 478.12 559.55 484.98 bus
391.74 397.72 388.88 392.14 391.74 390.68 394.6 396.26 medium_vehicle
378.66 416.16 381.99 413.65 386.16 419.16 382.83 421.67 medium_vehicle
715.91 190.32 719.64 188.43 724.98 198.94 721.25 200.83 bus
297.87 205.61 294.24 200.54 297.24 198.39 300.87 203.46 medium_vehicle
1019.08 78.71 1023.12 80.39 1018.64 91.2 1014.6 89.52 bus
394.74 396.16 391.9 390.61 394.75 389.15 397.59 394.7 medium_vehicle
318.35 195.34 314.41 189.83 317.4 187.69 321.34 193.2 medium_vehicle
834.3 237.13 834.26 223.95 838.41 223.93 838.45 237.11 bus
500.35 349.19 503.59 346.84 509.72 355.27 506.48 357.62 medium_vehicle
704.41 29.57 711.01 18.09 715.49 20.67 708.89 32.15 bus
423.23 68.37 438.84 66.09 439.58 71.16 423.97 73.44 bus
662.4 193.16 676.91 186.82 678.94 191.45 664.43 197.79 bus
671.43 194.37 677.39 191.55 678.64 194.19 672.68 197.01 medium_vehicle
1019.74 68.74 1023.24 68.77 1023.15 80.01 1019.65 79.98 bus
647.13 195.67 650.21 193.09 657.2 201.45 654.12 204.03 bus
1173.18 975.78 1177.12 972.54 1182.83 979.49 1178.89 982.73 medium_vehicle
390.46 1054.08 403.42 1048.74 405.49 1053.75 392.53 1059.09 large_vehicle
387.94 398.53 385.09 392.95 387.95 391.49 390.8 397.07 medium_vehicle
703.49 196.71 707.84 194.58 712.68 204.45 708.33 206.58 bus
306.96 200.54 303.32 195.47 306.31 193.33 309.95 198.4 medium_vehicle
