1212.8 580.84 1219.04 578.22 1223.74 589.38 1217.5 592.0 container
1120.59 413.85 1125.71 410.72 1131.76 420.62 1126.64 423.75 medium_vehicle
1237.47 595.94 1241.34 600.72 1223.21 615.39 1219.34 610.61 container
1239.16 496.91 1243.44 502.2 1228.59 514.23 1224.31 508.94 large_vehicle
1234.27 587.85 1239.2 593.66 1219.66 610.23 1214.73 604.42 large_vehicle
1122.39 404.01 1125.66 408.77 1117.13 414.64 1113.86 409.88 medium_vehicle
1180.88 454.09 1188.32 452.46 1194.01 478.36 1186.57 479.99 large_vehicle
1188.1 483.91 1195.54 482.28 1201.23 508.18 1193.79 509.81 large_vehicle
1201.24 566.37 1207.96 564.08 1212.59 577.71 1205.87 580.0 medium_vehicle
1154.95 470.47 1160.47 468.08 1166.67 482.4 1161.15 484.79 medium_vehicle
1273.45 470.96 1278.38 476.77 1258.16 493.93 1253.23 488.12 large_vehicle
1125.88 410.12 1131.22 407.39 1136.71 418.17 1131.37 420.9 medium_vehicle
1158.77 461.93 1165.49 459.62 1173.29 482.27 1166.57 484.58 large_vehicle
1195.23 570.61 1201.37 567.69 1210.32 586.53 1204.18 589.45 container
1177.6 514.07 1179.7 520.44 1163.1 525.9 1161.0 519.53 large_vehicle
