104.39 1259.81 131.92 1258.27 132.37 1266.23 104.84 1267.77 large_vehicle
1236.03 298.58 1250.87 303.89 1248.9 309.41 1234.06 304.1 heavy_equipment
1201.05 322.44 1218.85 322.16 1218.94 327.65 1201.14 327.93 heavy_equipment
202.32 1269.38 230.84 1266.39 231.61 1273.78 203.09 1276.77 large_vehicle
591.05 461.27 597.96 462.89 591.5 490.43 584.59 488.81 large_vehicle
190.58 769.79 211.02 769.26 211.18 775.23 190.74 775.76 medium_vessel
365.35 1260.2 387.26 1256.34 388.9 1265.63 366.99 1269.49 container
169.57 1168.07 194.47 1163.05 195.84 1169.86 170.94 1174.88 large_vehicle
772.16 189.37 794.71 184.82 820.68 313.62 798.13 318.17 large_vessel
1194.25 177.33 1208.74 179.65 1207.77 185.72 1193.28 183.4 medium_vessel
294.59 848.61 314.92 840.81 317.14 846.59 296.81 854.39 medium_vessel
256.87 17.03 293.82 11.7 296.62 31.14 259.67 36.47 medium_vessel
364.38 1109.91 370.07 1109.76 370.52 1126.95 364.83 1127.1 medium_vessel
582.99 427.74 589.44 428.23 587.87 448.52 581.42 448.03 container
191.82 775.88 209.22 775.43 209.38 781.56 191.98 782.01 medium_vessel
182.9 1256.27 211.02 1252.57 212.0 1260.01 183.88 1263.71 large_vehicle
825.91 530.63 869.91 530.56 869.94 547.32 825.94 547.39 large_vessel
85.94 1227.31 91.52 1227.78 89.17 1255.18 83.59 1254.71 large_vehicle
564.69 1075.68 653.01 1061.69 656.52 1083.81 568.2 1097.8 large_vessel
154.25 1220.97 160.51 1221.51 158.4 1246.04 152.14 1245.5 large_vehicle
170.8 30.47 244.92 23.98 246.37 40.59 172.25 47.08 large_vessel
1153.42 1199.03 1153.82 1231.87 1140.15 1232.03 1139.75 1199.19 medium_vessel
132.36 1165.35 157.96 1162.66 158.77 1170.43 133.17 1173.12 large_vehicle
172.05 50.11 247.72 43.35 249.24 60.38 173.57 67.14 large_vessel
853.14 488.63 891.89 468.98 902.52 489.93 863.77 509.58 large_vessel
368.61 1124.0 386.35 1121.48 387.1 1126.72 369.36 1129.24 medium_vessel
369.35 1109.46 386.9 1106.97 387.72 1112.72 370.17 1115.21 medium_vessel
818.81 520.84 868.95 516.8 870.16 531.88 820.02 535.92 large_vessel
381.39 1128.28 387.74 1128.78 386.11 1149.41 379.76 1148.91 container
197.68 733.88 216.94 730.83 217.81 736.27 198.55 739.32 medium_vessel
263.92 805.02 268.45 806.3 265.3 817.43 260.77 816.15 small_vessel
520.51 980.71 579.39 967.55 584.63 990.98 525.75 1004.14 large_vessel
852.3 474.79 892.07 460.4 899.34 480.48 859.57 494.87 large_vessel
815.68 545.13 859.68 545.06 859.71 560.86 815.71 560.93 large_vessel
17.23 920.23 43.53 919.27 43.88 928.95 17.58 929.91 medium_vessel
1096.4 1245.59 1110.41 1241.39 1112.02 1246.74 1098.01 1250.94 large_vehicle
1154.61 1195.35 1191.23 1192.14 1192.62 1208.0 1156.0 1211.21 medium_vessel
297.36 14.45 442.56 -9.32 447.12 18.51 301.92 42.29 large_vessel
188.03 789.18 207.42 788.67 207.56 793.97 188.17 794.48 medium_vessel
370.05 1115.5 387.59 1113.01 388.74 1121.12 371.2 1123.61 medium_vessel
192.29 765.16 212.33 764.63 212.45 769.43 192.41 769.96 medium_vessel
126.19 1173.73 151.38 1171.08 152.13 1178.18 126.94 1180.83 large_vehicle
543.96 864.12 715.67 845.47 719.69 882.43 547.98 901.08 large_vessel
357.26 1109.78 363.77 1109.61 364.29 1129.41 357.78 1129.58 medium_vessel
92.1 1223.64 98.18 1224.36 94.96 1251.78 88.88 1251.06 large_vehicle
191.01 753.91 212.91 753.34 213.07 759.28 191.17 759.85 medium_vessel
1264.44 281.16 1276.24 283.94 1274.79 290.06 1262.99 287.28 heavy_equipment
819.15 415.5 834.53 410.77 846.79 450.64 831.41 455.37 large_vessel
734.74 1245.97 977.3 1211.89 984.01 1259.62 741.45 1293.7 large_vessel
44.94 1127.6 312.06 1087.68 319.73 1138.98 52.61 1178.9 large_vessel
780.29 1232.12 867.04 1217.92 870.35 1238.13 783.6 1252.33 large_vessel
235.38 806.72 241.98 807.9 238.72 826.04 232.12 824.86 medium_vessel
810.45 480.91 834.6 474.62 836.54 482.07 812.39 488.36 medium_vessel
300.9 840.81 311.83 835.55 314.14 840.34 303.21 845.6 small_vessel
158.47 1162.4 185.1 1157.94 186.24 1164.73 159.61 1169.19 large_vehicle
