235.09 885.2 243.72 893.36 241.28 895.95 232.65 887.79 medium_vessel
39.64 633.08 53.4 633.11 53.39 637.11 39.63 637.08 medium_vessel
159.77 860.73 167.83 867.96 164.02 872.21 155.96 864.98 small_vessel
182.68 835.17 196.84 846.08 191.79 852.64 177.63 841.73 medium_vessel
127.6 898.58 142.92 908.27 140.1 912.72 124.78 903.03 medium_vessel
151.06 865.37 168.91 880.24 164.66 885.33 146.81 870.46 medium_vessel
140.57 890.56 149.82 897.31 147.19 900.92 137.94 894.17 small_vessel
101.93 581.53 113.41 583.33 112.6 588.54 101.12 586.74 medium_vehicle
112.36 907.13 122.34 914.41 119.04 918.94 109.06 911.66 small_vessel
187.46 824.9 206.92 843.24 200.91 849.62 181.45 831.28 medium_vessel
195.38 815.96 214.9 833.42 209.18 839.81 189.66 822.35 medium_vessel
218.36 684.77 230.46 686.88 229.52 692.28 217.42 690.17 small_vessel
168.53 845.93 186.38 860.8 182.13 865.89 164.28 851.02 medium_vessel
69.28 380.22 78.46 385.2 64.53 410.86 55.35 405.88 medium_vessel
171.12 942.62 180.14 949.2 177.02 953.48 168.0 946.9 small_vessel
21.94 34.38 42.6 43.96 -0.55 136.94 -21.21 127.36 large_vessel
206.56 907.33 220.01 917.14 215.72 923.02 202.27 913.21 medium_vessel
179.67 925.82 205.74 934.24 202.93 942.94 176.86 934.52 medium_vessel
6.03 596.73 12.93 596.89 12.46 617.28 5.56 617.12 container
1188.86 706.27 1276.95 693.42 1279.41 710.31 1191.32 723.16 large_vessel
216.38 761.1 224.74 767.9 221.9 771.39 213.54 764.59 small_vessel
244.9 867.18 256.83 875.87 253.77 880.07 241.84 871.38 medium_vessel
103.23 597.3 115.36 597.75 115.18 602.54 103.05 602.09 medium_vehicle
209.32 769.59 218.28 772.91 216.91 776.6 207.95 773.28 small_vessel
41.2 628.98 54.1 629.01 54.09 633.31 41.19 633.28 medium_vessel
118.75 904.22 129.96 910.78 126.91 916.0 115.7 909.44 medium_vessel
435.55 656.89 451.02 667.21 447.82 672.0 432.35 661.68 container
277.99 650.24 296.47 656.02 294.7 661.66 276.22 655.88 container
