1154.64 472.59 1161.75 474.21 1156.52 497.02 1149.41 495.4 container
1147.92 295.47 1154.25 294.57 1157.22 315.44 1150.89 316.34 container
339.98 420.95 345.3 420.41 347.33 440.38 342.01 440.92 large_vehicle
1138.99 130.48 1160.02 126.43 1161.23 132.7 1140.2 136.75 container
910.47 197.07 931.72 190.37 933.77 196.88 912.52 203.58 container
855.23 1250.03 860.26 1252.22 854.31 1265.91 849.28 1263.72 medium_vessel
1051.31 98.65 1057.39 98.2 1058.98 119.34 1052.9 119.79 bus
396.63 254.06 401.55 258.43 385.11 276.95 380.19 272.58 large_vehicle
1028.22 103.61 1035.0 103.79 1034.45 124.58 1027.67 124.4 container
912.39 16.71 914.46 23.5 887.34 31.74 885.27 24.95 large_vehicle
1097.71 89.79 1104.11 89.8 1104.08 111.1 1097.68 111.09 bus
1068.51 94.39 1074.21 94.4 1074.18 115.3 1068.48 115.29 bus
1109.05 97.65 1130.27 90.8 1132.09 96.44 1110.87 103.29 container
1229.81 273.91 1236.26 273.88 1236.33 294.68 1229.88 294.71 container
1200.74 89.62 1207.22 89.98 1206.08 110.26 1199.6 109.9 container
309.75 691.7 316.52 691.0 318.7 712.08 311.93 712.78 large_vehicle
287.99 325.0 292.84 329.31 276.21 348.03 271.36 343.72 large_vehicle
431.1 526.16 430.78 512.99 437.03 512.84 437.35 526.01 medium_vehicle
870.55 60.62 876.66 60.78 876.12 81.37 870.01 81.21 container
1019.12 3.72 1024.99 3.52 1025.73 25.89 1019.86 26.09 large_vehicle
1218.32 343.75 1224.62 343.7 1224.77 364.78 1218.47 364.83 container
1209.88 276.65 1216.09 276.76 1215.72 298.26 1209.51 298.15 container
1163.65 124.21 1186.02 117.59 1187.47 122.48 1165.1 129.1 container
391.16 1080.64 397.03 1079.62 401.39 1104.88 395.52 1105.9 large_vehicle
856.29 88.2 862.13 88.0 862.81 107.49 856.97 107.69 container
264.53 393.67 269.15 399.14 252.42 413.29 247.8 407.82 bus
1166.95 115.96 1188.94 110.96 1190.09 116.0 1168.1 121.0 container
860.58 101.18 881.02 96.57 882.42 102.8 861.98 107.41 container
1168.63 290.14 1175.22 289.85 1176.16 311.34 1169.57 311.63 container
19.99 753.63 37.11 732.04 43.02 736.73 25.9 758.32 large_vehicle
340.55 686.71 346.67 685.97 348.06 697.47 341.94 698.21 medium_vehicle
854.94 65.07 859.04 64.9 859.95 85.68 855.85 85.85 container
1162.22 17.22 1180.86 19.12 1180.3 24.66 1161.66 22.76 large_vehicle
887.16 204.49 908.39 198.21 910.11 204.02 888.88 210.3 container
1241.2 -2.27 1260.97 3.62 1259.14 9.74 1239.37 3.84 container
322.02 529.17 328.32 528.41 331.38 553.73 325.08 554.49 large_vehicle
1154.31 292.57 1160.87 291.92 1162.91 312.81 1156.35 313.46 container
432.89 160.93 441.25 153.08 445.3 157.4 436.94 165.25 medium_vehicle
221.87 564.2 245.12 562.78 245.57 570.18 222.32 571.6 large_vehicle
309.82 518.99 316.45 518.47 318.4 543.25 311.77 543.77 large_vehicle
300.93 390.59 305.53 388.18 316.29 408.77 311.69 411.18 large_vehicle
913.29 22.4 915.46 29.61 889.09 37.52 886.92 30.31 large_vehicle
1023.16 156.34 1045.14 151.58 1046.54 158.08 1024.56 162.84 container
866.57 61.61 872.06 61.75 871.52 82.44 866.03 82.3 container
1120.85 308.77 1126.56 307.27 1131.7 326.86 1125.99 328.36 container
1110.03 85.85 1130.77 79.15 1133.12 86.42 1112.38 93.12 container
127.56 625.74 133.2 629.79 119.45 648.94 113.81 644.89 large_vehicle
1041.03 103.24 1046.95 102.97 1047.86 123.06 1041.94 123.33 bus
27.8 736.14 43.14 717.13 48.45 721.41 33.11 740.42 large_vehicle
1161.46 69.49 1168.52 70.26 1166.01 93.31 1158.95 92.54 container
445.86 396.22 452.8 396.74 450.85 422.62 443.91 422.1 large_vehicle
274.15 394.46 294.56 398.32 293.19 405.59 272.78 401.73 large_vehicle
944.47 72.1 946.92 78.35 920.65 88.65 918.2 82.4 large_vehicle
334.25 284.02 340.3 288.93 321.31 312.3 315.26 307.39 large_vehicle
1124.14 121.46 1130.73 121.73 1129.85 142.62 1123.26 142.35 bus
1217.57 275.52 1223.55 275.66 1223.06 297.26 1217.08 297.12 container
260.92 407.1 266.49 412.11 251.49 428.77 245.92 423.76 bus
329.45 448.26 335.48 447.8 337.29 471.85 331.26 472.31 large_vehicle
174.31 578.82 179.69 584.27 159.51 604.17 154.13 598.72 large_vehicle
1109.22 100.87 1129.54 94.31 1131.64 100.81 1111.32 107.37 container
863.97 1245.38 876.47 1245.21 876.52 1249.01 864.02 1249.18 medium_vessel
1163.44 21.85 1181.49 25.26 1180.34 31.36 1162.29 27.95 large_vehicle
333.28 884.88 339.92 884.54 341.06 906.41 334.42 906.75 large_vehicle
1074.16 93.28 1080.98 93.81 1079.39 114.36 1072.57 113.83 bus
1024.03 152.68 1045.67 148.51 1046.73 154.02 1025.09 158.19 container
1212.18 7.65 1218.27 7.97 1217.11 30.24 1211.02 29.92 container
862.97 62.81 868.46 62.95 867.93 83.22 862.44 83.08 container
1077.08 130.26 1083.83 130.55 1082.95 151.44 1076.2 151.15 bus
519.94 102.28 525.05 108.0 508.66 122.65 503.55 116.93 bus
907.94 121.71 913.64 121.68 913.75 142.08 908.05 142.11 container
1138.6 75.01 1144.7 75.17 1144.09 98.47 1137.99 98.31 container
364.75 265.79 370.82 269.5 359.5 288.05 353.43 284.34 bus
1166.16 127.04 1187.74 122.14 1189.14 128.29 1167.56 133.19 container
55.23 728.85 60.94 733.58 44.55 753.32 38.84 748.59 large_vehicle
294.84 640.36 301.23 639.59 303.83 661.03 297.44 661.8 large_vehicle
1024.21 102.41 1029.5 102.03 1030.84 120.78 1025.55 121.16 container
237.38 408.79 245.62 398.18 251.04 402.38 242.8 412.99 medium_vehicle
881.03 1241.59 887.3 1245.1 877.91 1261.91 871.64 1258.4 medium_vessel
1155.16 71.44 1161.92 72.17 1159.43 95.13 1152.67 94.4 container
1147.98 469.5 1154.85 471.02 1148.91 497.83 1142.04 496.31 large_vehicle
866.76 1239.98 881.56 1239.77 881.63 1244.76 866.83 1244.97 medium_vessel
325.4 821.35 332.58 820.31 336.13 844.95 328.95 845.99 large_vehicle
321.33 705.95 327.44 705.21 328.96 717.81 322.85 718.55 medium_vehicle
1202.66 278.51 1209.06 278.48 1209.13 299.88 1202.73 299.91 container
1094.63 130.43 1100.59 129.75 1103.08 151.67 1097.12 152.35 container
1134.39 302.23 1140.85 300.76 1145.52 321.31 1139.06 322.78 container
649.59 9.68 653.63 15.99 634.52 28.21 630.48 21.9 bus
1181.04 287.92 1187.03 287.14 1189.75 308.13 1183.76 308.91 container
1224.7 274.38 1230.78 274.88 1228.99 296.71 1222.91 296.21 container
829.51 183.12 836.41 182.89 837.22 207.27 830.32 207.5 large_vehicle
334.54 424.54 340.32 424.46 340.63 447.05 334.85 447.13 large_vehicle
1079.75 91.19 1086.13 91.2 1086.08 116.59 1079.7 116.58 large_vehicle
858.82 63.61 863.98 63.75 863.41 85.46 858.25 85.32 container
434.43 191.69 441.95 183.04 445.64 186.24 438.12 194.89 medium_vehicle
1123.12 478.74 1129.82 478.94 1129.04 505.29 1122.34 505.09 large_vehicle
314.74 293.92 320.3 297.87 307.39 316.03 301.83 312.08 large_vehicle
331.46 544.94 337.18 544.25 340.29 570.02 334.57 570.71 large_vehicle
1060.72 96.62 1066.77 95.92 1069.28 117.61 1063.23 118.31 container
1194.94 282.84 1201.67 282.36 1203.2 303.62 1196.47 304.1 container
1166.06 119.7 1187.54 114.82 1188.64 119.65 1167.16 124.53 container
194.77 504.73 201.21 508.82 188.95 528.13 182.51 524.04 bus
943.8 80.75 946.41 87.42 921.49 97.18 918.88 90.51 large_vehicle
397.02 1168.24 403.37 1167.47 406.37 1192.29 400.02 1193.06 large_vehicle
1090.21 92.83 1096.92 92.57 1097.71 113.17 1091.0 113.43 bus
1175.75 89.21 1199.79 84.58 1201.17 91.73 1177.13 96.36 container
366.15 947.39 372.86 946.58 375.28 966.54 368.57 967.35 large_vehicle
1211.18 345.2 1217.66 345.0 1218.33 366.2 1211.85 366.4 container
198.0 489.76 203.63 493.66 187.66 516.72 182.03 512.82 large_vehicle
1141.92 472.78 1148.56 474.12 1143.1 501.22 1136.46 499.88 large_vehicle
165.83 524.15 171.0 527.67 155.77 550.09 150.6 546.57 large_vehicle
1046.71 101.1 1052.82 101.3 1052.16 121.18 1046.05 120.98 bus
1024.26 144.91 1045.69 140.78 1046.75 146.28 1025.32 150.41 container
1217.59 6.1 1224.4 6.1 1224.4 29.1 1217.59 29.1 container
168.41 529.99 174.72 534.28 159.17 557.15 152.86 552.86 large_vehicle
189.43 484.06 195.73 488.2 180.12 511.96 173.82 507.82 large_vehicle
1188.79 284.2 1195.29 284.25 1195.1 306.32 1188.6 306.27 container
1132.79 75.59 1138.59 75.59 1138.59 98.4 1132.79 98.4 container
1174.63 288.66 1180.58 287.9 1183.24 308.63 1177.29 309.39 container
390.41 249.2 396.23 253.78 382.61 271.09 376.79 266.51 bus
1140.38 299.68 1146.33 298.33 1150.92 318.52 1144.97 319.87 container
314.49 727.33 321.25 726.9 322.57 747.36 315.81 747.79 large_vehicle
1161.53 291.51 1167.8 290.81 1170.15 311.82 1163.88 312.52 container
870.88 1249.96 873.84 1255.84 858.73 1263.45 855.77 1257.57 medium_vessel
1024.04 149.55 1045.27 144.57 1046.55 150.03 1025.32 155.01 container
475.22 151.47 480.7 156.68 465.29 172.86 459.81 167.65 bus
