1258.75 1058.93 1265.14 1055.56 1276.39 1076.9 1270.0 1080.27 bus
549.99 484.66 556.0 481.01 574.78 511.89 568.77 515.54 double_trailer_truck
542.19 487.7 548.08 483.91 567.65 514.29 561.76 518.08 double_trailer_truck
1161.07 358.12 1180.18 365.3 1178.29 370.31 1159.18 363.13 large_vehicle
168.82 495.95 184.39 489.38 187.05 495.66 171.48 502.23 medium_vehicle
1091.05 380.92 1116.17 366.77 1120.19 373.91 1095.07 388.06 container
1135.28 347.86 1141.21 346.25 1145.65 362.58 1139.72 364.19 medium_vehicle
573.66 513.33 579.88 509.76 593.5 533.54 587.28 537.11 large_vehicle
1234.46 1070.02 1240.5 1065.88 1253.98 1085.57 1247.94 1089.71 bus
530.03 494.29 536.11 490.0 552.24 512.87 546.16 517.16 large_vehicle
1136.55 591.33 1142.72 587.08 1153.67 603.0 1147.5 607.25 medium_vehicle
709.67 696.01 715.75 694.36 721.56 715.71 715.48 717.36 container
1144.81 360.94 1149.76 355.77 1172.51 377.58 1167.56 382.75 large_vehicle
1249.91 1063.12 1256.11 1059.29 1268.71 1079.68 1262.51 1083.51 bus
558.04 481.21 564.1 477.68 582.28 508.92 576.22 512.45 double_trailer_truck
535.75 488.87 541.49 485.31 556.33 509.23 550.59 512.79 large_vehicle
1161.56 345.98 1166.77 341.02 1186.04 361.26 1180.83 366.22 large_vehicle
890.02 409.43 887.92 402.75 918.79 393.07 920.89 399.75 large_vehicle
910.71 397.1 905.7 391.0 937.99 364.48 943.0 370.58 double_trailer_truck
1104.77 260.7 1114.52 251.95 1119.33 257.31 1109.58 266.06 heavy_equipment
1127.12 285.79 1132.87 282.69 1139.24 294.53 1133.49 297.63 heavy_equipment
315.01 543.98 321.97 539.83 346.16 580.42 339.2 584.57 large_vehicle
1179.26 354.48 1184.98 349.99 1196.66 364.89 1190.94 369.38 medium_vehicle
1267.14 1058.08 1272.81 1054.76 1282.96 1072.12 1277.29 1075.44 bus
580.04 510.87 586.23 507.48 599.43 531.58 593.24 534.97 large_vehicle
1241.78 1065.52 1247.76 1061.85 1260.19 1082.06 1254.21 1085.73 bus
1233.45 1037.05 1255.62 1027.46 1258.14 1033.29 1235.97 1042.88 bus
1129.78 371.22 1135.33 367.25 1146.05 382.22 1140.5 386.19 medium_vehicle
1095.37 392.95 1118.35 380.84 1121.85 387.48 1098.87 399.59 container
1079.77 386.52 1094.37 386.41 1094.42 392.64 1079.82 392.75 container
1252.54 1035.78 1275.72 1026.42 1278.63 1033.64 1255.45 1043.0 bus
1152.49 343.25 1164.4 332.75 1168.99 337.96 1157.08 348.46 container
1232.4 341.41 1237.24 338.84 1243.55 350.7 1238.71 353.27 medium_vehicle
