138.28 93.28 144.28 87.77 165.36 110.69 159.36 116.2 large_vehicle
177.27 138.95 184.04 134.9 200.23 161.96 193.46 166.01 large_vehicle
158.37 96.12 163.98 90.65 190.72 118.05 185.11 123.52 double_trailer_truck
165.63 87.31 171.07 82.59 196.3 111.71 190.86 116.43 double_trailer_truck
302.34 -29.22 409.54 78.73 370.07 117.93 262.87 9.97 large_vessel
278.66 171.94 284.76 167.16 308.93 197.98 302.83 202.76 double_trailer_truck
269.58 180.08 278.29 181.95 271.06 215.66 262.35 213.79 double_trailer_truck
299.03 163.46 305.7 158.5 328.27 188.78 321.6 193.74 double_trailer_truck
193.69 144.86 200.12 140.23 216.04 162.3 209.61 166.93 large_vehicle
141.77 207.11 173.26 189.07 177.13 195.81 145.64 213.85 double_trailer_truck
148.21 248.2 183.65 236.83 186.2 244.79 150.76 256.16 double_trailer_truck
329.22 153.09 334.65 148.3 360.19 177.27 354.76 182.06 double_trailer_truck
121.43 249.74 157.85 237.55 160.32 244.93 123.9 257.12 double_trailer_truck
864.93 591.57 1130.92 690.49 1108.34 751.2 842.35 652.28 large_vessel
137.91 200.93 164.39 185.45 167.69 191.09 141.21 206.57 large_vehicle
346.19 138.69 351.35 133.8 377.91 161.79 372.75 166.68 double_trailer_truck
324.61 68.45 331.8 63.12 353.93 93.02 346.74 98.35 double_trailer_truck
260.27 37.05 265.43 32.15 278.85 46.29 273.69 51.19 large_vehicle
291.15 166.41 297.53 162.84 311.83 188.32 305.45 191.89 large_vehicle
366.39 149.21 371.24 144.27 392.5 165.16 387.65 170.1 large_vehicle
889.8 359.7 1084.39 359.7 1084.39 405.19 889.8 405.19 large_vessel
314.72 157.55 320.79 153.03 343.62 183.65 337.55 188.17 double_trailer_truck
322.03 153.99 327.98 149.55 351.12 180.59 345.17 185.03 double_trailer_truck
348.41 126.46 354.72 122.06 371.41 145.99 365.1 150.39 large_vehicle
333.56 146.65 339.5 141.42 358.97 163.51 353.03 168.74 large_vehicle
209.44 210.83 243.34 194.81 246.67 201.85 212.77 217.87 double_trailer_truck
995.6 207.3 1113.4 207.3 1113.4 234.4 995.6 234.4 large_vessel
122.09 113.55 126.87 106.81 157.5 128.49 152.72 135.23 double_trailer_truck
172.59 185.76 199.83 179.27 201.99 188.33 174.75 194.82 large_vehicle
846.99 730.91 1043.63 828.95 1018.34 879.68 821.7 781.64 large_vessel
168.11 216.8 199.09 197.37 202.98 203.57 172.0 223.0 double_trailer_truck
218.38 127.34 223.71 121.84 251.65 148.91 246.32 154.41 double_trailer_truck
258.74 178.82 265.43 180.02 259.25 214.41 252.56 213.21 double_trailer_truck
381.87 135.5 385.46 128.81 412.67 143.41 409.08 150.1 large_vehicle
347.19 151.05 353.67 146.08 371.51 169.32 365.03 174.29 large_vehicle
366.0 140.28 370.78 134.7 392.98 153.72 388.2 159.3 large_vehicle
130.06 197.43 157.38 180.88 161.11 187.03 133.79 203.58 large_vehicle
199.73 119.03 205.24 113.35 232.87 140.13 227.36 145.81 double_trailer_truck
143.56 219.13 171.58 197.24 176.33 203.32 148.31 225.21 double_trailer_truck
161.26 236.81 195.61 221.23 198.74 228.14 164.39 243.72 double_trailer_truck
599.86 940.85 905.87 1129.11 868.58 1189.73 562.57 1001.47 large_vessel
-0.28 161.56 93.04 254.24 56.28 291.26 -37.04 198.58 large_vessel
206.69 115.89 210.93 109.49 224.13 118.23 219.89 124.63 double_trailer_truck
180.86 234.27 213.37 217.35 217.68 225.64 185.17 242.56 double_trailer_truck
377.08 139.9 381.41 133.1 414.45 154.14 410.12 160.94 double_trailer_truck
270.78 175.29 276.98 170.85 299.46 202.25 293.26 206.69 double_trailer_truck
103.59 242.13 140.34 254.5 136.38 266.27 99.63 253.9 double_trailer_truck
113.06 63.0 119.06 57.48 141.05 81.4 135.05 86.92 large_vehicle
307.13 161.08 314.0 156.31 331.05 180.84 324.18 185.61 large_vehicle
