717.88 1267.02 733.92 1258.02 736.32 1262.28 720.28 1271.28 container
905.85 862.25 911.19 860.84 913.82 870.9 908.48 872.31 small_vessel
961.85 334.68 972.51 331.72 983.04 369.68 972.38 372.64 medium_vessel
1037.83 1018.93 1052.88 1014.07 1054.86 1020.21 1039.81 1025.07 container
715.18 1260.81 731.28 1251.77 734.38 1257.29 718.28 1266.33 container
1039.46 1252.98 1109.24 1212.2 1119.55 1229.83 1049.77 1270.61 large_vessel
1015.01 526.02 1028.06 522.6 1039.59 566.54 1026.54 569.96 medium_vessel
490.36 842.6 490.19 838.57 496.85 838.28 497.02 842.31 small_vessel
1035.8 599.36 1061.29 592.67 1086.82 689.99 1061.33 696.68 large_vessel
20.9 979.2 26.28 977.96 28.95 989.5 23.57 990.74 small_vessel
1061.55 1276.72 1097.84 1256.93 1103.82 1267.91 1067.53 1287.7 medium_vessel
