1231.23 875.34 1245.79 885.13 1225.49 915.35 1210.93 905.56 large_vessel
1181.77 829.34 1197.43 842.39 1160.08 887.22 1144.42 874.17 large_vessel
1235.01 498.55 1234.14 505.6 1219.17 503.76 1220.04 496.71 medium_vessel
1216.77 687.85 1225.31 682.03 1240.06 703.66 1231.52 709.48 medium_vessel
1162.65 818.85 1174.64 828.84 1144.2 865.37 1132.21 855.38 large_vessel
1105.49 604.31 1108.62 602.61 1113.66 611.9 1110.53 613.6 small_vessel
1217.32 653.28 1230.67 644.44 1254.9 681.05 1241.55 689.89 large_vessel
1270.36 510.94 1279.55 512.96 1273.86 538.82 1264.67 536.8 medium_vessel
1258.56 680.57 1265.17 675.89 1276.83 692.35 1270.22 697.03 medium_vessel
1123.13 627.28 1132.72 621.2 1148.05 645.36 1138.46 651.44 medium_vessel
677.1 145.91 681.29 148.12 676.15 157.86 671.96 155.65 small_vessel
1229.26 731.38 1235.3 727.26 1247.79 745.57 1241.75 749.69 medium_vessel
1237.38 500.0 1246.03 501.41 1242.05 525.71 1233.4 524.3 medium_vessel
1152.54 810.65 1162.59 819.74 1134.22 851.14 1124.17 842.05 medium_vessel
1203.82 699.49 1215.53 691.47 1233.92 718.32 1222.21 726.34 medium_vessel
1235.72 717.39 1245.04 710.31 1263.67 734.85 1254.35 741.93 medium_vessel
1193.43 852.94 1208.0 862.73 1176.42 909.73 1161.85 899.94 large_vessel
1134.32 803.63 1141.9 814.86 1136.64 818.4 1129.06 807.17 medium_vessel
1244.92 501.78 1256.08 503.6 1251.52 531.41 1240.36 529.59 medium_vessel
