156.41 302.29 167.38 303.11 166.98 308.49 156.01 307.67 medium_vessel
292.54 457.22 302.48 466.79 298.66 470.76 288.72 461.19 medium_vessel
292.52 453.5 304.3 464.84 301.16 468.11 289.38 456.77 medium_vessel
292.78 436.84 307.41 450.91 303.39 455.09 288.76 441.02 medium_vessel
297.86 432.84 305.74 439.59 303.63 442.04 295.75 435.29 medium_vessel
446.62 -0.69 472.11 0.1 470.45 53.08 444.96 52.28 large_vessel
332.92 29.01 354.06 39.55 348.69 50.31 327.55 39.77 medium_vessel
293.18 447.38 305.81 459.53 301.41 464.1 288.78 451.95 medium_vessel
478.11 -2.2 507.34 0.25 498.02 111.21 468.79 108.75 large_vessel
335.88 23.08 351.14 29.68 348.0 36.92 332.74 30.32 medium_vessel
297.46 429.66 306.29 435.53 304.51 438.22 295.68 432.35 medium_vessel
293.51 441.24 304.19 457.25 299.37 460.47 288.69 444.46 medium_vessel
247.58 420.67 246.93 428.4 242.27 428.01 242.92 420.28 small_vessel
237.78 459.72 236.15 464.31 227.54 461.26 229.17 456.67 medium_vehicle
294.13 431.5 308.06 444.91 304.04 449.09 290.11 435.68 medium_vessel
254.89 441.05 254.0 454.81 247.43 454.39 248.32 440.63 medium_vessel
247.07 432.73 244.8 440.16 239.81 438.63 242.08 431.2 small_vessel
