65.22 963.36 76.74 956.38 80.3 962.25 68.78 969.23 medium_vessel
375.67 495.32 378.71 495.69 378.06 501.17 375.02 500.8 small_vessel
470.0 823.02 476.5 828.13 463.64 844.53 457.14 839.42 medium_vessel
320.74 1005.3 323.75 1001.54 332.11 1008.25 329.1 1012.01 medium_vessel
970.92 618.14 975.76 618.98 974.03 629.0 969.19 628.16 medium_vessel
102.47 946.55 117.2 945.26 117.63 950.15 102.9 951.44 medium_vessel
932.28 17.81 939.83 22.47 937.83 25.7 930.28 21.04 small_vessel
142.7 1133.36 155.73 1130.23 157.45 1137.43 144.42 1140.56 medium_vessel
1056.9 99.92 1073.21 101.06 1070.44 140.74 1054.13 139.6 large_vessel
1170.92 152.4 1187.36 153.55 1183.35 210.92 1166.91 209.77 large_vessel
117.3 983.62 133.81 975.78 136.91 982.32 120.4 990.16 medium_vessel
386.27 507.36 389.17 507.24 389.41 513.02 386.51 513.14 small_vessel
1054.77 42.73 1067.73 42.64 1067.98 78.64 1055.02 78.73 large_vessel
324.23 988.74 327.57 985.2 339.73 996.66 336.39 1000.2 medium_vessel
372.37 624.43 375.41 624.8 374.76 630.27 371.72 629.9 small_vessel
329.77 471.02 339.26 472.66 335.79 492.75 326.3 491.11 medium_vessel
333.66 453.36 341.99 454.35 339.9 471.81 331.57 470.82 medium_vessel
758.51 1116.72 774.79 1118.18 772.27 1146.44 755.99 1144.98 large_vessel
344.45 594.69 350.67 596.81 346.13 610.14 339.91 608.02 medium_vessel
62.17 957.28 73.48 950.88 76.73 956.63 65.42 963.03 medium_vessel
998.7 235.48 1004.88 233.3 1012.13 253.89 1005.95 256.07 large_vehicle
320.68 566.68 326.46 567.78 322.7 587.68 316.92 586.58 medium_vessel
96.72 1001.48 99.11 1004.52 90.7 1011.11 88.31 1008.07 medium_vessel
929.84 35.18 939.24 40.98 937.17 44.33 927.77 38.53 medium_vessel
1029.58 163.53 1044.32 164.56 1041.78 200.95 1027.04 199.92 large_vessel
578.38 1054.98 598.6 1040.4 658.74 1123.79 638.52 1138.37 large_vessel
934.34 11.94 940.59 18.01 938.04 20.63 931.79 14.56 medium_vessel
1255.32 653.24 1259.85 653.54 1258.87 668.17 1254.34 667.87 medium_vessel
393.02 523.27 396.5 524.57 393.92 531.44 390.44 530.14 small_vessel
575.68 1067.99 592.44 1055.72 642.3 1123.83 625.54 1136.1 large_vessel
707.78 1098.9 713.18 1099.5 711.43 1115.36 706.03 1114.76 container
566.24 896.13 570.46 899.75 563.95 907.35 559.73 903.73 medium_vehicle
110.47 961.98 124.36 956.79 126.37 962.17 112.48 967.36 medium_vessel
622.81 1153.38 640.2 1141.15 674.74 1190.29 657.35 1202.52 large_vessel
952.73 773.24 975.24 775.48 967.42 853.86 944.91 851.62 large_vessel
979.31 622.44 984.23 623.29 981.77 637.55 976.85 636.7 medium_vessel
934.54 32.36 938.61 39.56 934.76 41.74 930.69 34.54 small_vessel
1066.02 13.08 1075.21 12.73 1076.43 44.61 1067.24 44.96 large_vessel
100.88 945.66 114.84 936.15 117.76 940.43 103.8 949.94 medium_vessel
1248.42 646.67 1253.56 647.17 1252.13 661.76 1246.99 661.26 medium_vessel
337.68 590.22 343.17 591.26 339.72 609.5 334.23 608.46 medium_vessel
831.26 23.14 838.64 23.63 837.53 40.39 830.15 39.9 bus
56.92 947.42 68.59 932.85 74.24 937.37 62.57 951.94 medium_vessel
385.25 613.43 388.71 613.84 387.81 621.38 384.35 620.97 small_vessel
1010.79 245.34 1038.57 247.87 1033.69 301.52 1005.91 298.99 large_vessel
826.32 18.69 833.1 18.86 832.65 37.28 825.87 37.11 bus
1193.99 633.59 1197.83 630.15 1208.72 642.29 1204.88 645.73 medium_vessel
1047.54 -0.66 1061.73 0.32 1059.31 34.89 1045.12 33.9 large_vessel
370.32 487.74 376.95 488.53 375.29 502.45 368.66 501.66 medium_vessel
87.81 984.6 80.81 986.36 79.73 982.06 86.73 980.3 small_vessel
1034.42 26.9 1051.86 28.12 1048.49 76.35 1031.05 75.13 large_vessel
934.13 8.18 942.67 14.23 939.96 18.06 931.42 12.01 medium_vessel
962.3 782.35 988.32 783.66 984.35 862.08 958.33 860.77 large_vessel
1191.69 644.12 1195.53 640.67 1205.92 652.25 1202.08 655.7 medium_vessel
909.83 324.62 920.59 331.23 917.63 336.05 906.87 329.44 large_vehicle
328.26 987.67 331.98 983.65 340.43 991.48 336.71 995.5 medium_vessel
364.95 483.14 370.49 483.8 368.82 497.78 363.28 497.12 medium_vessel
884.22 511.66 892.83 516.41 890.1 521.37 881.49 516.62 medium_vessel
320.12 996.79 324.38 992.42 336.28 1004.03 332.02 1008.4 medium_vessel
1264.64 1169.44 1279.41 1168.61 1281.73 1210.07 1266.96 1210.9 large_vessel
397.18 1046.45 402.94 1041.81 406.2 1045.85 400.44 1050.49 small_vessel
59.51 925.58 67.56 926.52 65.34 945.38 57.29 944.44 medium_vessel
454.9 1159.34 461.96 1157.75 462.73 1161.2 455.67 1162.79 small_vessel
341.45 564.64 347.52 565.36 345.57 581.7 339.5 580.98 medium_vessel
790.68 802.59 808.3 802.8 807.93 833.19 790.31 832.98 large_vessel
122.51 992.89 135.26 986.28 137.83 991.24 125.08 997.85 medium_vessel
373.75 508.26 380.11 509.69 376.68 524.9 370.32 523.47 medium_vessel
932.4 316.85 931.14 330.49 924.79 329.9 926.05 316.26 large_vehicle
397.37 1054.89 405.56 1048.29 408.94 1052.48 400.75 1059.08 medium_vessel
76.69 894.83 90.12 886.86 92.84 891.43 79.41 899.4 medium_vessel
1043.41 36.99 1060.67 36.75 1061.24 77.16 1043.98 77.4 large_vessel
1178.79 157.57 1194.16 158.64 1190.2 215.27 1174.83 214.2 large_vessel
186.74 275.34 191.22 272.87 194.74 279.25 190.26 281.72 heavy_equipment
1063.19 46.62 1077.37 46.55 1077.58 86.15 1063.4 86.22 large_vessel
786.88 858.98 834.68 863.41 817.44 1049.21 769.64 1044.78 large_vessel
86.08 915.96 97.13 907.6 99.97 911.35 88.92 919.71 medium_vessel
933.23 211.28 939.71 211.29 939.68 231.1 933.2 231.09 large_vehicle
387.16 1143.33 395.21 1144.32 393.34 1159.58 385.29 1158.59 medium_vessel
386.42 611.46 390.79 611.3 391.04 618.11 386.67 618.27 small_vessel
1046.44 93.04 1063.81 94.26 1061.17 132.05 1043.8 130.83 large_vessel
694.9 1023.9 699.9 1023.9 699.9 1034.2 694.9 1034.2 medium_vehicle
470.06 1168.03 474.3 1168.12 474.09 1177.64 469.85 1177.55 medium_vessel
1071.4 56.74 1085.45 54.51 1091.53 92.9 1077.48 95.13 large_vessel
795.79 806.21 810.2 806.38 809.79 840.46 795.38 840.29 large_vessel
464.55 1164.07 468.22 1164.69 466.94 1172.17 463.27 1171.55 small_vessel
1237.37 635.45 1241.82 636.46 1238.43 651.39 1233.98 650.38 medium_vessel
368.46 616.16 372.43 617.15 369.8 627.77 365.83 626.78 medium_vessel
466.71 1166.45 471.11 1166.55 470.88 1176.53 466.48 1176.43 medium_vessel
1066.82 106.62 1081.72 107.67 1078.91 147.84 1064.01 146.79 large_vessel
935.16 1.41 942.16 5.73 940.1 9.07 933.1 4.75 small_vessel
379.74 514.54 385.68 515.25 384.28 526.98 378.34 526.27 medium_vessel
383.3 627.75 386.34 628.11 385.45 635.58 382.41 635.22 small_vessel
1019.72 154.82 1036.47 155.99 1033.26 201.83 1016.51 200.66 large_vessel
156.16 433.89 162.55 432.47 167.58 455.17 161.19 456.59 large_vehicle
323.21 994.27 327.25 989.76 339.81 1000.99 335.77 1005.5 medium_vessel
1036.64 -1.11 1048.82 -0.26 1047.06 25.04 1034.88 24.19 large_vessel
932.84 21.5 941.0 28.04 937.78 32.06 929.62 25.52 medium_vessel
1048.93 178.3 1065.52 179.46 1062.89 216.95 1046.3 215.79 large_vessel
176.3 461.25 182.38 460.46 183.56 469.56 177.48 470.35 heavy_equipment
974.29 620.45 977.83 620.34 978.16 631.34 974.62 631.45 medium_vessel
48.05 926.11 59.44 917.11 64.04 922.94 52.65 931.94 medium_vessel
639.62 1137.26 654.99 1127.74 692.45 1188.15 677.08 1197.67 large_vessel
1234.1 632.18 1238.51 633.33 1234.65 648.13 1230.24 646.98 medium_vessel
1028.38 75.46 1046.92 76.76 1044.19 115.75 1025.65 114.45 large_vessel
461.74 1161.16 465.85 1161.87 464.42 1170.24 460.31 1169.53 small_vessel
1241.34 640.63 1245.8 641.65 1242.84 654.69 1238.38 653.67 medium_vessel
367.1 503.85 373.47 505.1 370.6 519.71 364.23 518.46 medium_vessel
933.47 15.25 939.68 19.08 937.69 22.31 931.48 18.48 small_vessel
150.11 1147.01 167.23 1142.9 168.95 1150.05 151.83 1154.16 medium_vessel
1223.07 622.09 1227.75 623.68 1222.56 638.92 1217.88 637.33 medium_vessel
1057.5 -0.2 1071.66 0.21 1070.43 41.63 1056.27 41.21 large_vessel
383.03 501.74 386.03 502.34 385.12 506.86 382.12 506.26 small_vessel
183.41 281.79 187.0 278.79 190.58 283.09 186.99 286.09 heavy_equipment
81.27 910.63 95.15 899.11 98.1 902.66 84.22 914.18 medium_vessel
1073.32 14.07 1086.79 13.93 1087.18 51.21 1073.71 51.35 large_vessel
762.49 1085.46 778.69 1087.53 775.31 1113.92 759.11 1111.85 large_vessel
1037.84 88.67 1052.12 89.66 1049.86 121.95 1035.58 120.96 large_vessel
965.61 375.59 981.38 385.28 977.85 391.02 962.08 381.33 container
384.0 1139.32 389.27 1140.52 385.84 1155.51 380.57 1154.31 medium_vessel
371.39 619.51 374.79 620.32 372.94 628.0 369.54 627.19 medium_vessel
935.38 4.62 942.24 8.86 940.17 12.2 933.31 7.96 small_vessel
630.06 1145.68 645.32 1135.2 690.5 1200.94 675.24 1211.42 large_vessel
1037.91 171.77 1055.02 172.97 1052.43 210.05 1035.32 208.85 large_vessel
394.31 529.62 397.77 529.3 398.76 540.15 395.3 540.47 small_vessel
320.54 1009.79 323.5 1006.09 331.09 1012.16 328.13 1015.86 medium_vessel
228.6 1112.58 233.28 1115.99 224.56 1127.96 219.88 1124.55 container
930.3 28.31 941.19 35.03 939.05 38.5 928.16 31.78 medium_vessel
180.63 285.77 183.91 283.5 187.67 288.91 184.39 291.18 heavy_equipment
1001.33 326.18 1053.09 331.53 1031.2 543.31 979.44 537.96 large_vessel
