698.86 1094.63 707.2 1097.25 705.98 1101.14 697.64 1098.52 small_vessel
706.09 1090.18 715.62 1094.4 713.67 1098.8 704.14 1094.58 small_vessel
685.6 1190.76 695.71 1199.01 692.66 1202.76 682.55 1194.51 small_vessel
679.87 1032.23 687.63 1039.54 684.51 1042.85 676.75 1035.54 small_vessel
582.96 1115.5 586.97 1117.07 583.02 1127.16 579.01 1125.59 small_vessel
714.93 1107.0 722.89 1115.91 719.35 1119.08 711.39 1110.17 small_vessel
607.58 1067.91 612.25 1070.14 606.5 1082.19 601.83 1079.96 small_vessel
701.63 1056.92 707.41 1061.31 705.03 1064.44 699.25 1060.05 small_vessel
699.39 1060.31 703.1 1062.69 697.63 1071.2 693.92 1068.82 small_vessel
454.26 862.38 462.36 862.66 461.83 877.93 453.73 877.65 heavy_equipment
451.2 979.62 456.4 983.4 449.86 992.4 444.66 988.62 medium_vehicle
711.07 232.46 717.06 235.05 712.13 246.45 706.14 243.86 medium_vehicle
701.98 1052.49 712.51 1062.42 709.67 1065.44 699.14 1055.51 medium_vessel
715.22 1074.86 719.39 1077.78 713.8 1085.73 709.63 1082.81 small_vessel
472.04 753.61 478.53 756.54 470.29 774.79 463.8 771.86 large_vehicle
678.2 1208.17 688.59 1217.97 684.79 1222.0 674.4 1212.2 medium_vessel
698.14 1126.78 705.61 1133.82 702.5 1137.13 695.03 1130.09 small_vessel
684.51 1196.0 694.61 1203.25 691.49 1207.6 681.39 1200.35 small_vessel
698.57 1107.06 704.99 1111.9 702.92 1114.65 696.5 1109.81 small_vessel
703.18 1147.4 711.05 1155.67 708.23 1158.36 700.36 1150.09 small_vessel
719.09 1099.57 726.17 1108.46 722.18 1111.64 715.1 1102.75 small_vessel
723.14 1170.63 727.81 1170.99 726.99 1181.6 722.32 1181.24 small_vessel
444.66 758.78 450.08 755.53 459.09 770.53 453.67 773.78 medium_vehicle
640.11 1139.0 653.95 1149.2 650.99 1153.22 637.15 1143.02 medium_vehicle
656.31 1006.94 668.97 1016.62 665.21 1021.54 652.55 1011.86 medium_vehicle
695.85 1237.21 700.95 1239.2 697.35 1248.38 692.25 1246.39 small_vessel
706.14 1069.36 710.32 1072.65 702.49 1082.6 698.31 1079.31 small_vessel
682.69 1205.57 692.63 1213.37 689.0 1218.0 679.06 1210.2 small_vessel
647.51 1119.97 658.77 1129.35 655.36 1133.44 644.1 1124.06 medium_vehicle
720.38 1182.53 723.76 1184.17 719.7 1192.54 716.32 1190.9 small_vessel
645.12 1028.52 648.89 1031.08 644.48 1037.58 640.71 1035.02 small_vessel
683.38 1156.94 693.97 1156.4 694.21 1161.1 683.62 1161.64 small_vessel
643.94 1132.98 656.37 1143.33 652.44 1148.05 640.01 1137.7 medium_vehicle
702.2 1121.61 714.26 1127.18 712.08 1131.91 700.02 1126.34 small_vessel
718.8 1110.67 728.38 1114.48 726.7 1118.69 717.12 1114.88 small_vessel
649.5 1115.58 660.3 1124.58 656.93 1128.63 646.13 1119.63 medium_vehicle
711.99 1146.16 720.2 1153.9 717.72 1156.53 709.51 1148.79 small_vessel
820.39 184.25 833.35 192.73 829.61 198.46 816.65 189.98 medium_vehicle
709.9 1142.73 718.93 1143.92 718.18 1149.57 709.15 1148.38 small_vessel
697.31 1114.81 704.19 1121.36 701.24 1124.46 694.36 1117.91 small_vessel
675.58 1213.87 685.04 1222.78 681.51 1226.53 672.05 1217.62 small_vessel
686.69 1159.49 691.35 1162.59 684.58 1172.78 679.92 1169.68 small_vessel
768.7 226.12 780.65 232.94 778.12 237.38 766.17 230.56 medium_vehicle
690.28 1187.73 698.98 1193.78 696.17 1197.83 687.47 1191.78 small_vessel
459.57 768.96 466.87 769.03 466.72 786.13 459.42 786.06 medium_vehicle
600.58 373.33 612.09 379.35 609.02 385.21 597.51 379.19 medium_vehicle
1081.52 272.31 1086.05 275.35 1079.5 285.13 1074.97 282.09 medium_vehicle
692.79 1141.66 700.29 1151.12 696.53 1154.11 689.03 1144.65 small_vessel
715.2 1190.97 720.71 1193.83 713.4 1207.86 707.89 1205.0 medium_vessel
1075.3 318.44 1081.5 320.31 1077.2 334.56 1071.0 332.69 small_vessel
719.59 1120.47 719.72 1130.45 716.04 1130.5 715.91 1120.52 small_vessel
725.35 1087.79 726.2 1103.99 721.41 1104.24 720.56 1088.04 medium_vessel
714.92 1087.11 718.22 1086.73 719.75 1099.9 716.45 1100.28 small_vessel
696.58 1060.18 699.31 1063.12 692.73 1069.23 690.0 1066.29 small_vessel
768.7 232.28 779.88 238.65 777.0 243.7 765.82 237.33 medium_vehicle
701.31 1224.67 706.31 1226.43 702.01 1238.65 697.01 1236.89 small_vessel
736.07 1087.27 740.03 1087.76 738.33 1101.38 734.37 1100.89 small_vessel
670.81 1033.29 675.78 1034.58 672.94 1045.48 667.97 1044.19 small_vessel
871.57 806.73 875.83 807.51 873.89 818.07 869.63 817.29 small_vessel
925.79 103.32 930.02 106.4 923.47 115.41 919.24 112.33 medium_vehicle
694.09 1133.33 703.3 1142.0 700.17 1145.32 690.96 1136.65 small_vessel
