1115.81 291.97 1119.7 295.79 1111.29 304.35 1107.4 300.53 medium_vehicle
1257.54 803.56 1263.37 806.29 1258.1 817.53 1252.27 814.8 heavy_equipment
1158.46 287.59 1168.75 292.26 1156.51 319.23 1146.22 314.56 heavy_equipment
1103.58 228.71 1109.73 224.86 1116.24 235.23 1110.09 239.08 medium_vehicle
1260.74 775.17 1275.32 767.83 1277.79 772.75 1263.21 780.09 heavy_equipment
1248.93 726.49 1261.08 734.06 1257.31 740.13 1245.16 732.56 heavy_equipment
1127.22 191.39 1131.41 194.14 1125.9 202.54 1121.71 199.79 small_vessel
1091.11 209.27 1101.09 215.8 1097.85 220.76 1087.87 214.23 medium_vehicle
1253.49 744.2 1260.27 746.45 1256.19 758.72 1249.41 756.47 medium_vehicle
1052.78 274.22 1056.85 269.93 1070.34 282.72 1066.27 287.01 large_vehicle
