590.87 1141.16 391.26 1327.3 347.41 1280.27 547.02 1094.13 large_vessel
498.68 1280.06 514.62 1264.28 518.98 1268.69 503.04 1284.47 container
515.13 1262.88 534.45 1243.76 538.82 1248.17 519.5 1267.29 container
699.71 1209.84 729.08 1218.26 727.17 1224.9 697.8 1216.48 container
556.44 1227.77 579.41 1210.84 583.78 1216.76 560.81 1233.69 container
742.57 1266.83 765.93 1280.16 762.23 1286.64 738.87 1273.31 container
748.96 949.17 968.76 1011.37 957.3 1051.84 737.5 989.64 large_vessel
859.54 1258.23 891.97 1269.21 889.21 1277.37 856.78 1266.39 container
616.6 1214.44 604.75 1206.51 608.09 1201.53 619.94 1209.46 container
606.91 1256.78 621.28 1231.59 626.88 1234.78 612.51 1259.97 container
604.29 1192.77 618.49 1191.45 619.04 1197.42 604.84 1198.74 container
799.45 887.15 849.61 895.18 847.14 910.58 796.98 902.55 medium_vessel
640.19 1085.85 839.26 1144.06 829.24 1178.32 630.17 1120.11 large_vessel
666.74 1235.6 691.65 1245.22 689.33 1251.22 664.42 1241.6 container
580.21 1210.68 604.23 1197.69 607.57 1203.87 583.55 1216.86 container
649.84 1194.57 673.29 1201.3 671.58 1207.27 648.13 1200.54 container
931.36 1105.39 946.53 1083.81 953.47 1088.68 938.3 1110.26 medium_vessel
546.02 1236.3 556.23 1227.55 560.5 1232.52 550.29 1241.27 container
673.76 1201.7 698.73 1208.86 696.92 1215.19 671.95 1208.03 container
535.29 1244.59 545.27 1235.57 549.65 1240.42 539.67 1249.44 container
691.82 1245.15 716.98 1254.61 714.71 1260.64 689.55 1251.18 container
833.13 1249.47 859.33 1258.34 857.12 1264.85 830.92 1255.98 container
892.3 1270.46 919.17 1279.55 916.99 1285.99 890.12 1276.9 container
717.99 1255.13 741.93 1267.38 738.79 1273.52 714.85 1261.27 container
642.84 1224.77 667.1 1235.92 664.63 1241.28 640.37 1230.13 container
785.86 1263.18 770.77 1284.49 765.02 1280.43 780.11 1259.12 container
651.68 1144.21 623.22 1128.11 627.07 1121.31 655.53 1137.41 large_vehicle
620.96 1187.73 649.28 1193.96 647.95 1200.03 619.63 1193.8 container
805.13 1241.33 831.63 1249.27 829.66 1255.84 803.16 1247.9 container
639.64 1229.53 616.87 1215.58 619.81 1210.78 642.58 1224.73 container
