694.76 1257.49 696.16 1250.86 709.74 1253.72 708.34 1260.35 small_vessel
146.94 1002.49 163.71 1002.96 162.07 1061.6 145.3 1061.13 large_vessel
333.21 1011.69 346.55 1012.67 346.24 1016.94 332.9 1015.96 small_vessel
493.21 1071.94 515.84 1075.93 514.36 1084.33 491.73 1080.34 medium_vessel
61.03 1269.96 62.85 1262.93 82.9 1268.12 81.08 1275.15 medium_vessel
71.22 1021.56 71.27 1004.45 78.14 1004.48 78.09 1021.59 medium_vessel
127.43 1274.43 126.3 1284.38 88.43 1280.06 89.56 1270.11 medium_vessel
620.72 1258.07 623.37 1244.36 666.84 1252.73 664.19 1266.44 medium_vessel
131.32 1251.34 129.76 1262.85 92.02 1257.75 93.58 1246.24 medium_vessel
106.39 1001.52 121.08 1002.24 118.51 1054.93 103.82 1054.21 medium_vessel
429.9 1278.95 431.98 1265.3 483.52 1273.18 481.44 1286.83 medium_vessel
392.63 1021.75 411.51 1023.14 406.09 1096.98 387.21 1095.59 large_vessel
310.71 1008.16 322.18 1009.5 321.63 1014.18 310.16 1012.84 small_vessel
164.64 1002.29 177.15 1002.42 176.76 1039.96 164.25 1039.83 medium_vessel
455.5 1030.62 472.94 1034.33 458.7 1101.28 441.26 1097.57 large_vessel
126.38 1222.42 125.31 1232.05 95.44 1228.76 96.51 1219.13 medium_vessel
214.68 1006.54 232.68 1006.73 232.1 1062.09 214.1 1061.9 large_vessel
67.11 1250.26 68.37 1243.44 85.76 1246.63 84.5 1253.45 medium_vessel
105.84 1202.43 106.88 1195.26 123.39 1197.64 122.35 1204.81 medium_vessel
178.04 1002.0 190.54 1002.13 190.14 1040.31 177.64 1040.18 medium_vessel
416.73 1024.26 438.68 1029.37 419.34 1112.48 397.39 1107.37 large_vessel
64.57 1236.14 65.72 1228.19 88.48 1231.47 87.33 1239.42 medium_vessel
125.64 1005.87 143.76 1006.37 141.8 1076.74 123.68 1076.24 large_vessel
381.6 1271.98 382.6 1262.8 418.12 1266.66 417.12 1275.84 medium_vessel
369.47 1018.82 390.49 1020.91 382.42 1101.74 361.4 1099.65 large_vessel
289.25 1012.96 315.25 1014.37 309.52 1120.02 283.52 1118.61 large_vessel
125.43 1261.87 123.87 1273.38 89.59 1268.75 91.15 1257.24 medium_vessel
75.15 1225.75 75.84 1219.49 89.36 1220.99 88.67 1227.25 small_vessel
194.18 1006.12 213.91 1006.33 213.24 1070.89 193.51 1070.68 large_vessel
260.46 1006.16 275.08 1007.75 269.32 1060.73 254.7 1059.14 medium_vessel
475.93 1034.95 493.66 1038.07 483.25 1097.11 465.52 1093.99 large_vessel
98.56 1014.77 102.9 1006.01 107.11 1008.1 102.77 1016.86 small_vessel
