910.92 220.38 924.35 219.42 924.76 225.11 911.33 226.07 medium_vehicle
203.81 118.9 231.32 123.11 229.95 132.12 202.44 127.91 medium_vessel
430.85 41.03 501.12 51.15 498.75 67.57 428.48 57.45 large_vessel
236.37 166.44 267.07 168.7 266.26 179.65 235.56 177.39 medium_vessel
231.71 192.84 269.54 193.77 269.24 205.84 231.41 204.91 medium_vessel
242.82 98.58 279.35 100.49 278.75 111.95 242.22 110.04 medium_vessel
55.53 68.62 71.23 68.79 71.16 74.83 55.46 74.66 medium_vessel
193.75 215.12 220.3 222.04 217.85 231.44 191.3 224.52 medium_vessel
200.53 138.16 228.59 141.31 227.5 151.05 199.44 147.9 medium_vessel
56.35 36.05 75.62 36.89 75.33 43.54 56.06 42.7 medium_vessel
154.41 65.57 181.47 68.12 180.58 77.45 153.52 74.9 medium_vessel
50.03 136.14 60.84 135.87 60.96 140.8 50.15 141.07 small_vessel
516.94 262.84 513.76 225.75 524.9 224.79 528.08 261.88 medium_vessel
50.78 111.76 64.98 112.15 64.81 118.19 50.61 117.8 small_vessel
156.36 46.81 184.11 49.77 183.12 59.11 155.37 56.15 medium_vessel
125.45 51.74 149.34 54.3 148.45 62.66 124.56 60.1 medium_vessel
836.67 269.28 851.08 262.8 852.88 266.82 838.47 273.3 medium_vehicle
197.75 198.16 222.59 203.99 220.37 213.45 195.53 207.62 medium_vessel
155.64 57.0 182.13 59.84 181.19 68.59 154.7 65.75 medium_vessel
230.33 265.36 258.23 271.44 256.27 280.45 228.37 274.37 medium_vessel
197.52 188.84 223.17 193.64 221.38 203.19 195.73 198.39 medium_vessel
87.41 2.24 122.1 4.67 121.39 14.84 86.7 12.41 medium_vessel
407.3 200.69 449.78 205.38 448.43 217.59 405.95 212.9 medium_vessel
236.79 154.77 271.8 157.04 271.12 167.56 236.11 165.29 medium_vessel
240.82 124.81 275.12 127.03 274.34 139.06 240.04 136.84 medium_vessel
365.74 117.58 403.03 120.12 402.3 130.85 365.01 128.31 medium_vessel
564.76 244.82 553.96 208.15 565.05 204.89 575.85 241.56 medium_vessel
26.08 119.3 32.16 142.3 24.74 144.26 18.66 121.26 medium_vessel
348.4 190.51 390.85 194.75 389.51 208.18 347.06 203.94 medium_vessel
89.09 -2.59 126.11 -0.01 125.79 4.44 88.77 1.86 medium_vessel
55.77 75.21 70.02 74.04 70.52 80.06 56.27 81.23 small_vessel
192.35 227.31 219.62 234.41 217.17 243.82 189.9 236.72 medium_vessel
150.28 92.97 174.92 96.26 173.69 105.54 149.05 102.25 medium_vessel
338.88 223.66 388.6 227.14 387.59 241.65 337.87 238.17 medium_vessel
110.73 168.7 131.32 166.06 132.35 174.11 111.76 176.75 medium_vessel
379.01 66.48 410.35 68.62 409.58 79.95 378.24 77.81 medium_vessel
109.91 189.94 129.12 192.03 128.29 199.65 109.08 197.56 medium_vessel
115.0 141.23 135.7 142.64 135.18 150.21 114.48 148.8 medium_vessel
143.63 137.78 169.39 143.49 167.73 151.0 141.97 145.29 medium_vessel
591.77 219.98 618.38 209.55 621.85 218.4 595.24 228.83 medium_vessel
198.37 159.65 226.57 162.81 225.45 172.79 197.25 169.63 medium_vessel
117.55 109.61 139.64 112.24 138.6 120.99 116.51 118.36 medium_vessel
323.01 629.08 334.81 641.86 330.09 646.21 318.29 633.43 medium_vehicle
63.94 173.38 84.18 176.11 83.25 182.96 63.01 180.23 medium_vessel
422.38 74.97 428.37 75.57 426.47 94.55 420.48 93.95 medium_vessel
200.84 170.67 225.44 172.73 224.63 182.41 200.03 180.35 medium_vessel
238.7 144.27 276.96 146.74 276.27 157.54 238.01 155.07 medium_vessel
241.06 110.33 272.79 111.99 272.23 122.65 240.5 120.99 medium_vessel
351.25 129.43 399.49 134.25 398.1 148.15 349.86 143.33 medium_vessel
431.99 11.41 471.86 14.41 470.98 26.18 431.11 23.18 medium_vessel
206.48 81.04 235.43 84.08 234.42 93.76 205.47 90.72 medium_vessel
121.76 91.86 143.37 93.83 142.59 102.31 120.98 100.34 medium_vessel
335.28 252.4 386.42 258.5 384.79 272.12 333.65 266.02 medium_vessel
72.83 97.67 94.27 99.96 93.52 107.03 72.08 104.74 medium_vessel
205.95 92.54 233.41 94.66 232.66 104.36 205.2 102.24 medium_vessel
208.29 71.87 235.96 74.77 235.0 83.95 207.33 81.05 medium_vessel
79.71 196.2 99.15 208.78 94.99 215.22 75.55 202.64 medium_vessel
125.1 60.58 146.67 62.88 145.76 71.34 124.19 69.04 medium_vessel
245.53 76.66 284.77 78.71 284.11 91.38 244.87 89.33 medium_vessel
59.29 56.06 72.66 58.08 71.78 63.91 58.41 61.89 small_vessel
220.21 476.54 232.21 478.22 231.5 483.32 219.5 481.64 medium_vehicle
371.64 4.76 415.45 7.74 414.58 20.54 370.77 17.56 medium_vessel
53.43 89.74 68.73 89.9 68.66 95.93 53.36 95.77 small_vessel
412.01 167.38 453.7 170.51 452.78 182.76 411.09 179.63 medium_vessel
135.86 191.06 165.74 194.41 164.54 205.14 134.66 201.79 medium_vessel
108.98 180.99 130.4 183.32 129.57 190.94 108.15 188.61 medium_vessel
60.1 17.75 77.48 19.39 76.81 26.43 59.43 24.79 medium_vessel
579.69 238.15 569.39 205.47 579.5 202.28 589.8 234.96 medium_vessel
148.18 111.04 178.05 115.03 177.11 122.11 147.24 118.12 medium_vessel
114.03 155.7 133.45 158.57 132.35 166.02 112.93 163.15 medium_vessel
248.87 56.43 275.43 61.5 273.5 71.66 246.94 66.59 medium_vessel
66.59 145.97 88.15 145.94 88.16 152.98 66.6 153.01 medium_vessel
64.92 154.14 85.69 154.11 85.7 162.18 64.93 162.21 medium_vessel
191.04 249.92 216.31 256.5 213.98 265.43 188.71 258.85 medium_vessel
66.68 166.41 86.31 169.63 85.22 176.26 65.59 173.04 medium_vessel
59.47 61.75 72.25 63.68 71.37 69.52 58.59 67.59 small_vessel
207.41 109.37 231.87 112.11 230.9 120.75 206.44 118.01 medium_vessel
87.74 13.68 117.53 17.29 116.5 25.8 86.71 22.19 medium_vessel
80.21 50.56 100.04 56.02 98.21 62.68 78.38 57.22 medium_vessel
37.55 207.46 42.96 217.38 38.22 219.97 32.81 210.05 small_vessel
