1248.26 475.36 1251.49 481.8 1219.6 497.77 1216.37 491.33 large_vehicle
477.26 888.02 527.45 873.06 593.56 1094.83 543.37 1109.79 large_vessel
575.61 1201.83 617.8 1189.26 645.1 1280.85 602.91 1293.42 large_vessel
-20.26 322.39 0.52 288.47 115.7 359.05 94.91 392.97 large_vessel
1219.52 367.99 1221.87 374.8 1188.45 386.31 1186.1 379.5 large_vehicle
762.34 1271.56 764.95 1280.09 758.79 1281.97 756.18 1273.44 large_vehicle
1101.52 343.95 1108.32 341.67 1120.22 377.03 1113.42 379.31 large_vehicle
925.68 945.63 1011.07 920.17 1114.9 1268.46 1029.51 1293.92 large_vessel
1280.22 662.79 1283.44 669.57 1269.26 676.3 1266.04 669.52 large_vehicle
812.54 595.21 823.7 661.19 515.47 713.33 504.31 647.35 large_vessel
881.6 1173.17 907.53 1162.59 910.27 1169.31 884.34 1179.89 container
743.57 1251.64 772.09 1261.74 769.67 1268.58 741.15 1258.48 large_vehicle
1188.84 544.34 1195.63 542.04 1206.96 575.52 1200.17 577.82 large_vehicle
1196.15 542.81 1203.16 540.44 1214.8 574.83 1207.79 577.2 large_vehicle
880.25 1166.03 906.18 1155.45 908.92 1162.17 882.99 1172.75 container
1053.15 392.25 1112.99 373.72 1208.99 683.85 1149.15 702.38 large_vessel
1178.41 489.62 1185.3 487.09 1197.6 520.71 1190.71 523.24 large_vehicle
1203.83 621.28 1210.63 618.99 1221.91 652.5 1215.11 654.79 large_vehicle
1227.77 372.5 1236.09 372.5 1236.09 408.3 1227.77 408.3 large_vehicle
1130.3 293.1 1137.07 290.74 1148.8 324.43 1142.03 326.79 large_vehicle
1112.93 294.68 1119.5 291.83 1133.73 324.55 1127.16 327.4 large_vehicle
