1002.85 836.83 1008.13 836.86 1008.02 857.01 1002.74 856.98 container
736.47 1058.4 749.79 1070.36 745.32 1075.35 732.0 1063.39 medium_vehicle
752.36 666.28 763.04 673.41 759.89 678.14 749.21 671.01 container
936.18 911.56 958.09 907.1 959.43 913.66 937.52 918.12 container
177.83 1235.1 195.34 1250.05 192.66 1253.19 175.15 1238.24 container
1230.87 789.54 1235.79 787.62 1242.68 805.29 1237.76 807.21 container
889.75 965.96 901.95 965.36 902.25 971.39 890.05 971.99 container
652.26 1019.67 651.49 1013.57 674.54 1010.66 675.31 1016.76 medium_vessel
18.84 1065.82 46.46 1042.23 53.29 1050.23 25.67 1073.82 medium_vessel
898.21 1273.35 914.29 1274.02 914.02 1280.37 897.94 1279.7 medium_vehicle
759.1 1250.77 769.4 1273.27 763.43 1276.0 753.13 1253.5 container
877.71 967.17 889.91 966.57 890.21 972.6 878.01 973.2 container
720.4 1034.68 742.18 1026.32 744.96 1033.59 723.18 1041.95 medium_vessel
171.04 1240.34 188.71 1255.75 185.82 1259.07 168.15 1243.66 container
858.03 949.42 870.22 948.7 870.55 954.39 858.36 955.11 container
894.64 911.24 905.83 910.93 905.99 916.64 894.8 916.95 container
1181.41 782.06 1185.26 777.02 1202.88 790.49 1199.03 795.53 container
913.06 819.61 918.49 816.85 927.82 835.25 922.39 838.01 container
431.59 1033.49 430.58 1013.54 513.24 1009.35 514.25 1029.3 large_vessel
790.83 846.61 793.13 856.42 787.08 857.84 784.78 848.03 container
759.38 835.03 769.94 832.51 772.44 843.02 761.88 845.54 heavy_equipment
908.62 779.67 913.68 780.7 909.57 800.91 904.51 799.88 container
750.83 814.44 756.55 813.08 760.01 827.6 754.29 828.96 heavy_equipment
596.82 1010.68 603.34 1007.3 613.15 1026.22 606.63 1029.6 medium_vessel
823.6 1255.05 841.78 1243.2 845.89 1249.52 827.71 1261.37 bus
62.1 359.8 163.98 291.07 178.49 312.58 76.61 381.31 large_vessel
1092.89 365.61 1102.37 383.14 1097.0 386.04 1087.52 368.51 container
1188.32 777.55 1192.39 772.22 1211.3 786.68 1207.23 792.01 container
72.78 933.64 97.13 933.09 97.25 938.6 72.9 939.15 container
176.17 1251.2 185.89 1259.68 182.32 1263.77 172.6 1255.29 container
32.23 1184.56 56.06 1177.22 58.25 1184.35 34.42 1191.69 container
624.7 1003.45 629.88 1001.11 638.81 1020.8 633.63 1023.14 medium_vessel
795.44 874.99 809.43 885.92 805.6 890.83 791.61 879.9 container
675.05 983.19 718.24 979.87 719.49 996.13 676.3 999.45 medium_vessel
775.7 754.94 776.61 766.8 771.21 767.22 770.3 755.36 container
1083.81 348.58 1088.73 367.88 1083.52 369.2 1078.6 349.9 container
672.95 654.47 645.06 439.76 683.12 434.82 711.01 649.53 large_vessel
854.18 940.4 859.63 940.26 859.96 952.71 854.51 952.85 container
901.41 802.05 907.13 799.97 914.19 819.35 908.47 821.43 container
676.13 999.01 722.44 991.6 724.96 1007.37 678.65 1014.78 medium_vessel
770.15 727.32 774.46 749.29 768.07 750.54 763.76 728.57 container
749.19 1249.5 762.15 1270.57 757.06 1273.7 744.1 1252.63 container
74.31 881.39 82.05 899.44 76.98 901.62 69.24 883.57 container
80.0 910.09 84.86 921.44 79.8 923.61 74.94 912.26 container
1265.48 812.47 1268.69 808.28 1283.75 819.8 1280.54 823.99 container
1175.93 788.38 1180.48 781.99 1198.54 794.87 1193.99 801.26 container
1118.21 977.96 1123.04 974.73 1136.59 995.04 1131.76 998.27 container
1091.46 388.49 1112.9 379.09 1115.62 385.28 1094.18 394.68 container
899.23 762.97 903.87 760.16 915.53 779.4 910.89 782.21 container
1167.59 950.97 1180.92 962.08 1176.76 967.08 1163.43 955.97 medium_vehicle
809.28 886.39 829.2 901.96 825.37 906.86 805.45 891.29 container
768.42 1249.12 773.81 1273.26 768.23 1274.51 762.84 1250.37 container
957.55 806.19 962.72 804.58 966.13 815.53 960.96 817.14 medium_vehicle
526.6 1023.43 590.31 1016.85 592.04 1033.66 528.33 1040.24 large_vessel
994.35 474.79 1006.03 474.08 1006.54 482.5 994.86 483.21 heavy_equipment
70.54 872.2 74.34 881.06 69.27 883.24 65.47 874.38 container
1082.02 358.84 1082.09 369.46 1076.85 369.49 1076.78 358.87 container
871.82 970.3 869.83 948.39 875.51 947.87 877.5 969.78 container
613.0 1008.93 620.19 1007.49 623.85 1025.8 616.66 1027.24 medium_vessel
273.93 227.49 291.45 215.67 295.27 221.34 277.75 233.16 medium_vessel
1068.89 371.51 1082.03 386.79 1077.25 390.9 1064.11 375.62 container
437.83 1058.73 434.0 1036.8 519.78 1021.82 523.61 1043.75 large_vessel
962.24 798.96 967.4 797.35 973.4 816.62 968.24 818.23 large_vehicle
1003.01 856.76 1008.14 857.99 1003.24 878.41 998.11 877.18 container
911.73 785.84 917.2 786.67 914.02 807.69 908.55 806.86 container
1252.65 758.34 1256.13 754.92 1263.7 762.63 1260.22 766.05 container
907.86 822.01 913.29 819.25 922.62 837.66 917.19 840.42 container
981.83 1143.8 978.85 1122.86 984.49 1122.05 987.47 1142.99 bus
619.85 1010.15 625.83 1007.72 632.41 1023.94 626.43 1026.37 medium_vessel
31.71 1023.09 44.44 1019.37 46.03 1024.81 33.3 1028.53 medium_vehicle
777.02 766.69 780.14 786.36 775.39 787.11 772.27 767.44 container
826.43 1247.57 838.26 1239.85 840.93 1243.95 829.1 1251.67 medium_vehicle
780.82 809.17 783.93 828.84 776.57 830.01 773.46 810.34 container
363.72 1073.31 362.74 1067.68 386.65 1063.51 387.63 1069.14 medium_vessel
862.51 911.33 884.81 910.7 884.99 916.93 862.69 917.56 container
46.04 842.47 58.73 860.25 53.77 863.79 41.08 846.01 container
125.57 1229.86 137.12 1227.97 138.32 1235.32 126.77 1237.21 container
842.7 1017.87 844.72 1030.37 839.01 1031.3 836.99 1018.8 medium_vessel
753.4 736.27 755.96 754.46 748.88 755.45 746.32 737.26 container
828.86 899.75 852.44 910.59 849.84 916.24 826.26 905.4 container
122.74 1054.77 127.02 1076.18 121.61 1077.26 117.33 1055.85 container
859.97 939.63 865.43 939.49 865.68 949.32 860.22 949.46 container
756.03 811.08 762.38 809.57 766.28 825.93 759.93 827.44 heavy_equipment
62.41 853.59 70.38 872.2 65.32 874.37 57.35 855.76 container
889.52 961.54 901.72 960.94 901.94 965.39 889.74 965.99 container
522.43 1009.86 584.09 1003.49 585.56 1017.71 523.9 1024.08 large_vessel
1260.87 765.99 1264.08 761.8 1283.26 776.47 1280.05 780.66 container
1078.64 368.95 1089.04 388.19 1083.66 391.09 1073.26 371.85 container
793.39 856.97 798.23 877.6 792.18 879.02 787.34 858.39 container
453.84 995.8 499.49 993.65 500.29 1010.61 454.64 1012.76 medium_vessel
723.15 1041.48 744.94 1033.11 747.4 1039.54 725.61 1047.91 medium_vessel
67.9 1104.72 92.81 1101.31 93.71 1107.85 68.8 1111.26 bus
764.01 1227.74 768.74 1248.9 763.16 1250.15 758.43 1228.99 container
174.74 1238.04 192.09 1253.18 189.38 1256.29 172.03 1241.15 container
749.2 595.39 752.85 618.45 746.82 619.4 743.17 596.34 container
1003.83 482.11 1007.45 490.9 1002.49 492.95 998.87 484.16 heavy_equipment
392.96 143.12 430.27 115.01 439.12 126.75 401.81 154.86 medium_vessel
81.51 899.39 90.11 919.46 85.04 921.64 76.44 901.57 container
-10.19 449.68 24.02 429.36 34.25 446.6 0.03 466.92 large_vessel
