404.36 945.66 416.82 949.33 415.14 955.06 402.68 951.39 medium_vehicle
1068.71 473.97 1075.54 473.83 1075.85 488.4 1069.02 488.54 medium_vehicle
1111.97 524.65 1121.11 513.76 1125.14 517.13 1116.0 528.02 medium_vehicle
1105.25 512.17 1111.29 505.32 1114.48 508.14 1108.44 514.99 small_vehicle
286.5 939.81 292.56 941.65 288.5 955.0 282.44 953.16 medium_vehicle
312.64 905.76 336.83 905.43 336.91 911.13 312.72 911.46 large_vehicle
1042.91 487.34 1049.1 486.6 1050.51 498.44 1044.32 499.18 medium_vehicle
962.5 75.24 985.48 78.47 983.09 95.51 960.11 92.28 small_aircraft
401.93 896.76 414.2 896.01 414.55 901.71 402.28 902.46 medium_vehicle
1102.94 507.39 1109.17 500.32 1112.67 503.4 1106.44 510.47 small_vehicle
328.63 881.77 334.83 881.39 335.57 893.39 329.37 893.77 medium_vehicle
368.72 542.94 402.26 531.26 409.46 551.93 375.92 563.61 small_aircraft
990.25 946.24 995.93 948.29 990.12 964.44 984.44 962.39 medium_vehicle
943.24 51.95 955.7 70.08 940.67 80.42 928.21 62.29 small_aircraft
1107.71 520.34 1116.85 509.45 1120.87 512.82 1111.73 523.71 medium_vehicle
323.15 883.4 329.46 883.02 330.32 896.95 324.01 897.33 medium_vehicle
306.13 892.39 312.94 892.22 313.27 905.82 306.46 905.99 medium_vehicle
313.93 888.66 320.25 888.51 320.59 902.47 314.27 902.62 medium_vehicle
279.84 995.64 283.21 990.72 301.54 1003.27 298.17 1008.19 large_vehicle
