100.43 102.18 103.07 103.09 97.81 118.38 95.17 117.47 bus
133.61 70.53 132.73 74.66 123.26 72.64 124.14 68.51 bus
1134.24 269.89 1138.88 270.96 1136.45 281.49 1131.81 280.42 medium_vehicle
978.21 97.41 978.23 101.28 971.07 101.3 971.05 97.43 medium_vehicle
61.38 641.7 66.84 642.96 63.3 658.27 57.84 657.01 bus
142.95 30.96 142.48 35.67 131.81 34.63 132.28 29.92 bus
151.51 593.92 152.09 598.37 142.91 599.57 142.33 595.12 medium_vehicle
246.39 276.21 251.92 277.06 249.64 291.95 244.11 291.1 bus
1136.82 99.52 1137.35 104.29 1125.33 105.63 1124.8 100.86 bus
144.81 598.64 145.04 603.12 134.23 603.69 134.0 599.21 medium_vehicle
138.12 54.19 137.38 58.19 127.86 56.42 128.6 52.42 bus
132.33 74.59 131.72 78.78 122.15 77.38 122.76 73.19 bus
444.44 101.34 444.04 106.22 431.57 105.2 431.97 100.32 bus
95.15 101.09 100.13 102.68 95.21 118.09 90.23 116.5 bus
81.83 101.59 86.88 102.96 82.64 118.58 77.59 117.21 bus
71.35 102.68 77.44 104.34 73.2 119.94 67.11 118.28 bus
135.1 66.62 134.23 70.75 124.75 68.74 125.62 64.61 bus
64.13 626.28 69.63 627.34 66.8 642.03 61.3 640.97 bus
176.08 595.06 181.54 596.32 180.41 601.2 174.95 599.94 bus
1221.64 77.34 1222.58 82.05 1210.71 84.42 1209.77 79.71 bus
758.31 105.38 758.33 110.18 746.08 110.22 746.06 105.42 bus
57.88 657.2 63.34 658.46 59.8 673.77 54.34 672.51 bus
992.93 93.28 992.94 96.55 985.67 96.58 985.66 93.31 medium_vehicle
211.1 490.68 216.56 491.94 213.03 507.25 207.57 505.99 bus
101.98 459.58 106.53 460.63 103.76 472.6 99.21 471.55 heavy_equipment
131.0 79.17 130.5 83.36 120.87 82.21 121.37 78.02 bus
77.7 101.57 82.49 102.87 78.25 118.48 73.46 117.18 bus
112.22 101.92 115.42 102.46 112.86 117.6 109.66 117.06 bus
1235.08 74.13 1235.73 78.36 1228.49 79.47 1227.84 75.24 medium_vehicle
150.95 770.77 155.63 771.55 154.49 778.38 149.81 777.6 medium_vehicle
354.74 173.5 354.76 178.3 342.25 178.34 342.23 173.54 bus
107.32 101.77 112.12 102.59 109.64 117.27 104.84 116.45 bus
130.16 83.75 129.72 88.3 119.7 87.33 120.14 82.78 bus
147.57 78.38 149.9 82.42 139.98 88.15 137.65 84.11 bus
1083.69 110.31 1084.23 115.08 1072.2 116.43 1071.66 111.66 bus
