163.35 729.15 169.83 728.74 171.71 757.77 165.23 758.18 double_trailer_truck
953.88 154.11 965.3 152.57 969.6 184.39 958.18 185.93 pylon
184.07 730.43 190.52 729.85 192.66 753.87 186.21 754.45 large_vehicle
201.5 730.9 208.25 730.46 209.98 757.25 203.23 757.69 double_trailer_truck
516.79 833.6 532.69 833.6 532.69 839.4 516.79 839.4 medium_vehicle
1103.57 357.82 1121.7 355.36 1126.91 393.89 1108.78 396.35 pylon
156.94 731.57 162.86 731.24 164.52 760.91 158.6 761.24 double_trailer_truck
1133.08 345.53 1154.0 342.7 1159.44 382.95 1138.52 385.78 pylon
976.19 1239.78 994.55 1237.29 1000.18 1278.95 981.82 1281.44 pylon
1019.28 1220.62 1037.0 1217.62 1043.38 1255.37 1025.66 1258.37 pylon
907.22 163.2 921.38 161.28 925.68 193.1 911.52 195.02 pylon
155.4 703.14 162.36 702.6 164.61 731.08 157.65 731.62 large_vehicle
147.64 709.07 154.34 708.64 156.64 744.14 149.94 744.57 double_trailer_truck
166.31 708.02 172.7 706.89 176.39 727.78 170.0 728.91 container
166.68 673.72 172.8 672.65 175.78 689.71 169.66 690.78 container
1140.19 525.83 1151.31 524.78 1151.81 530.15 1140.69 531.2 medium_vehicle
1000.96 711.03 1020.19 708.43 1025.62 748.58 1006.39 751.18 pylon
176.69 727.01 183.25 726.58 185.21 756.95 178.65 757.38 double_trailer_truck
1046.09 714.94 1063.91 712.53 1069.08 750.74 1051.26 753.15 pylon
175.61 710.98 181.15 708.26 190.67 727.6 185.13 730.32 container
169.84 729.79 175.88 729.33 177.81 755.02 171.77 755.48 large_vehicle
