1043.37 1006.1 1071.12 996.0 1073.95 1003.77 1046.2 1013.87 large_vehicle
1186.63 997.17 1213.08 976.13 1218.1 982.45 1191.65 1003.49 large_vehicle
1259.31 959.12 1272.44 978.9 1267.2 982.38 1254.07 962.6 large_vehicle
870.1 837.51 887.06 864.13 881.43 867.72 864.47 841.1 large_vehicle
1224.05 1115.06 1236.03 1124.73 1232.24 1129.42 1220.26 1119.75 medium_vehicle
1081.83 1154.63 1097.22 1180.14 1091.88 1183.36 1076.49 1157.85 large_vehicle
1238.04 907.76 1263.72 884.22 1269.71 890.76 1244.03 914.3 large_vehicle
1255.13 778.45 1270.86 810.0 1264.55 813.15 1248.82 781.6 double_trailer_truck
1266.23 904.97 1280.21 893.84 1285.03 899.9 1271.05 911.03 large_vehicle
1253.13 731.58 1259.93 727.69 1271.13 747.24 1264.33 751.13 medium_vessel
904.57 681.31 927.97 664.12 932.19 669.86 908.79 687.05 large_vehicle
1016.37 1039.28 1045.43 1020.91 1049.28 1027.0 1020.22 1045.37 large_vehicle
841.62 734.51 858.31 697.21 866.99 701.09 850.3 738.39 double_trailer_truck
972.85 988.34 988.36 1014.05 983.14 1017.2 967.63 991.49 large_vehicle
784.59 657.08 814.73 677.94 810.66 683.81 780.52 662.95 double_trailer_truck
869.47 698.0 893.86 679.49 899.24 686.58 874.85 705.09 large_vehicle
855.12 813.66 869.46 836.97 864.1 840.26 849.76 816.95 large_vehicle
958.77 666.1 963.98 663.44 971.29 677.79 966.08 680.45 large_vehicle
874.61 705.33 897.82 690.09 901.95 696.37 878.74 711.61 large_vehicle
196.97 834.89 228.8 831.49 230.01 842.8 198.18 846.2 medium_vessel
1254.36 740.71 1273.05 771.09 1267.82 774.31 1249.13 743.93 double_trailer_truck
1244.8 773.82 1256.98 798.47 1251.21 801.33 1239.03 776.68 large_vehicle
1098.52 1180.95 1108.48 1204.07 1102.64 1206.58 1092.68 1183.46 large_vehicle
1234.18 901.19 1260.2 877.68 1265.12 883.13 1239.1 906.64 large_vehicle
1260.54 397.0 1265.95 393.59 1280.44 416.6 1275.03 420.01 container
1059.83 856.64 1072.0 849.67 1075.77 856.25 1063.6 863.22 heavy_equipment
1032.24 1079.28 1047.07 1102.37 1041.45 1105.97 1026.62 1082.88 large_vehicle
890.92 659.22 924.07 640.84 927.74 647.46 894.59 665.84 double_trailer_truck
721.24 713.6 748.75 731.6 744.83 737.6 717.32 719.6 large_vehicle
1264.77 949.53 1282.31 979.44 1275.75 983.29 1258.21 953.38 double_trailer_truck
241.93 923.11 248.08 919.85 256.1 935.0 249.95 938.26 medium_vessel
1022.77 1025.76 1050.2 1011.42 1054.0 1018.69 1026.57 1033.03 large_vehicle
1078.62 1009.38 1108.69 992.78 1112.83 1000.27 1082.76 1016.87 large_vehicle
754.01 671.09 769.92 700.02 764.27 703.13 748.36 674.2 large_vehicle
725.47 351.55 764.48 329.48 895.74 561.47 856.73 583.54 large_vessel
779.42 663.45 810.73 683.25 806.83 689.43 775.52 669.63 double_trailer_truck
1284.55 928.24 1280.01 961.31 1274.66 960.57 1279.2 927.5 double_trailer_truck
1259.94 770.11 1280.98 800.05 1275.02 804.24 1253.98 774.3 double_trailer_truck
1056.9 850.47 1070.48 842.69 1073.81 848.5 1060.23 856.28 heavy_equipment
1187.19 373.95 1218.22 356.96 1297.55 501.86 1266.52 518.85 large_vessel
870.36 716.64 900.12 698.54 904.02 704.96 874.26 723.06 large_vehicle
993.6 1021.94 1009.73 1048.67 1004.83 1051.63 988.7 1024.9 large_vehicle
907.07 688.58 929.93 670.66 934.77 676.84 911.91 694.76 large_vehicle
1079.9 987.19 1110.28 968.13 1114.46 974.79 1084.08 993.85 large_vehicle
1126.99 1076.28 1130.38 1089.89 1125.08 1091.21 1121.69 1077.6 heavy_equipment
1268.98 432.4 1274.11 429.17 1284.77 446.09 1279.64 449.32 container
1237.29 875.56 1243.58 875.85 1242.58 897.93 1236.29 897.64 container
1226.68 972.74 1238.98 946.97 1246.12 950.38 1233.82 976.15 large_vehicle
911.98 699.31 936.81 675.08 942.05 680.45 917.22 704.68 double_trailer_truck
743.75 214.82 788.54 186.61 927.4 407.12 882.61 435.33 large_vessel
