254.47 956.99 258.18 959.19 250.89 971.46 247.18 969.26 heavy_equipment
501.19 510.37 505.65 513.47 497.09 525.79 492.63 522.69 large_vehicle
292.78 913.28 296.49 915.48 291.62 923.7 287.91 921.5 heavy_equipment
390.07 1252.49 398.99 1256.5 397.14 1260.61 388.22 1256.6 large_vehicle
555.08 432.22 558.85 434.5 552.85 444.46 549.08 442.18 medium_vehicle
355.85 1262.85 360.41 1264.9 355.0 1276.92 350.44 1274.87 heavy_equipment
331.68 892.54 335.87 889.76 341.15 897.71 336.96 900.49 heavy_equipment
539.3 457.2 543.06 459.47 537.44 468.78 533.68 466.51 medium_vehicle
546.0 414.38 550.49 417.09 543.15 429.26 538.66 426.55 large_vehicle
492.73 511.16 496.34 513.67 489.68 523.26 486.07 520.75 medium_vehicle
390.09 1269.47 396.49 1269.52 396.46 1274.02 390.06 1273.97 heavy_equipment
