175.91 1138.18 179.4 1139.5 176.69 1146.68 173.2 1145.36 small_vessel
176.7 1253.95 180.18 1255.6 175.1 1266.34 171.62 1264.69 medium_vessel
386.27 273.75 380.45 271.14 386.08 258.54 391.9 261.15 heavy_equipment
616.35 1117.49 624.1 1117.49 624.1 1121.4 616.35 1121.4 small_vessel
390.06 276.48 385.84 274.59 391.47 261.99 395.69 263.88 heavy_equipment
491.24 482.59 495.11 484.97 489.83 493.56 485.96 491.18 medium_vehicle
184.5 1127.8 187.71 1127.41 188.46 1133.55 185.25 1133.94 small_vessel
399.83 248.55 403.83 251.01 397.06 262.03 393.06 259.57 medium_vehicle
403.94 230.44 408.22 234.51 398.95 244.25 394.67 240.18 heavy_equipment
34.88 1014.01 39.39 1016.01 34.81 1026.35 30.3 1024.35 heavy_equipment
183.18 1223.2 186.9 1225.9 180.57 1234.64 176.85 1231.94 medium_vessel
176.07 1164.15 178.85 1161.73 182.52 1165.95 179.74 1168.37 small_vessel
64.24 920.4 69.74 920.07 70.4 931.2 64.9 931.53 medium_vehicle
203.69 1075.2 207.14 1076.63 204.21 1083.72 200.76 1082.29 small_vessel
45.3 984.67 53.15 988.15 51.51 991.85 43.66 988.37 heavy_equipment
174.76 1249.62 178.24 1251.27 172.36 1263.73 168.88 1262.08 medium_vessel
172.35 1238.0 175.74 1239.82 171.15 1248.42 167.76 1246.6 medium_vessel
58.37 932.62 68.31 940.9 65.18 944.66 55.24 936.38 large_vehicle
393.88 276.73 390.14 275.06 395.6 262.85 399.34 264.52 heavy_equipment
167.7 1249.68 170.53 1251.02 166.2 1260.19 163.37 1258.85 medium_vessel
17.75 7.79 46.11 20.35 27.44 62.47 -0.91 49.91 large_aircraft
534.32 169.43 538.94 172.0 532.87 182.9 528.25 180.33 medium_vehicle
200.04 1070.84 203.04 1072.09 199.82 1079.85 196.82 1078.6 small_vessel
169.8 1175.04 176.83 1178.41 174.77 1182.71 167.74 1179.34 small_vessel
189.14 1125.02 191.47 1121.53 195.8 1124.42 193.47 1127.91 small_vessel
484.54 478.86 488.29 480.71 484.19 489.02 480.44 487.17 medium_vehicle
402.07 201.17 405.3 198.64 411.39 206.43 408.16 208.96 medium_vehicle
491.16 464.67 486.49 462.59 491.4 451.61 496.07 453.69 medium_vehicle
194.27 1068.25 197.05 1071.09 192.31 1075.73 189.53 1072.89 small_vessel
187.58 1058.11 189.77 1055.7 194.52 1060.02 192.33 1062.43 small_vessel
201.87 1073.87 204.43 1074.93 201.41 1082.22 198.85 1081.16 small_vessel
164.24 1119.92 171.48 1123.76 169.52 1127.47 162.28 1123.63 medium_vessel
452.71 36.26 460.73 40.22 458.73 44.25 450.71 40.29 medium_vehicle
200.76 1101.46 203.28 1098.78 208.17 1103.37 205.65 1106.05 small_vessel
