1210.53 619.18 1211.82 611.18 1235.08 614.95 1233.79 622.95 medium_vessel
1236.25 739.79 1237.82 734.08 1254.28 738.62 1252.71 744.33 medium_vessel
1254.82 754.53 1257.0 747.32 1281.24 754.64 1279.06 761.85 medium_vessel
1211.4 632.1 1213.61 626.77 1228.4 632.89 1226.19 638.22 medium_vessel
1252.71 698.9 1254.15 691.19 1273.48 694.81 1272.04 702.52 medium_vessel
1191.77 692.88 1192.92 689.08 1201.55 691.71 1200.4 695.51 small_vessel
1238.04 728.26 1239.71 722.18 1258.89 727.46 1257.22 733.54 medium_vessel
1259.54 579.83 1262.94 571.26 1282.81 579.13 1279.41 587.7 medium_vessel
1241.38 786.13 1244.39 779.4 1267.1 789.55 1264.09 796.28 medium_vessel
1251.99 760.69 1254.85 753.72 1275.55 762.21 1272.69 769.18 medium_vessel
1197.37 675.33 1198.87 670.42 1210.39 673.92 1208.89 678.83 small_vessel
1225.85 756.62 1228.19 749.51 1246.57 755.55 1244.23 762.66 medium_vessel
1222.51 659.52 1225.42 652.73 1242.68 660.13 1239.77 666.92 medium_vessel
1245.15 777.79 1248.41 769.83 1274.01 780.33 1270.75 788.29 medium_vessel
1242.98 476.5 1248.14 476.49 1248.17 486.22 1243.01 486.23 small_vessel
1238.02 576.13 1239.18 570.94 1254.53 574.37 1253.37 579.56 medium_vessel
1204.72 645.91 1206.4 639.98 1222.45 644.55 1220.77 650.48 medium_vessel
1074.53 794.84 1078.34 791.42 1084.63 798.43 1080.82 801.85 medium_vehicle
1199.69 714.19 1202.12 707.28 1223.42 714.78 1220.99 721.69 medium_vessel
1197.64 670.72 1199.13 665.82 1211.43 669.55 1209.94 674.45 small_vessel
1204.09 658.14 1205.66 653.82 1217.13 657.99 1215.56 662.31 small_vessel
1263.75 730.88 1266.52 724.06 1281.98 730.34 1279.21 737.16 medium_vessel
620.52 128.03 626.85 124.49 636.64 142.01 630.31 145.55 bus
1194.69 679.44 1196.18 674.53 1208.89 678.4 1207.4 683.31 small_vessel
1097.04 827.91 1100.47 824.12 1108.06 831.01 1104.63 834.8 medium_vehicle
1214.04 593.03 1209.45 590.27 1216.34 578.8 1220.93 581.56 small_vessel
602.43 1237.0 606.86 1233.41 614.7 1243.09 610.27 1246.68 medium_vehicle
1196.68 720.13 1198.74 713.04 1218.11 718.67 1216.05 725.76 medium_vessel
1202.73 664.39 1204.59 658.28 1215.79 661.68 1213.93 667.79 small_vessel
57.2 1008.74 59.61 1004.9 68.25 1010.34 65.84 1014.18 medium_vehicle
1081.66 803.12 1085.15 800.45 1091.12 808.26 1087.63 810.93 medium_vehicle
656.97 170.76 661.43 168.27 666.87 178.0 662.41 180.49 medium_vehicle
1154.1 758.23 1158.86 756.49 1161.94 764.88 1157.18 766.62 small_vessel
1255.05 685.91 1257.22 677.8 1277.63 683.27 1275.46 691.38 medium_vessel
1093.23 367.29 1098.04 369.52 1094.0 378.22 1089.19 375.99 medium_vehicle
1208.89 690.62 1211.68 684.1 1229.49 691.73 1226.7 698.25 medium_vessel
1144.54 866.33 1148.02 861.52 1156.33 867.54 1152.85 872.35 medium_vehicle
1186.58 696.79 1188.07 691.89 1200.29 695.6 1198.8 700.5 small_vessel
1243.79 718.7 1245.59 712.14 1263.64 717.11 1261.84 723.67 medium_vessel
1217.12 611.63 1218.49 605.49 1236.94 609.61 1235.57 615.75 medium_vessel
1241.96 613.49 1245.79 604.55 1275.04 617.08 1271.21 626.02 medium_vessel
1239.62 723.59 1241.43 717.04 1261.25 722.5 1259.44 729.05 medium_vessel
643.56 172.3 648.02 169.81 654.9 182.13 650.44 184.62 medium_vehicle
1187.85 754.24 1193.18 748.54 1208.04 762.44 1202.71 768.14 medium_vessel
1239.18 622.55 1241.63 614.87 1274.05 625.21 1271.6 632.89 medium_vessel
1239.77 794.2 1243.65 787.93 1263.91 800.44 1260.03 806.71 medium_vessel
1192.6 730.43 1194.45 723.28 1212.61 727.98 1210.76 735.13 medium_vessel
1247.08 604.91 1250.92 595.97 1281.52 609.09 1277.68 618.03 medium_vessel
1230.29 644.38 1233.8 636.2 1259.08 647.04 1255.57 655.22 medium_vessel
1237.4 627.6 1240.25 620.93 1268.22 632.92 1265.37 639.59 medium_vessel
1260.11 928.73 1262.15 922.93 1279.95 929.16 1277.91 934.96 large_vehicle
1256.82 747.38 1259.28 740.26 1282.24 748.21 1279.78 755.33 medium_vessel
1179.48 717.9 1181.13 713.74 1189.1 716.91 1187.45 721.07 small_vessel
1234.81 634.3 1237.67 627.65 1264.02 638.94 1261.16 645.59 medium_vessel
1267.83 570.2 1269.82 563.8 1282.2 567.66 1280.21 574.06 medium_vessel
1260.57 677.46 1261.98 669.62 1282.08 673.24 1280.67 681.08 medium_vessel
