514.71 1058.83 518.72 1053.66 521.57 1055.87 517.56 1061.04 small_vehicle
74.58 1184.08 77.07 1179.22 86.37 1183.97 83.88 1188.83 medium_vehicle
48.36 1156.27 50.7 1153.25 55.19 1156.73 52.85 1159.75 small_vehicle
767.36 670.57 770.71 666.26 773.21 668.2 769.86 672.51 small_vehicle
741.66 708.5 744.89 704.34 748.07 706.81 744.84 710.97 small_vehicle
1216.69 268.49 1219.08 270.65 1214.5 275.7 1212.11 273.54 small_vehicle
11.39 1093.23 16.77 1090.82 22.84 1104.31 17.46 1106.72 large_vehicle
1197.14 30.13 1200.37 24.94 1204.45 27.48 1201.22 32.67 medium_vehicle
568.92 978.74 574.46 971.56 578.5 974.68 572.96 981.86 medium_vehicle
432.86 1167.33 436.87 1162.15 439.62 1164.28 435.61 1169.46 small_vehicle
81.79 328.29 125.81 350.34 79.56 442.69 35.54 420.64 pylon
635.09 850.99 640.79 843.61 644.48 846.47 638.78 853.85 medium_vehicle
652.1 1014.8 658.3 1014.8 658.3 1035.09 652.1 1035.09 large_vehicle
1135.29 613.6 1138.06 618.5 1134.49 620.52 1131.72 615.62 small_vehicle
1222.36 683.05 1224.98 688.0 1221.63 689.77 1219.01 684.82 small_vehicle
502.53 1030.43 506.07 1025.35 509.27 1027.58 505.73 1032.66 medium_vehicle
237.5 1182.55 241.67 1182.47 241.72 1185.32 237.55 1185.4 small_vehicle
466.39 1089.66 470.4 1084.49 473.26 1086.7 469.25 1091.87 small_vehicle
854.22 581.23 858.5 575.71 861.55 578.07 857.27 583.59 small_vehicle
435.12 1169.38 439.13 1164.21 441.99 1166.42 437.98 1171.59 small_vehicle
713.67 779.83 717.39 775.04 719.92 777.0 716.2 781.79 small_vehicle
141.95 -29.9 201.23 -0.21 180.48 41.22 121.2 11.53 pylon
