728.63 527.21 733.16 530.77 724.47 541.81 719.94 538.25 bus
584.6 670.35 645.64 691.48 626.86 745.71 565.82 724.58 pylon
1091.98 1248.34 1095.97 1250.69 1091.92 1257.6 1087.93 1255.25 medium_vehicle
880.14 217.16 908.06 228.11 888.16 278.88 860.24 267.93 pylon
838.21 898.34 861.29 906.74 845.64 949.74 822.56 941.34 pylon
712.84 487.59 715.26 489.01 711.17 495.99 708.75 494.57 medium_vehicle
338.43 1068.14 388.24 1085.39 361.18 1163.53 311.37 1146.28 pylon
1221.36 901.0 1224.8 903.66 1219.85 910.07 1216.41 907.41 medium_vehicle
728.31 498.29 767.91 512.0 744.93 578.36 705.33 564.65 pylon
703.8 509.16 708.16 508.08 709.98 515.43 705.62 516.51 medium_vehicle
698.35 507.23 702.44 505.93 704.6 512.74 700.51 514.04 medium_vehicle
714.18 490.64 717.86 492.8 713.2 500.74 709.52 498.58 medium_vehicle
716.58 500.3 720.81 503.02 715.96 510.58 711.73 507.86 medium_vehicle
602.37 777.95 605.92 780.3 601.62 786.78 598.07 784.43 medium_vehicle
838.94 871.22 862.02 879.62 852.89 904.72 829.81 896.32 pylon
835.93 266.69 890.71 285.66 859.37 376.17 804.59 357.2 pylon
821.44 862.89 862.14 876.98 841.6 936.27 800.9 922.18 pylon
994.21 1191.17 997.58 1193.9 992.48 1200.21 989.11 1197.48 medium_vehicle
430.08 926.76 492.11 948.24 488.15 959.66 426.12 938.18 pylon
226.67 1188.97 276.48 1206.22 248.7 1286.44 198.89 1269.19 pylon
764.03 620.8 804.73 634.89 782.29 699.7 741.59 685.61 pylon
838.68 441.05 863.16 449.96 847.52 492.95 823.04 484.04 pylon
