615.29 542.8 618.41 541.5 620.48 546.47 617.36 547.77 small_vehicle
54.96 940.77 59.03 938.92 64.6 951.21 60.53 953.06 large_vehicle
710.53 588.46 771.9 610.56 744.77 685.93 683.4 663.83 pylon
813.15 1063.87 816.28 1062.57 818.35 1067.53 815.22 1068.83 small_vehicle
274.99 23.42 279.71 20.64 281.42 23.54 276.7 26.32 small_vehicle
1086.92 168.67 1089.97 170.59 1088.21 173.4 1085.16 171.48 small_vehicle
1272.31 1189.24 1274.83 1184.8 1277.52 1186.33 1275.0 1190.77 small_vehicle
1240.46 174.85 1285.85 191.19 1280.71 205.47 1235.32 189.13 pylon
462.73 1157.67 466.49 1155.6 469.43 1160.93 465.67 1163.0 medium_vehicle
1009.47 330.64 1069.86 352.38 1038.85 438.51 978.46 416.77 pylon
44.05 912.42 47.49 910.87 53.23 923.53 49.79 925.08 large_vehicle
208.74 1211.39 222.64 1215.82 199.4 1288.64 185.5 1284.21 pylon
452.51 811.76 513.87 833.85 486.74 909.21 425.38 887.12 pylon
1080.08 177.66 1083.42 179.87 1076.0 191.08 1072.66 188.87 large_vehicle
37.61 897.82 40.76 896.39 46.18 908.33 43.03 909.76 large_vehicle
