1186.39 167.75 1189.75 166.94 1194.17 185.35 1190.81 186.16 large_vehicle
956.79 104.1 962.09 104.09 962.1 113.99 956.8 114.0 medium_vehicle
108.74 3.78 121.53 -3.12 141.06 32.99 128.27 39.9 large_vessel
1072.86 152.21 1072.53 147.4 1081.91 146.74 1082.24 151.55 small_vessel
114.55 693.88 108.22 694.54 106.17 675.03 112.5 674.37 container
1071.95 138.82 1071.48 133.9 1079.12 133.18 1079.59 138.1 small_vessel
81.08 210.64 84.56 194.26 123.29 202.49 119.81 218.87 large_vessel
1071.64 145.87 1071.6 141.33 1081.13 141.27 1081.17 145.81 small_vessel
29.89 194.33 33.18 179.01 82.48 189.58 79.19 204.9 large_vessel
120.81 8.04 131.16 2.45 149.44 36.26 139.09 41.85 large_vessel
11.71 159.89 6.77 160.08 6.42 151.1 11.36 150.91 small_vehicle
1191.64 167.49 1196.63 166.29 1201.47 186.46 1196.48 187.66 large_vehicle
1200.98 172.75 1205.98 171.55 1209.59 186.57 1204.59 187.77 large_vehicle
1189.17 167.57 1193.4 166.55 1197.87 185.15 1193.64 186.17 large_vehicle
1188.72 150.26 1193.77 149.05 1197.52 164.69 1192.47 165.9 large_vehicle
1183.53 172.1 1187.18 171.23 1190.57 185.36 1186.92 186.23 large_vehicle
10.64 515.23 14.36 508.88 29.47 517.74 25.75 524.09 container
12.99 1164.53 145.91 1269.5 110.13 1314.81 -22.78 1209.84 large_vessel
1058.8 129.59 1058.15 122.67 1074.56 121.12 1075.21 128.04 medium_vessel
1045.23 1120.47 1091.27 1095.16 1193.14 1280.44 1147.1 1305.75 large_vessel
1197.26 168.23 1202.25 167.03 1206.84 186.16 1201.85 187.36 large_vehicle
