1173.12 528.1 1178.87 527.38 1181.53 548.72 1175.78 549.44 medium_vessel
1066.36 497.53 1072.0 497.29 1072.59 511.27 1066.95 511.51 medium_vessel
876.01 639.97 883.12 644.2 881.07 647.64 873.96 643.41 small_vessel
961.6 627.65 971.17 629.17 966.7 657.38 957.13 655.86 medium_vessel
1193.91 146.71 1223.04 154.19 1219.52 167.91 1190.39 160.43 medium_vessel
1236.8 383.07 1245.6 385.94 1244.33 389.81 1235.53 386.94 small_vessel
1122.48 594.85 1126.92 594.75 1127.11 603.38 1122.67 603.48 medium_vehicle
880.05 588.89 884.32 589.23 883.5 599.65 879.23 599.31 small_vessel
918.02 683.0 932.55 693.56 928.63 698.95 914.1 688.39 medium_vessel
882.49 633.89 889.1 636.74 887.52 640.43 880.91 637.58 small_vessel
1088.39 330.47 1128.75 343.66 1124.07 357.98 1083.71 344.79 large_vessel
908.2 592.0 912.47 592.24 911.83 603.7 907.56 603.46 medium_vessel
1021.59 469.46 1032.38 472.74 1030.69 478.31 1019.9 475.03 medium_vessel
892.33 579.68 896.59 580.15 895.15 593.37 890.89 592.9 medium_vessel
922.11 600.95 928.28 601.6 926.08 622.57 919.91 621.92 medium_vessel
415.68 202.38 426.2 199.81 427.86 206.59 417.34 209.16 heavy_equipment
883.09 575.48 887.34 576.08 885.55 588.61 881.3 588.01 medium_vessel
1063.24 363.52 1072.76 366.42 1071.46 370.67 1061.94 367.77 medium_vessel
1057.86 491.98 1065.52 491.47 1067.09 515.14 1059.43 515.65 medium_vessel
938.94 612.33 944.61 613.2 941.51 633.25 935.84 632.38 medium_vessel
1063.89 346.79 1075.25 348.24 1074.67 352.79 1063.31 351.34 medium_vessel
892.64 648.83 899.75 648.76 900.08 680.34 892.97 680.41 medium_vessel
904.5 586.5 908.77 586.96 907.36 599.94 903.09 599.48 medium_vessel
887.28 575.76 891.56 576.07 890.54 589.91 886.26 589.6 medium_vessel
1245.5 385.6 1255.36 388.82 1253.88 393.34 1244.02 390.12 medium_vessel
1072.35 499.11 1078.37 499.08 1078.48 519.3 1072.46 519.33 medium_vessel
1160.36 349.54 1192.88 359.24 1188.83 372.82 1156.31 363.12 large_vessel
934.8 694.26 947.9 702.96 943.9 708.99 930.8 700.29 medium_vessel
896.45 580.4 900.71 580.86 899.44 592.59 895.18 592.13 medium_vessel
952.58 622.54 962.15 624.06 957.74 651.93 948.17 650.41 medium_vessel
897.65 595.32 901.9 595.79 900.78 606.11 896.53 605.64 small_vessel
986.52 14.98 1054.18 35.16 1047.94 56.09 980.28 35.91 large_vessel
889.49 657.2 893.66 657.15 893.88 678.18 889.71 678.23 medium_vessel
