730.16 116.0 735.66 113.8 739.43 123.22 733.93 125.42 container
92.35 331.5 92.52 327.66 103.35 328.15 103.18 331.99 small_vessel
133.65 262.4 134.06 267.63 123.9 268.43 123.49 263.2 small_vessel
651.1 623.89 661.31 636.01 622.13 669.0 611.92 656.88 large_vessel
858.44 140.0 863.85 127.18 869.78 129.68 864.37 142.5 medium_vessel
467.49 778.18 477.59 775.39 489.14 817.34 479.04 820.13 large_vessel
94.56 378.61 93.5 365.95 122.03 363.55 123.09 376.21 medium_vessel
845.21 1027.52 849.53 1026.86 851.73 1041.12 847.41 1041.78 medium_vessel
484.91 808.01 494.03 801.6 516.73 833.9 507.61 840.31 large_vessel
849.51 1026.82 853.82 1026.15 856.09 1040.8 851.78 1041.47 medium_vessel
141.61 205.72 147.85 204.24 152.75 224.98 146.51 226.46 medium_vessel
358.57 830.63 353.88 816.11 396.2 802.44 400.89 816.96 large_vessel
147.33 204.76 152.06 203.52 157.63 224.76 152.9 226.0 medium_vessel
154.16 202.84 158.21 201.78 163.92 223.54 159.87 224.6 medium_vessel
124.44 189.29 124.87 194.04 111.74 195.23 111.31 190.48 medium_vessel
1172.88 1179.75 1179.42 1172.39 1183.06 1175.62 1176.52 1182.98 medium_vehicle
452.0 777.19 465.48 772.86 480.66 820.14 467.18 824.47 large_vessel
125.66 209.39 131.63 207.82 136.92 227.96 130.95 229.53 medium_vessel
1141.89 302.02 1145.81 302.36 1144.73 314.9 1140.81 314.56 medium_vessel
841.61 448.32 870.73 436.67 875.87 449.53 846.75 461.18 medium_vessel
1087.54 301.92 1113.21 300.94 1116.78 393.98 1091.11 394.96 large_vessel
131.96 255.84 132.43 261.86 122.11 262.68 121.64 256.66 small_vessel
129.25 249.33 129.6 253.82 120.43 254.54 120.08 250.05 small_vessel
496.52 794.04 505.89 787.46 527.74 818.54 518.37 825.12 large_vessel
88.36 336.17 88.57 331.53 104.77 332.27 104.56 336.91 medium_vessel
855.89 143.56 868.35 140.52 869.79 146.42 857.33 149.46 medium_vessel
769.03 524.17 779.51 531.43 765.39 551.82 754.91 544.56 medium_vessel
313.56 639.91 320.56 645.37 318.19 648.42 311.19 642.96 container
861.72 1027.85 868.37 1026.82 871.6 1047.74 864.95 1048.77 medium_vessel
1141.71 317.61 1145.88 318.13 1144.02 333.02 1139.85 332.5 medium_vessel
309.77 661.32 311.92 657.96 319.03 662.52 316.88 665.88 container
1143.35 415.82 1147.55 415.81 1147.58 430.81 1143.38 430.82 medium_vessel
778.05 237.16 821.16 220.87 895.61 417.9 852.5 434.19 large_vessel
311.35 649.5 318.81 655.76 316.3 658.75 308.84 652.49 container
865.98 1026.52 872.64 1025.48 876.43 1049.91 869.77 1050.95 medium_vessel
781.76 1044.49 787.56 1042.66 788.68 1046.21 782.88 1048.04 small_vessel
157.98 201.49 161.83 200.48 167.71 222.89 163.86 223.9 medium_vessel
939.47 381.73 960.66 380.91 964.31 475.91 943.12 476.73 large_vessel
947.58 385.41 983.17 384.04 988.39 520.01 952.8 521.38 large_vessel
1032.47 1118.49 1039.76 1117.06 1042.85 1132.79 1035.56 1134.22 container
664.02 583.87 667.56 587.77 656.67 597.64 653.13 593.74 container
1139.48 414.6 1143.65 414.59 1143.68 430.91 1139.51 430.92 medium_vessel
995.76 235.04 1012.57 234.4 1015.21 303.12 998.4 303.76 large_vessel
874.9 1037.18 911.07 1038.76 910.49 1052.09 874.32 1050.51 large_vessel
1138.4 314.61 1142.56 315.13 1140.52 331.51 1136.36 330.99 medium_vessel
1145.1 302.79 1149.77 303.19 1148.6 316.89 1143.93 316.49 medium_vessel
1126.99 296.87 1134.78 296.92 1134.59 324.11 1126.8 324.06 medium_vessel
986.06 230.98 1000.58 230.42 1003.26 300.07 988.74 300.63 large_vessel
115.03 166.3 115.13 170.99 102.85 171.24 102.75 166.55 medium_vessel
138.63 274.94 139.06 280.33 128.98 281.12 128.55 275.73 small_vessel
766.71 315.0 787.26 307.4 839.94 449.81 819.39 457.41 large_vessel
489.13 745.55 493.77 742.29 505.29 758.69 500.65 761.95 medium_vessel
965.04 229.5 976.13 229.15 977.85 283.91 966.76 284.26 large_vessel
750.22 319.91 772.81 311.56 824.77 452.04 802.18 460.39 large_vessel
1096.7 476.94 1121.28 476.0 1124.84 568.69 1100.26 569.63 large_vessel
162.94 201.29 167.6 199.81 174.16 220.5 169.5 221.98 medium_vessel
136.49 269.3 136.9 274.59 126.91 275.37 126.5 270.08 small_vessel
1135.13 314.11 1139.29 314.63 1137.43 329.52 1133.27 329.0 medium_vessel
909.34 1230.23 910.24 1224.26 925.59 1226.59 924.69 1232.56 container
732.78 32.03 749.59 25.3 771.39 79.81 754.58 86.54 large_vessel
853.09 1027.97 857.41 1027.3 860.55 1047.55 856.23 1048.22 medium_vessel
316.55 634.89 320.96 633.12 324.27 641.41 319.86 643.18 container
987.31 436.11 1018.42 434.91 1022.02 528.64 990.91 529.84 large_vessel
101.41 1189.52 114.3 1182.53 151.64 1251.3 138.75 1258.29 large_vessel
1134.26 536.91 1146.94 536.88 1147.01 579.74 1134.33 579.77 large_vessel
677.21 361.41 708.94 349.67 768.45 510.55 736.72 522.29 large_vessel
1145.11 318.51 1148.81 318.97 1146.95 333.86 1143.25 333.4 medium_vessel
122.44 181.59 122.54 186.24 109.36 186.51 109.26 181.86 medium_vessel
759.97 516.13 770.46 523.4 756.38 543.73 745.89 536.46 medium_vessel
752.95 167.79 758.58 165.53 765.89 183.8 760.26 186.06 container
692.58 1056.03 698.82 1067.6 675.42 1080.2 669.18 1068.63 medium_vessel
782.28 1048.96 789.79 1047.48 790.55 1051.37 783.04 1052.85 small_vessel
1000.09 351.69 1019.46 350.95 1022.14 420.84 1002.77 421.58 large_vessel
150.67 204.18 154.53 203.17 160.31 225.22 156.45 226.23 medium_vessel
622.97 321.52 627.81 319.96 631.1 330.16 626.26 331.72 container
1135.32 297.99 1138.35 298.0 1138.3 311.2 1135.27 311.19 medium_vessel
71.04 1190.92 92.29 1181.19 136.98 1278.8 115.73 1288.53 large_vessel
1138.1 299.8 1141.43 299.75 1141.64 311.95 1138.31 312.0 medium_vessel
872.94 1024.62 908.65 1026.18 908.11 1038.46 872.4 1036.9 large_vessel
1142.82 396.7 1147.01 396.73 1146.9 411.73 1142.71 411.7 medium_vessel
312.26 642.84 320.14 649.52 317.62 652.48 309.74 645.8 container
789.22 1189.61 794.87 1188.89 796.52 1201.78 790.87 1202.5 medium_vehicle
133.16 346.36 134.85 352.25 125.16 355.03 123.47 349.14 small_vessel
132.43 209.98 138.4 208.41 143.69 228.55 137.72 230.12 medium_vessel
52.38 723.73 74.68 713.66 111.18 794.48 88.88 804.55 large_vessel
85.56 1198.83 103.11 1189.77 147.64 1276.03 130.09 1285.09 large_vessel
714.83 44.03 733.18 36.69 751.34 82.1 732.99 89.44 large_vessel
136.65 201.31 142.15 200.02 147.37 222.3 141.87 223.59 medium_vessel
462.5 804.09 478.02 793.86 513.42 847.53 497.9 857.76 large_vessel
506.37 761.49 517.45 753.7 552.0 802.86 540.92 810.65 large_vessel
858.54 1028.09 863.65 1027.3 866.84 1047.95 861.73 1048.74 medium_vessel
490.96 799.6 499.94 793.29 524.17 827.76 515.19 834.07 large_vessel
990.69 348.78 1005.01 348.23 1007.63 416.66 993.31 417.21 large_vessel
312.88 637.95 315.24 635.87 321.5 642.96 319.14 645.04 container
1027.55 1117.76 1031.86 1116.92 1035.01 1133.0 1030.7 1133.84 container
728.87 548.92 742.77 563.47 672.04 631.05 658.14 616.5 large_vessel
597.2 687.9 608.27 705.14 524.86 758.68 513.79 741.44 large_vessel
869.35 141.09 874.69 139.78 878.54 155.57 873.2 156.88 medium_vessel
-3.16 973.52 10.84 967.55 37.37 1029.73 23.36 1035.7 large_vessel
502.61 783.66 515.52 774.59 541.0 810.84 528.09 819.91 large_vessel
311.49 647.33 319.49 651.88 317.84 654.79 309.84 650.24 container
1144.23 538.11 1157.14 538.08 1157.21 582.88 1144.3 582.91 large_vessel
160.97 202.38 165.71 201.13 171.41 222.85 166.67 224.1 medium_vessel
1138.27 395.53 1141.94 395.46 1142.19 409.97 1138.52 410.04 medium_vessel
587.52 204.29 593.75 202.01 600.91 221.58 594.68 223.86 container
312.31 655.19 318.45 657.11 317.34 660.66 311.2 658.74 container
