52.11 179.12 69.55 169.96 72.16 174.94 54.72 184.1 medium_vessel
78.18 572.28 77.83 562.68 82.86 562.49 83.21 572.09 medium_vessel
8.8 115.43 12.23 115.31 12.56 124.14 9.13 124.26 small_vessel
97.26 520.29 108.97 516.28 110.35 520.31 98.64 524.32 medium_vessel
5.2 116.63 9.04 116.49 9.33 124.4 5.49 124.54 small_vessel
107.61 513.31 120.51 508.89 121.89 512.93 108.99 517.35 medium_vessel
84.32 571.8 83.79 562.76 87.98 562.51 88.51 571.55 small_vessel
44.99 146.4 60.06 136.0 62.85 140.03 47.78 150.43 medium_vessel
22.45 101.97 25.31 103.86 20.89 110.56 18.03 108.67 small_vessel
90.58 576.05 92.31 564.94 97.29 565.72 95.56 576.83 medium_vessel
15.95 115.52 20.76 115.34 21.22 127.81 16.41 127.99 medium_vessel
63.11 568.65 63.13 562.06 66.39 562.06 66.37 568.65 small_vessel
2.26 117.01 5.53 116.89 5.73 122.32 2.46 122.44 small_vessel
143.2 389.1 150.35 383.64 152.28 386.17 145.13 391.63 small_vessel
59.18 570.53 58.75 563.27 62.0 563.08 62.43 570.34 small_vessel
0.76 102.16 4.94 103.69 1.74 112.44 -2.43 110.91 medium_vessel
98.08 161.66 103.25 155.43 105.77 157.53 100.6 163.76 small_vessel
12.88 99.16 15.62 102.26 7.47 109.47 4.73 106.37 medium_vessel
60.43 626.1 74.18 612.82 78.75 617.55 65.0 630.83 medium_vessel
109.55 559.37 110.61 569.77 104.71 570.37 103.65 559.97 medium_vessel
4.8 191.91 9.43 185.85 12.15 187.93 7.52 193.99 small_vessel
25.9 101.45 28.34 103.06 25.09 107.97 22.65 106.36 small_vessel
100.43 573.21 100.02 561.98 105.06 561.79 105.47 573.02 medium_vessel
90.37 567.06 89.79 557.31 94.67 557.02 95.25 566.77 medium_vessel
20.97 114.52 25.27 114.52 25.27 122.72 20.97 122.72 small_vessel
17.15 101.02 20.31 103.11 14.59 111.79 11.43 109.7 small_vessel
47.45 130.91 50.56 123.95 54.14 125.55 51.03 132.51 small_vessel
71.69 583.7 82.45 577.26 84.37 580.47 73.61 586.91 medium_vessel
52.7 595.84 51.24 583.01 57.76 582.26 59.22 595.09 medium_vessel
12.03 114.97 15.87 114.83 16.16 122.74 12.32 122.88 small_vessel
105.58 510.91 118.95 503.37 121.04 507.09 107.67 514.63 medium_vessel
20.23 107.9 36.65 102.21 38.82 108.49 22.4 114.18 medium_vessel
