217.63 1078.7 241.1 1086.51 239.16 1092.34 215.69 1084.53 container
807.35 503.05 820.46 509.16 818.08 514.27 804.97 508.16 medium_vehicle
660.53 96.71 666.63 99.78 660.07 112.83 653.97 109.76 medium_vehicle
1002.33 340.39 1012.14 339.5 1013.78 357.52 1003.97 358.41 heavy_equipment
887.51 256.31 905.91 254.34 906.67 261.43 888.27 263.4 heavy_equipment
706.48 124.71 712.57 127.78 706.61 139.64 700.52 136.57 medium_vehicle
904.8 267.8 912.7 267.8 912.7 283.16 904.8 283.16 heavy_equipment
241.94 1048.62 260.9 1051.25 260.15 1056.64 241.19 1054.01 container
793.74 172.43 797.5 167.28 817.85 182.12 814.09 187.27 large_vehicle
890.36 263.26 908.53 261.32 909.36 269.11 891.19 271.05 heavy_equipment
225.47 1109.82 238.65 1112.65 237.66 1117.25 224.48 1114.42 medium_vehicle
1208.97 110.32 1217.66 110.27 1217.85 147.04 1209.16 147.09 heavy_equipment
515.16 241.1 521.4 242.48 518.06 257.54 511.82 256.16 medium_vehicle
1042.29 272.89 1050.35 272.63 1050.84 287.48 1042.78 287.74 heavy_equipment
1040.98 333.09 1046.89 321.41 1053.7 324.85 1047.79 336.53 medium_vehicle
712.51 127.54 718.61 130.61 712.35 143.07 706.25 140.0 medium_vehicle
584.22 836.33 598.34 842.03 596.34 847.0 582.22 841.3 medium_vehicle
596.06 338.34 592.49 343.24 580.74 334.67 584.31 329.77 medium_vehicle
586.94 797.25 612.84 807.71 610.44 813.64 584.54 803.18 large_vehicle
251.67 1096.59 268.09 1100.11 266.47 1107.69 250.05 1104.17 medium_vehicle
644.04 440.09 633.37 454.71 627.73 450.6 638.4 435.98 large_vehicle
221.09 1073.12 243.89 1080.71 242.17 1085.88 219.37 1078.29 container
717.6 447.23 728.53 455.65 725.51 459.58 714.58 451.16 medium_vehicle
800.09 160.25 803.05 154.13 829.4 166.87 826.44 172.99 large_vehicle
246.97 1057.02 262.64 1060.38 261.49 1065.73 245.82 1062.37 medium_vehicle
650.26 38.73 656.51 41.71 648.88 57.71 642.63 54.73 large_vehicle
1025.13 339.74 1042.22 339.91 1042.15 345.98 1025.06 345.81 medium_vehicle
585.76 804.35 607.96 816.36 605.19 821.49 582.99 809.48 large_vehicle
664.23 47.78 671.2 51.11 664.03 66.14 657.06 62.81 large_vehicle
60.77 38.59 66.11 38.6 66.08 53.39 60.74 53.38 medium_vehicle
809.15 156.02 810.77 149.41 834.22 155.17 832.6 161.78 large_vehicle
794.39 165.07 797.71 159.13 822.38 172.92 819.06 178.86 large_vehicle
692.43 116.62 699.09 120.53 691.74 133.06 685.08 129.15 medium_vehicle
437.72 248.44 442.63 253.21 424.32 272.04 419.41 267.27 large_vehicle
655.17 93.55 661.26 96.61 654.66 109.73 648.57 106.67 medium_vehicle
654.99 41.89 661.96 45.21 654.6 60.64 647.63 57.32 large_vehicle
616.3 64.82 621.54 67.9 613.41 81.75 608.17 78.67 large_vehicle
1012.26 331.56 1019.43 330.91 1021.73 356.17 1014.56 356.82 heavy_equipment
540.59 150.07 543.53 145.61 553.13 151.94 550.19 156.4 medium_vehicle
590.14 327.28 586.57 332.18 574.56 323.43 578.13 318.53 medium_vehicle
