112.3 1112.32 127.56 1104.75 130.73 1111.13 115.47 1118.7 large_vehicle
75.25 1112.79 81.28 1109.24 86.51 1118.12 80.48 1121.67 container
14.16 1218.63 24.03 1231.36 19.13 1235.16 9.26 1222.43 medium_vehicle
715.15 352.39 721.59 358.23 718.2 361.96 711.76 356.12 small_vessel
122.1 1158.2 130.81 1152.69 140.12 1167.42 131.41 1172.93 heavy_equipment
113.66 1121.19 128.06 1112.08 131.87 1118.11 117.47 1127.22 heavy_equipment
50.3 1084.73 56.5 1091.31 41.71 1105.25 35.51 1098.67 heavy_equipment
19.4 1260.27 29.65 1271.93 25.0 1276.02 14.75 1264.36 medium_vehicle
59.44 1021.38 65.56 1023.42 61.52 1035.59 55.4 1033.55 container
58.7 1005.89 66.06 1011.75 56.06 1024.32 48.7 1018.46 heavy_equipment
