1176.42 489.57 1187.74 487.92 1193.81 529.56 1182.49 531.21 double_trailer_truck
1170.91 1218.58 1186.98 1214.51 1203.58 1280.1 1187.51 1284.17 large_vessel
-16.66 512.1 -1.09 476.46 136.91 536.75 121.34 572.39 large_vessel
1279.41 650.26 1282.58 656.61 1266.91 664.42 1263.74 658.07 large_vehicle
1168.57 507.45 1176.22 504.15 1189.17 534.2 1181.52 537.5 large_vehicle
1146.07 425.27 1153.77 422.9 1163.08 453.16 1155.38 455.53 large_vehicle
1207.7 555.4 1214.23 555.04 1216.17 591.01 1209.64 591.37 double_trailer_truck
1186.14 424.32 1193.87 422.03 1202.65 451.69 1194.92 453.98 large_vehicle
1158.71 427.18 1166.41 424.81 1175.72 455.07 1168.02 457.44 large_vehicle
1189.94 543.5 1197.37 540.71 1210.11 574.62 1202.68 577.41 large_vehicle
1233.75 536.39 1241.06 533.14 1256.22 567.2 1248.91 570.45 large_vehicle
1220.74 423.6 1228.06 425.62 1219.41 457.02 1212.09 455.0 large_vehicle
1188.12 562.38 1195.39 559.53 1206.84 588.76 1199.57 591.61 large_vehicle
1166.98 421.83 1174.62 419.27 1184.25 448.06 1176.61 450.62 large_vehicle
774.82 1239.75 779.0 1247.15 746.49 1265.55 742.31 1258.15 double_trailer_truck
1240.67 580.04 1247.84 579.02 1252.26 610.11 1245.09 611.13 large_vehicle
1235.34 425.24 1243.05 426.77 1236.99 457.35 1229.28 455.82 large_vehicle
1223.92 636.57 1231.09 633.76 1240.67 658.22 1233.5 661.03 large_vehicle
377.88 -0.31 406.44 -35.59 466.84 13.31 438.28 48.59 large_vessel
1063.05 526.96 1138.37 500.44 1263.87 856.8 1188.55 883.32 large_vessel
1247.29 478.6 1250.22 487.12 1221.29 497.08 1218.36 488.56 large_vehicle
1190.11 510.83 1197.14 508.53 1209.6 546.63 1202.57 548.93 double_trailer_truck
548.56 880.06 555.66 877.17 567.72 906.87 560.62 909.76 large_vehicle
540.28 885.08 547.12 881.63 561.57 910.25 554.73 913.7 large_vehicle
1176.8 425.45 1184.53 423.16 1192.79 451.04 1185.06 453.33 large_vehicle
1207.55 593.72 1214.83 590.87 1226.54 620.76 1219.26 623.61 large_vehicle
1199.48 421.26 1207.04 420.5 1210.11 451.29 1202.55 452.05 large_vehicle
461.37 977.65 536.05 950.91 653.11 1277.84 578.43 1304.58 large_vessel
1280.16 658.09 1283.74 664.91 1270.12 672.06 1266.54 665.24 large_vehicle
1253.13 465.22 1256.11 473.04 1219.11 487.09 1216.13 479.27 double_trailer_truck
1144.62 462.06 1151.97 459.1 1164.01 489.06 1156.66 492.02 large_vehicle
