1280.14 281.49 1285.0 286.92 1274.76 296.08 1269.9 290.65 heavy_equipment
378.55 1012.48 385.95 1012.32 386.68 1047.41 379.28 1047.57 large_vehicle
254.37 1063.31 261.29 1067.75 241.77 1098.15 234.85 1093.71 large_vehicle
685.39 736.89 690.72 734.27 697.3 747.65 691.97 750.27 medium_vehicle
932.02 963.94 933.91 969.17 921.67 973.58 919.78 968.35 heavy_equipment
334.99 1065.36 340.0 1060.02 364.15 1082.7 359.14 1088.04 large_vehicle
247.25 977.36 251.14 971.66 281.26 992.21 277.37 997.91 large_vehicle
355.15 1003.58 362.19 1003.61 362.06 1038.04 355.02 1038.01 large_vehicle
842.44 234.7 846.49 240.05 836.06 247.94 832.01 242.59 medium_vehicle
1237.14 428.65 1244.33 436.68 1227.47 451.76 1220.28 443.73 heavy_equipment
398.06 1056.14 405.65 1056.26 405.1 1091.38 397.51 1091.26 large_vehicle
604.59 777.6 610.21 775.23 615.94 788.78 610.32 791.15 medium_vehicle
248.88 1059.66 254.81 1063.53 234.81 1094.1 228.88 1090.23 large_vehicle
1247.39 434.02 1251.95 439.11 1236.99 452.48 1232.43 447.39 medium_vehicle
206.63 1050.33 207.24 1042.35 237.46 1044.67 236.85 1052.65 container
393.96 1017.8 401.28 1017.44 403.1 1054.49 395.78 1054.85 large_vehicle
291.49 1070.87 297.87 1073.84 283.65 1104.33 277.27 1101.36 large_vehicle
262.0 1062.93 269.02 1067.61 252.55 1092.31 245.53 1087.63 container
240.58 1058.28 247.1 1062.77 226.75 1092.28 220.23 1087.79 large_vehicle
1214.85 451.24 1221.5 458.67 1211.65 467.48 1205.0 460.05 heavy_equipment
749.5 669.49 752.39 674.32 739.79 681.86 736.9 677.03 medium_vehicle
695.15 736.79 700.35 734.8 705.13 747.32 699.93 749.31 medium_vehicle
215.75 1007.78 219.26 1001.16 251.61 1018.29 248.1 1024.91 large_vehicle
232.17 1056.84 238.99 1062.0 217.27 1090.73 210.45 1085.57 large_vehicle
1183.23 206.34 1189.43 206.56 1188.74 225.29 1182.54 225.07 medium_vehicle
777.21 610.99 781.24 615.36 769.69 626.02 765.66 621.65 medium_vehicle
992.75 498.17 997.89 501.59 988.97 515.01 983.83 511.59 heavy_equipment
1073.05 442.64 1079.3 446.79 1065.86 467.02 1059.61 462.87 heavy_equipment
1083.97 437.07 1087.69 431.35 1102.41 440.91 1098.69 446.63 medium_vehicle
1266.37 432.48 1271.52 437.56 1258.59 450.67 1253.44 445.59 heavy_equipment
783.37 79.38 784.76 84.43 774.84 87.16 773.45 82.11 medium_vehicle
952.88 947.18 955.78 941.51 972.56 950.1 969.66 955.77 medium_vehicle
268.13 1066.98 275.5 1071.1 258.86 1100.88 251.49 1096.76 large_vehicle
734.82 676.61 738.19 681.55 726.13 689.77 722.76 684.83 medium_vehicle
690.1 374.77 692.9 384.9 675.14 389.83 672.34 379.7 heavy_equipment
363.74 1007.36 371.13 1007.2 371.85 1041.62 364.46 1041.78 large_vehicle
1216.19 218.05 1222.73 216.57 1226.73 234.19 1220.19 235.67 medium_vehicle
386.08 1015.31 393.47 1014.95 395.17 1049.72 387.78 1050.08 large_vehicle
839.36 228.8 843.11 234.36 831.68 242.04 827.93 236.48 medium_vehicle
230.44 992.02 234.68 985.43 265.33 1005.19 261.09 1011.78 large_vehicle
233.05 945.67 239.96 950.09 222.96 976.66 216.05 972.24 container
728.82 364.31 731.11 372.58 705.03 379.81 702.74 371.54 heavy_equipment
786.64 619.71 790.82 625.1 775.65 636.87 771.47 631.48 medium_vehicle
