751.77 853.41 759.02 851.91 766.58 888.44 759.33 889.94 large_vehicle
570.59 1208.53 566.94 1200.39 604.96 1183.39 608.61 1191.53 double_trailer_truck
799.42 1157.4 806.23 1152.8 822.05 1176.16 815.24 1180.76 large_vehicle
789.99 921.7 797.34 918.94 812.77 959.98 805.42 962.74 double_trailer_truck
917.33 1203.06 927.1 1199.84 938.03 1233.09 928.26 1236.31 medium_vessel
808.53 1206.11 815.35 1203.87 824.66 1232.17 817.84 1234.41 large_vehicle
782.25 1217.57 788.81 1212.35 813.85 1243.83 807.29 1249.05 double_trailer_truck
813.44 1142.01 820.36 1140.37 829.52 1179.15 822.6 1180.79 double_trailer_truck
830.88 1274.95 837.05 1272.43 840.24 1280.24 834.07 1282.76 large_vehicle
861.8 1117.34 868.4 1115.04 880.02 1148.43 873.42 1150.73 large_vehicle
937.19 1200.47 950.3 1196.16 960.38 1226.84 947.27 1231.15 medium_vessel
1003.55 1171.45 1011.98 1167.12 1023.99 1190.5 1015.56 1194.83 medium_vessel
613.99 1070.52 619.84 1067.42 627.32 1081.55 621.47 1084.65 heavy_equipment
598.48 1019.66 600.49 1027.48 587.25 1030.88 585.24 1023.06 heavy_equipment
759.83 894.23 767.0 892.4 776.94 931.39 769.77 933.22 double_trailer_truck
443.62 827.61 447.2 833.62 422.06 848.61 418.48 842.6 large_vehicle
953.85 1194.03 962.59 1191.16 972.68 1221.84 963.94 1224.71 medium_vessel
876.16 1161.06 883.39 1158.12 899.03 1196.44 891.8 1199.38 double_trailer_truck
1186.87 1142.89 1217.12 1135.23 1219.32 1143.91 1189.07 1151.57 large_vehicle
1207.72 1206.26 1235.83 1190.87 1240.22 1198.89 1212.11 1214.28 large_vehicle
791.95 1157.4 798.62 1154.96 810.72 1188.03 804.05 1190.47 large_vehicle
447.46 817.68 450.57 823.94 423.92 837.17 420.81 830.91 large_vehicle
828.04 1228.58 835.15 1227.29 840.52 1256.86 833.41 1258.15 large_vehicle
599.86 1011.19 600.86 1017.3 587.46 1019.49 586.46 1013.38 heavy_equipment
841.32 1267.75 848.09 1265.59 852.67 1279.95 845.9 1282.11 large_vehicle
991.5 966.38 999.91 963.19 1009.4 988.17 1000.99 991.36 medium_vessel
649.15 701.77 653.7 692.11 690.14 709.25 685.59 718.91 double_trailer_truck
823.94 39.1 828.52 45.49 797.77 67.51 793.19 61.12 large_vehicle
775.16 883.88 782.92 880.96 796.94 918.28 789.18 921.2 double_trailer_truck
756.37 1127.15 753.45 1119.75 793.64 1103.92 796.56 1111.32 double_trailer_truck
996.81 1012.64 1005.5 1009.33 1015.42 1035.45 1006.73 1038.76 medium_vessel
771.03 940.61 778.18 938.29 790.97 977.65 783.82 979.97 double_trailer_truck
815.98 1266.64 822.16 1264.12 828.64 1280.01 822.46 1282.53 large_vehicle
482.45 1203.53 489.45 1200.51 501.14 1227.65 494.14 1230.67 large_vehicle
955.13 1255.94 961.67 1253.45 970.78 1277.33 964.24 1279.82 container
523.0 1219.96 519.32 1212.67 546.82 1198.78 550.5 1206.07 large_vehicle
826.27 1151.16 834.46 1148.47 840.28 1166.19 832.09 1168.88 medium_vessel
1042.69 1110.44 1051.55 1107.09 1062.49 1136.03 1053.63 1139.38 medium_vessel
758.94 1083.18 766.71 1084.08 764.69 1101.56 756.92 1100.66 container
981.68 969.29 990.64 965.76 1001.52 993.4 992.56 996.93 medium_vessel
401.68 811.69 408.11 814.42 396.48 841.82 390.05 839.09 large_vehicle
769.7 889.4 776.14 887.3 788.46 925.22 782.02 927.32 double_trailer_truck
851.24 1221.55 858.09 1218.89 866.44 1240.41 859.59 1243.07 medium_vessel
1015.41 1163.93 1024.21 1160.41 1034.11 1185.16 1025.31 1188.68 medium_vessel
523.19 1230.67 519.72 1223.59 553.59 1207.0 557.06 1214.08 large_vehicle
593.98 1188.7 589.95 1182.79 619.74 1162.48 623.77 1168.39 large_vehicle
927.67 1200.84 936.59 1197.91 947.21 1230.24 938.29 1233.17 medium_vessel
249.84 289.69 336.52 258.14 469.27 622.87 382.59 654.42 large_vessel
738.83 1142.03 736.05 1134.96 751.76 1128.78 754.54 1135.85 heavy_equipment
552.9 1204.17 549.56 1196.73 578.89 1183.61 582.23 1191.05 large_vehicle
814.44 1190.16 821.43 1187.81 833.96 1225.04 826.97 1227.39 double_trailer_truck
833.02 1000.71 837.48 999.07 841.48 1009.93 837.02 1011.57 small_vessel
800.19 912.4 808.83 909.22 817.74 933.44 809.1 936.62 medium_vessel
448.95 1118.81 455.95 1115.8 468.18 1144.18 461.18 1147.19 large_vehicle
839.91 1234.31 846.18 1231.63 856.68 1256.25 850.41 1258.93 large_vehicle
910.36 1212.79 918.99 1209.61 929.95 1239.4 921.32 1242.58 medium_vessel
790.22 1171.47 797.12 1180.46 765.16 1204.98 758.26 1195.99 double_trailer_truck
360.36 216.24 413.79 196.48 517.06 475.64 463.63 495.4 large_vessel
966.75 1160.49 975.4 1181.37 924.94 1202.27 916.29 1181.39 large_vessel
1021.94 1083.46 1030.73 1079.94 1041.4 1106.63 1032.61 1110.15 medium_vessel
1004.6 1007.72 1014.34 1004.02 1025.17 1032.55 1015.43 1036.25 medium_vessel
824.98 1190.56 831.77 1188.48 840.61 1217.2 833.82 1219.28 large_vehicle
873.75 1248.71 880.28 1245.92 890.96 1270.96 884.43 1273.75 large_vehicle
818.92 1238.74 825.46 1236.45 837.42 1270.6 830.88 1272.89 large_vehicle
1017.32 1039.94 1026.58 1036.62 1036.87 1065.35 1027.61 1068.67 medium_vessel
783.21 1129.28 779.44 1122.78 809.93 1105.11 813.7 1111.61 large_vehicle
419.27 1047.26 426.23 1044.15 438.84 1072.34 431.88 1075.45 large_vehicle
785.29 488.62 822.8 475.19 885.44 650.14 847.93 663.57 large_vessel
1030.2 1078.94 1039.85 1075.08 1051.44 1104.05 1041.79 1107.91 medium_vessel
