661.81 294.92 677.33 274.98 683.81 280.03 668.29 299.97 large_vehicle
278.63 830.92 287.13 837.28 271.87 857.68 263.37 851.32 heavy_equipment
435.11 831.12 454.83 858.77 445.96 865.1 426.24 837.45 heavy_equipment
596.24 355.39 614.65 343.79 618.63 350.1 600.22 361.7 medium_vehicle
326.41 868.05 332.94 864.55 343.51 884.25 336.98 887.75 medium_vehicle
1022.38 386.81 1028.49 387.75 1025.47 407.25 1019.36 406.31 medium_vehicle
392.4 838.93 396.23 845.59 373.29 858.79 369.46 852.13 heavy_equipment
849.42 723.69 855.53 728.52 844.62 742.29 838.51 737.46 heavy_equipment
380.73 702.66 397.33 712.72 393.79 718.57 377.19 708.51 medium_vehicle
433.17 693.36 438.13 698.03 423.47 713.59 418.51 708.92 medium_vehicle
