1245.74 1087.95 1265.79 1091.52 1264.66 1097.86 1244.61 1094.29 large_vehicle
924.14 1069.63 1000.57 1084.77 988.42 1146.11 911.99 1130.97 large_aircraft
945.75 993.94 1022.16 1009.07 1009.22 1074.43 932.81 1059.3 large_aircraft
108.91 453.78 102.78 466.41 97.28 463.73 103.41 451.1 medium_vehicle
1212.34 1072.96 1232.64 1074.66 1231.96 1082.77 1211.66 1081.07 large_vehicle
1212.91 1268.85 1213.03 1259.32 1219.47 1259.4 1219.35 1268.93 large_vehicle
988.99 836.04 1065.42 851.18 1052.47 916.6 976.04 901.46 large_aircraft
60.28 451.56 86.42 454.35 85.62 461.78 59.48 458.99 container
964.94 699.3 1084.38 722.95 1062.87 831.55 943.43 807.9 large_aircraft
1203.23 1267.13 1204.44 1257.67 1210.83 1258.49 1209.62 1267.95 large_vehicle
1228.22 1275.05 1228.36 1263.08 1234.8 1263.16 1234.66 1275.13 large_vehicle
1161.22 1258.21 1165.38 1238.67 1171.69 1240.01 1167.53 1259.55 large_vehicle
980.32 543.85 1050.47 555.72 1038.62 625.78 968.47 613.91 large_aircraft
976.19 920.71 1052.61 935.85 1039.67 1001.2 963.25 986.06 large_aircraft
1245.67 1080.44 1266.98 1084.24 1265.72 1091.33 1244.41 1087.53 large_vehicle
4.18 832.06 24.1 832.13 24.07 839.47 4.15 839.4 medium_vehicle
62.42 435.6 79.86 437.47 79.13 444.35 61.69 442.48 container
1069.77 384.97 1085.78 386.31 1084.13 406.03 1068.12 404.69 small_aircraft
1219.52 1270.25 1219.63 1260.73 1226.07 1260.8 1225.96 1270.32 large_vehicle
1173.96 1261.03 1175.94 1251.74 1182.24 1253.08 1180.26 1262.37 large_vehicle
1261.13 170.54 1282.49 175.28 1278.96 191.18 1257.6 186.44 small_aircraft
76.41 490.02 62.81 488.25 63.7 481.43 77.3 483.2 medium_vehicle
22.0 834.49 41.87 835.92 41.33 843.53 21.46 842.1 medium_vehicle
58.95 458.92 74.72 460.6 74.18 465.61 58.41 463.93 container
1224.22 1080.97 1244.27 1084.54 1242.84 1092.56 1222.79 1088.99 large_vehicle
1168.4 155.89 1196.04 160.56 1191.76 185.89 1164.12 181.22 small_aircraft
923.45 1151.37 999.87 1166.5 987.63 1228.3 911.21 1213.17 large_aircraft
