1280.81 1097.61 1286.54 1100.39 1279.35 1115.19 1273.62 1112.41 medium_vessel
1263.11 1092.28 1269.62 1096.18 1262.37 1108.28 1255.86 1104.38 small_vessel
1182.42 1146.3 1183.09 1140.56 1199.45 1142.46 1198.78 1148.2 medium_vessel
1172.31 1130.73 1175.24 1125.76 1199.03 1139.78 1196.1 1144.75 medium_vessel
1173.41 1126.32 1176.72 1122.54 1186.12 1130.76 1182.81 1134.54 small_vessel
1178.9 1123.56 1182.26 1120.3 1189.31 1127.57 1185.95 1130.83 small_vessel
1254.94 1069.07 1261.44 1072.18 1253.26 1089.25 1246.76 1086.14 medium_vessel
1275.4 1095.58 1279.95 1097.37 1275.65 1108.28 1271.1 1106.49 small_vessel
1271.81 1074.83 1275.97 1078.91 1264.55 1090.53 1260.39 1086.45 medium_vessel
1258.84 1088.49 1263.1 1092.55 1250.19 1106.11 1245.93 1102.05 medium_vessel
1277.44 1078.99 1281.11 1083.52 1268.32 1093.88 1264.65 1089.35 medium_vessel
1263.43 1072.15 1269.19 1076.49 1258.93 1090.11 1253.17 1085.77 medium_vessel
1161.14 1135.34 1163.57 1129.32 1179.78 1135.87 1177.35 1141.89 medium_vessel
