577.13 761.92 581.71 758.36 583.82 761.07 579.24 764.63 small_vehicle
1197.89 1197.44 1204.47 1202.61 1201.63 1206.22 1195.05 1201.05 medium_vehicle
941.48 488.61 959.27 474.76 964.04 480.88 946.25 494.73 large_vehicle
221.9 1055.47 226.92 1051.25 229.31 1054.09 224.29 1058.31 small_vehicle
603.02 695.5 612.38 688.21 615.92 692.75 606.56 700.04 medium_vehicle
216.74 1064.2 236.1 1049.13 239.98 1054.11 220.62 1069.18 large_vehicle
1187.8 1200.17 1196.85 1204.76 1194.62 1209.16 1185.57 1204.57 medium_vehicle
1121.07 303.85 1137.74 290.88 1141.94 296.27 1125.27 309.24 large_vehicle
277.49 993.53 292.51 981.84 296.39 986.82 281.37 998.51 large_vehicle
235.63 1047.72 240.47 1043.64 242.87 1046.49 238.03 1050.57 small_vehicle
833.22 1056.58 838.16 1054.19 839.73 1057.43 834.79 1059.82 heavy_equipment
333.59 954.91 343.02 947.57 346.11 951.54 336.68 958.88 medium_vehicle
245.34 1050.78 250.91 1046.09 253.31 1048.93 247.74 1053.62 small_vehicle
243.38 1046.22 253.88 1038.05 256.77 1041.76 246.27 1049.93 medium_vehicle
738.37 644.47 742.26 641.44 744.01 643.68 740.12 646.71 small_vehicle
