540.56 791.47 542.79 795.26 535.88 799.31 533.65 795.52 medium_vehicle
282.76 886.99 289.86 890.62 287.96 894.33 280.86 890.7 medium_vehicle
181.07 208.88 191.6 208.88 191.6 231.0 181.07 231.0 small_aircraft
376.2 405.1 390.0 405.1 390.0 426.32 376.2 426.32 small_aircraft
546.96 184.18 554.02 177.02 567.39 190.2 560.33 197.36 small_aircraft
228.54 406.81 232.98 406.8 233.01 420.49 228.57 420.5 large_vehicle
523.26 88.22 530.71 80.48 544.97 94.21 537.52 101.95 small_aircraft
167.25 329.07 174.05 328.92 174.12 332.32 167.32 332.47 medium_vehicle
165.17 324.18 171.97 324.03 172.04 327.44 165.24 327.59 medium_vehicle
293.37 136.97 302.6 135.64 304.94 151.89 295.71 153.22 small_aircraft
393.96 511.55 403.46 515.84 401.77 519.59 392.27 515.3 large_vehicle
164.72 287.41 169.38 282.45 172.18 285.07 167.52 290.03 medium_vehicle
167.89 291.8 172.55 286.84 175.63 289.74 170.97 294.7 medium_vehicle
160.74 309.8 168.55 309.54 168.68 313.36 160.87 313.62 medium_vehicle
709.47 579.96 721.69 574.95 728.49 591.52 716.27 596.53 small_aircraft
162.73 314.11 170.54 314.28 170.47 317.77 162.66 317.6 medium_vehicle
379.79 1172.8 388.97 1172.79 389.02 1197.03 379.84 1197.04 small_aircraft
522.15 31.92 530.3 24.19 544.54 39.2 536.39 46.93 small_aircraft
359.5 466.1 365.0 466.1 365.0 477.7 359.5 477.7 large_vehicle
538.51 150.23 545.83 142.39 559.93 155.54 552.61 163.38 small_aircraft
299.19 124.6 310.18 115.92 318.23 126.12 307.24 134.8 small_aircraft
164.68 319.85 172.49 319.59 172.62 323.36 164.81 323.62 medium_vehicle
