238.91 33.87 262.84 24.49 265.24 30.62 241.31 40.0 pylon
11.17 588.94 16.0 586.92 23.24 604.22 18.41 606.24 container
319.3 98.71 344.52 88.83 346.92 94.96 321.7 104.84 pylon
440.01 491.73 462.58 469.47 535.17 543.08 512.6 565.34 pylon
-3.16 1212.93 1.35 1210.04 9.69 1223.07 5.17 1225.96 container
707.26 980.56 732.31 970.28 734.81 976.37 709.76 986.65 pylon
16.04 585.86 21.92 583.71 28.61 602.02 22.73 604.17 container
44.64 774.86 49.22 775.04 48.76 786.97 44.18 786.79 medium_vehicle
46.23 661.1 53.17 658.47 61.92 681.64 54.98 684.27 large_vehicle
7.58 1229.62 12.11 1226.72 20.7 1240.15 16.17 1243.05 container
56.62 789.31 73.95 793.63 72.69 798.7 55.36 794.38 medium_vehicle
458.06 398.62 478.35 380.67 546.86 458.09 526.57 476.04 pylon
56.95 783.81 72.9 787.79 71.64 792.86 55.69 788.88 medium_vehicle
49.76 773.81 54.94 774.01 54.46 786.59 49.28 786.39 medium_vehicle
56.57 776.8 67.77 778.64 66.93 783.79 55.73 781.95 medium_vehicle
42.23 663.59 47.98 661.69 55.5 684.45 49.75 686.35 large_vehicle
659.34 1000.06 684.4 989.78 686.9 995.87 661.84 1006.15 pylon
