167.52 8.4 174.37 4.85 181.48 18.55 174.63 22.1 medium_vehicle
5.88 576.81 11.23 576.97 10.96 586.17 5.61 586.01 medium_vehicle
390.63 193.6 419.31 193.75 419.28 199.67 390.6 199.52 double_trailer_truck
51.6 433.86 57.73 433.3 58.05 436.85 51.92 437.41 heavy_equipment
531.26 205.84 542.74 206.06 542.63 211.5 531.15 211.28 medium_vehicle
272.58 974.99 293.68 966.64 297.24 975.63 276.14 983.98 pylon
336.79 1041.9 393.15 1019.58 399.16 1034.77 342.8 1057.09 pylon
103.55 892.32 151.16 873.48 155.92 885.51 108.31 904.35 pylon
21.6 1074.49 29.93 1072.29 34.18 1088.37 25.85 1090.57 medium_vehicle
442.6 192.09 452.33 191.92 452.44 197.84 442.71 198.01 heavy_equipment
265.2 253.55 274.03 247.79 276.64 251.8 267.81 257.56 container
387.74 669.4 439.16 649.04 447.59 670.32 396.17 690.68 pylon
108.88 91.67 133.12 103.28 130.59 108.57 106.35 96.96 large_vehicle
43.32 294.48 50.21 293.36 53.05 310.88 46.16 312.0 heavy_equipment
337.31 973.36 359.96 964.39 363.52 973.38 340.87 982.35 pylon
444.28 266.24 490.92 247.77 495.53 259.41 448.89 277.88 pylon
140.15 116.2 145.88 117.62 143.78 126.11 138.05 124.69 medium_vehicle
104.46 519.77 133.9 508.11 137.51 517.21 108.07 528.87 pylon
79.22 41.27 104.98 53.62 102.24 59.34 76.48 46.99 large_vehicle
115.62 413.89 175.51 390.18 180.45 402.66 120.56 426.37 pylon
