1063.6 160.82 1095.32 148.13 1098.63 156.42 1066.91 169.11 pylon
1069.95 49.46 1099.94 37.47 1103.26 45.76 1073.27 57.75 pylon
1043.19 441.68 1068.63 431.51 1071.94 439.8 1046.5 449.97 pylon
572.53 465.66 581.36 465.66 581.36 469.77 572.53 469.77 medium_vehicle
853.97 973.37 882.03 962.14 885.34 970.43 857.28 981.66 pylon
282.94 1062.51 314.66 1049.82 317.97 1058.11 286.25 1070.8 pylon
929.45 774.48 950.44 752.74 1010.46 810.71 989.47 832.45 pylon
889.12 779.4 908.47 760.71 967.77 822.11 948.42 840.8 pylon
261.02 1036.64 290.21 1024.97 293.53 1033.26 264.34 1044.93 pylon
1156.87 137.11 1182.53 126.85 1184.99 133.01 1159.33 143.27 pylon
1015.11 422.19 1049.38 408.48 1052.69 416.77 1018.42 430.48 pylon
