111.84 123.95 117.65 122.02 125.85 146.82 120.04 148.75 large_vehicle
109.86 216.43 127.27 207.48 129.44 211.7 112.03 220.65 large_vehicle
115.11 149.59 122.52 146.38 133.76 172.37 126.35 175.58 large_vehicle
849.57 1029.99 854.29 1024.54 866.83 1035.4 862.11 1040.85 medium_vessel
924.96 58.46 928.73 64.31 916.07 72.48 912.3 66.63 medium_vessel
101.88 147.58 108.36 144.77 119.33 169.99 112.85 172.8 large_vehicle
1060.43 170.41 1065.06 173.44 1058.21 183.92 1053.58 180.89 heavy_equipment
65.63 241.82 85.2 231.02 87.88 235.87 68.31 246.67 large_vehicle
158.45 134.96 165.57 135.96 161.93 161.88 154.81 160.88 large_vehicle
23.81 373.04 27.05 381.41 6.38 389.42 3.14 381.05 medium_vessel
82.49 138.53 89.81 135.11 101.32 159.78 94.0 163.2 large_vehicle
955.84 41.9 959.37 47.39 947.3 55.17 943.77 49.68 medium_vessel
1260.66 355.98 1258.79 350.27 1279.46 343.51 1281.33 349.22 large_vehicle
1248.76 328.03 1248.21 322.3 1270.79 320.13 1271.34 325.86 large_vehicle
248.22 191.88 269.22 234.2 63.31 336.42 42.31 294.1 large_vessel
970.07 36.33 971.85 39.54 964.67 43.5 962.89 40.29 small_vessel
1118.65 75.15 1123.28 73.01 1128.12 83.43 1123.49 85.57 heavy_equipment
1262.35 366.44 1260.48 361.33 1279.36 354.43 1281.23 359.54 large_vehicle
1255.31 247.75 1261.56 246.4 1267.65 274.57 1261.4 275.92 large_vehicle
1259.51 348.84 1257.48 342.98 1278.9 335.56 1280.93 341.42 large_vehicle
168.64 109.63 175.79 106.34 187.0 130.7 179.85 133.99 large_vehicle
889.26 16.28 894.95 27.73 852.18 48.96 846.49 37.51 medium_vessel
1055.87 210.13 1061.19 214.38 1047.39 231.67 1042.07 227.42 large_vehicle
1236.11 280.09 1236.0 274.46 1257.86 274.04 1257.97 279.67 large_vehicle
396.2 116.65 408.75 141.93 287.29 202.22 274.74 176.94 large_vessel
1031.0 662.6 1039.3 662.6 1039.3 678.9 1031.0 678.9 heavy_equipment
1029.27 214.74 1035.58 215.59 1033.57 230.45 1027.26 229.6 medium_vehicle
103.66 121.57 109.63 119.17 119.91 144.74 113.94 147.14 large_vehicle
211.02 95.11 220.32 91.65 230.27 118.41 220.97 121.87 large_vehicle
1136.81 337.55 1144.57 338.43 1141.31 367.07 1133.55 366.19 large_vehicle
173.01 105.14 180.57 101.66 192.5 127.62 184.94 131.1 large_vehicle
117.9 125.88 125.08 123.5 133.86 150.05 126.68 152.43 large_vehicle
912.73 65.87 914.74 73.37 897.74 77.92 895.73 70.42 medium_vessel
140.21 127.59 147.59 125.19 155.94 150.91 148.56 153.31 large_vehicle
87.33 228.89 105.9 219.34 108.4 224.19 89.83 233.74 large_vehicle
1033.94 646.58 1042.22 647.26 1041.15 660.27 1032.87 659.59 heavy_equipment
126.34 124.11 133.42 122.2 140.76 149.41 133.68 151.32 large_vehicle
147.1 197.64 167.76 187.92 170.04 192.78 149.38 202.5 large_vehicle
992.2 583.0 997.52 583.0 997.52 593.54 992.2 593.54 heavy_equipment
204.47 103.91 212.27 102.95 216.7 138.98 208.9 139.94 double_trailer_truck
1253.81 339.05 1251.8 333.26 1273.77 325.65 1275.78 331.44 large_vehicle
1129.06 26.99 1134.84 24.8 1139.21 36.38 1133.43 38.57 medium_vehicle
1241.8 298.67 1241.0 292.67 1264.56 289.53 1265.36 295.53 large_vehicle
523.23 50.47 537.91 80.03 411.8 142.63 397.12 113.07 large_vessel
106.21 143.57 112.72 140.75 123.68 166.07 117.17 168.89 large_vehicle
1017.05 1.64 1020.61 8.09 995.69 21.85 992.13 15.4 double_trailer_truck
1082.72 615.95 1094.58 620.6 1092.61 625.63 1080.75 620.98 container
1243.14 461.16 1247.76 460.68 1248.73 470.03 1244.11 470.51 medium_vehicle
1018.9 664.36 1029.09 664.36 1029.09 680.2 1018.9 680.2 heavy_equipment
-2.74 135.8 18.57 118.41 22.94 123.76 1.62 141.15 large_vehicle
1246.33 314.88 1246.34 309.97 1267.71 310.0 1267.7 314.91 large_vehicle
1245.16 306.16 1244.54 300.91 1266.82 298.25 1267.44 303.5 large_vehicle
