517.95 150.5 527.17 145.96 529.26 150.19 520.04 154.73 small_vessel
523.05 398.86 517.67 389.36 540.15 376.64 545.53 386.14 medium_vessel
578.47 308.4 587.22 308.59 587.13 312.38 578.38 312.19 small_vessel
289.93 950.47 298.21 951.21 296.31 972.57 288.03 971.83 medium_vessel
590.25 392.28 593.97 397.36 580.8 407.0 577.08 401.92 medium_vessel
528.09 221.58 534.02 218.88 541.38 235.11 535.45 237.81 medium_vessel
554.22 446.54 548.39 440.4 564.24 425.35 570.07 431.49 medium_vessel
510.83 252.43 516.15 248.91 526.88 265.12 521.56 268.64 medium_vessel
522.63 229.34 528.35 226.24 537.53 243.14 531.81 246.24 medium_vessel
583.1 376.97 586.49 381.18 574.29 390.99 570.9 386.78 medium_vessel
588.51 388.46 591.06 392.07 579.49 400.23 576.94 396.62 small_vessel
543.37 198.19 547.33 195.73 554.66 207.52 550.7 209.98 small_vessel
561.15 451.4 555.71 446.71 568.2 432.24 573.64 436.93 medium_vessel
539.85 423.6 535.36 416.48 554.79 404.25 559.28 411.37 medium_vessel
563.69 346.72 569.07 351.89 556.6 364.85 551.22 359.68 medium_vessel
576.89 371.27 582.23 376.48 569.66 389.36 564.32 384.15 medium_vessel
562.58 419.13 566.72 424.73 550.35 436.84 546.21 431.24 medium_vessel
520.33 91.24 527.21 100.57 523.17 103.54 516.29 94.21 small_vessel
506.1 88.0 516.5 78.24 520.25 82.23 509.85 91.99 small_vessel
568.97 352.1 573.69 357.88 559.74 369.25 555.02 363.47 medium_vessel
591.33 398.87 595.28 403.77 584.26 412.66 580.31 407.76 small_vessel
501.8 265.91 508.6 263.08 516.98 283.2 510.18 286.03 medium_vessel
520.85 329.74 537.77 346.13 532.74 351.32 515.82 334.93 medium_vessel
533.94 127.6 543.72 122.79 546.14 127.71 536.36 132.52 small_vessel
510.96 243.71 515.91 239.99 526.6 254.24 521.65 257.96 medium_vessel
505.08 256.42 511.23 254.45 517.21 273.09 511.06 275.06 medium_vessel
515.08 334.03 536.16 352.82 529.55 360.23 508.47 341.44 medium_vessel
536.46 212.59 541.03 207.94 555.17 221.84 550.6 226.49 medium_vessel
543.14 432.36 538.23 424.56 558.72 411.66 563.63 419.46 medium_vessel
534.47 416.55 529.45 408.58 549.7 395.82 554.72 403.79 medium_vessel
513.96 343.88 533.49 362.03 528.29 367.62 508.76 349.47 medium_vessel
576.8 364.49 579.75 370.2 566.72 376.93 563.77 371.22 small_vessel
602.32 410.75 606.59 416.04 593.23 426.83 588.96 421.54 medium_vessel
571.56 310.7 578.63 310.86 578.55 314.35 571.48 314.19 small_vessel
586.25 381.49 590.33 386.56 577.67 396.74 573.59 391.67 medium_vessel
533.91 404.29 530.57 398.38 546.76 389.22 550.1 395.13 medium_vessel
586.53 416.7 596.0 409.62 598.87 413.45 589.4 420.53 small_vessel
597.79 400.2 601.74 405.11 588.6 415.71 584.65 410.8 medium_vessel
558.08 344.12 562.13 347.54 553.51 357.75 549.46 354.33 small_vessel
548.46 192.52 553.73 190.94 557.63 203.93 552.36 205.51 small_vessel
532.53 219.02 536.82 214.1 551.76 227.13 547.47 232.05 medium_vessel
622.3 406.94 627.27 404.27 634.27 417.28 629.3 419.95 small_vessel
505.97 253.34 510.85 250.11 522.13 267.15 517.25 270.38 medium_vessel
