1108.59 890.4 1114.3 890.4 1114.3 902.4 1108.59 902.4 medium_vehicle
1122.32 649.85 1131.41 642.54 1134.59 646.5 1125.5 653.81 small_vehicle
53.17 11.41 62.13 13.95 55.97 35.71 47.01 33.17 heavy_equipment
50.48 260.52 56.33 257.09 61.1 265.22 55.25 268.65 small_vehicle
1168.94 690.11 1173.44 685.2 1176.35 687.86 1171.85 692.77 small_vehicle
620.69 25.95 624.65 29.81 617.63 37.03 613.67 33.17 small_vehicle
1143.97 211.63 1139.15 201.94 1144.0 199.52 1148.82 209.21 small_vehicle
56.63 256.09 60.91 253.58 65.74 261.82 61.46 264.33 small_vehicle
609.99 49.8 613.51 53.22 607.41 59.49 603.89 56.07 small_vehicle
63.03 253.28 68.43 250.11 72.86 257.67 67.46 260.84 small_vehicle
