162.22 1069.23 166.64 1072.9 158.67 1082.5 154.25 1078.83 medium_vehicle
632.7 1130.14 640.88 1123.56 643.97 1127.4 635.79 1133.98 small_vehicle
581.46 1273.34 587.76 1264.94 591.69 1267.89 585.39 1276.29 small_vehicle
1203.93 640.58 1208.12 643.72 1201.26 652.88 1197.07 649.74 small_vehicle
1249.58 1016.53 1253.19 1020.2 1244.64 1028.61 1241.03 1024.94 small_vehicle
1211.27 645.6 1215.73 648.94 1208.38 658.76 1203.92 655.42 small_vehicle
862.56 938.69 866.19 942.39 858.28 950.17 854.65 946.47 small_vehicle
1110.53 1020.53 1114.65 1024.73 1105.8 1033.43 1101.68 1029.23 small_vehicle
67.19 1155.24 71.25 1158.61 63.28 1168.2 59.22 1164.83 small_vehicle
801.48 952.14 806.05 952.41 805.4 963.02 800.83 962.75 small_vehicle
439.21 962.78 435.46 967.34 426.64 960.1 430.39 955.54 small_vehicle
543.17 915.69 549.48 921.93 545.42 926.04 539.11 919.8 small_vehicle
843.95 744.49 849.19 744.35 849.48 755.43 844.24 755.57 small_vehicle
843.61 970.33 846.39 973.52 838.33 980.56 835.55 977.37 small_vehicle
1211.66 780.02 1216.49 783.0 1211.25 791.48 1206.42 788.5 small_vehicle
653.72 1126.53 664.22 1126.48 664.25 1131.41 653.75 1131.46 small_vehicle
630.31 1123.98 638.49 1117.4 641.58 1121.24 633.4 1127.82 small_vehicle
391.69 877.59 385.89 878.1 384.88 866.54 390.68 866.03 small_vehicle
98.98 1092.66 102.97 1095.97 95.88 1104.5 91.89 1101.19 small_vehicle
1234.9 1060.81 1242.53 1053.32 1246.1 1056.96 1238.47 1064.45 small_vehicle
44.38 864.41 53.63 859.05 55.86 862.89 46.61 868.25 small_vehicle
71.49 845.09 81.64 839.2 83.87 843.06 73.72 848.95 small_vehicle
370.42 868.92 375.64 871.5 369.75 883.43 364.53 880.85 small_vehicle
656.48 861.08 659.93 864.31 652.4 872.33 648.95 869.1 small_vehicle
