1056.52 446.36 1051.07 455.22 1047.3 452.9 1052.75 444.04 small_vehicle
177.57 1112.34 169.21 1104.82 173.13 1100.46 181.49 1107.98 small_vehicle
1112.32 311.16 1116.06 313.96 1110.54 321.34 1106.8 318.54 small_vehicle
442.76 1181.39 435.28 1174.66 438.98 1170.55 446.46 1177.28 small_vehicle
708.23 976.84 701.51 974.24 706.27 961.97 712.99 964.57 heavy_equipment
995.77 488.84 1000.29 491.5 994.48 501.36 989.96 498.7 small_vehicle
174.75 1146.4 170.93 1150.42 163.64 1143.5 167.46 1139.48 small_vehicle
1046.23 442.72 1041.85 449.83 1038.61 447.84 1042.99 440.73 small_vehicle
1193.04 787.12 1191.36 792.83 1179.58 789.36 1181.26 783.65 small_vehicle
491.54 963.88 483.57 956.71 487.05 952.84 495.02 960.01 small_vehicle
194.05 1131.74 187.77 1126.08 190.57 1122.97 196.85 1128.63 small_vehicle
1064.55 451.54 1062.03 461.18 1057.82 460.08 1060.34 450.44 small_vehicle
1197.06 774.4 1195.38 779.91 1184.77 776.66 1186.45 771.15 small_vehicle
425.21 1081.11 420.17 1086.42 410.36 1077.12 415.4 1071.81 heavy_equipment
834.3 729.35 838.87 732.77 831.75 742.29 827.18 738.87 small_vehicle
164.5 1157.04 160.22 1161.54 152.18 1153.91 156.46 1149.41 small_vehicle
377.85 963.72 368.95 972.34 365.47 968.76 374.37 960.14 heavy_equipment
953.79 705.47 949.07 702.83 955.03 692.16 959.75 694.8 medium_vehicle
1166.18 678.79 1176.06 678.74 1176.09 683.51 1166.21 683.56 small_vehicle
