1065.96 1099.47 1061.36 1102.23 1056.41 1093.95 1061.01 1091.19 small_vehicle
577.8 1167.64 588.81 1167.41 588.9 1171.63 577.89 1171.86 small_vehicle
1104.17 972.84 1106.72 977.93 1097.4 982.6 1094.85 977.51 small_vehicle
1122.3 1268.18 1122.86 1272.86 1113.08 1274.04 1112.52 1269.36 small_vehicle
1192.2 1217.16 1188.09 1214.71 1192.81 1206.8 1196.92 1209.25 small_vehicle
1240.12 1148.59 1235.52 1145.84 1240.91 1136.8 1245.51 1139.55 small_vehicle
1141.82 1149.49 1137.82 1146.76 1144.45 1137.04 1148.45 1139.77 small_vehicle
287.42 1253.42 292.22 1254.32 290.35 1264.32 285.55 1263.42 small_vehicle
593.95 1044.44 598.23 1048.77 589.21 1057.7 584.93 1053.37 small_vehicle
1282.56 1251.87 1279.85 1255.56 1273.77 1251.11 1276.48 1247.42 small_vehicle
1225.35 1174.15 1221.3 1171.74 1225.97 1163.91 1230.02 1166.32 small_vehicle
1118.92 973.39 1119.41 979.2 1109.98 980.0 1109.49 974.19 small_vehicle
1171.41 1238.86 1174.33 1241.58 1167.19 1249.24 1164.27 1246.52 small_vehicle
1240.52 1215.18 1236.44 1218.65 1229.81 1210.85 1233.89 1207.38 small_vehicle
1174.4 1230.84 1172.05 1233.93 1165.85 1229.22 1168.2 1226.13 small_vehicle
570.86 1273.99 567.31 1278.43 559.03 1271.8 562.58 1267.36 small_vehicle
1207.81 1216.21 1211.33 1219.14 1204.24 1227.67 1200.72 1224.74 small_vehicle
1020.69 924.25 1020.86 928.27 1009.5 928.73 1009.33 924.71 small_vehicle
1180.72 1225.29 1177.95 1228.93 1171.17 1223.78 1173.94 1220.14 small_vehicle
1280.36 1266.92 1283.6 1270.15 1276.91 1276.86 1273.67 1273.63 small_vehicle
1257.2 852.75 1265.47 858.02 1261.94 863.56 1253.67 858.29 small_vehicle
1071.17 907.37 1073.38 913.74 1062.85 917.39 1060.64 911.02 small_vehicle
986.24 925.6 986.87 931.28 977.35 932.33 976.72 926.65 small_vehicle
565.03 1167.95 576.04 1167.72 576.13 1171.93 565.12 1172.16 small_vehicle
1080.12 1257.01 1084.08 1254.7 1088.97 1263.07 1085.01 1265.38 small_vehicle
1002.93 925.54 1003.56 931.22 991.22 932.58 990.59 926.9 small_vehicle
1149.59 1155.36 1149.7 1150.32 1159.16 1150.51 1159.05 1155.55 small_vehicle
900.25 1203.03 896.69 1206.87 889.1 1199.82 892.66 1195.98 small_vehicle
1198.78 1227.2 1202.3 1230.12 1195.08 1238.82 1191.56 1235.9 small_vehicle
1249.38 1148.66 1244.77 1145.91 1250.79 1135.81 1255.4 1138.56 small_vehicle
1056.72 1086.18 1052.55 1088.38 1048.05 1079.84 1052.22 1077.64 small_vehicle
