613.67 666.0 603.58 667.7 602.71 662.59 612.8 660.89 small_vehicle
1013.12 1111.09 1016.85 1114.05 1010.15 1122.52 1006.42 1119.56 small_vehicle
1007.99 1052.54 1010.48 1056.28 1002.91 1061.32 1000.42 1057.58 small_vehicle
1020.84 1102.01 1022.28 1113.54 1016.5 1114.26 1015.06 1102.73 small_vehicle
998.54 1133.91 1001.76 1136.45 995.25 1144.66 992.03 1142.12 small_vehicle
131.91 753.01 127.64 757.52 121.41 751.61 125.68 747.1 small_vehicle
1011.48 755.2 1010.33 763.48 1005.79 762.85 1006.94 754.57 small_vehicle
718.06 975.43 718.03 979.91 708.55 979.84 708.58 975.36 small_vehicle
616.01 672.05 605.26 673.87 604.4 668.76 615.15 666.94 small_vehicle
896.28 1101.92 897.75 1106.46 887.41 1109.8 885.94 1105.26 small_vehicle
1158.32 744.2 1159.38 748.83 1149.08 751.2 1148.02 746.57 small_vehicle
713.9 1016.6 708.86 1017.54 706.54 1005.05 711.58 1004.11 small_vehicle
1203.29 763.01 1202.91 767.74 1192.99 766.94 1193.37 762.21 small_vehicle
875.41 915.98 875.38 921.47 865.21 921.4 865.24 915.91 small_vehicle
939.54 834.86 940.23 844.05 935.9 844.38 935.21 835.19 small_vehicle
824.4 818.96 820.95 823.14 810.63 814.63 814.08 810.45 medium_vehicle
1126.2 752.1 1121.89 751.61 1122.93 742.4 1127.24 742.89 small_vehicle
977.11 1041.32 972.96 1044.28 967.63 1036.81 971.78 1033.85 small_vehicle
1144.37 769.03 1143.94 774.43 1132.84 773.54 1133.27 768.14 small_vehicle
894.05 1109.1 896.13 1113.02 889.6 1116.49 887.52 1112.57 small_vehicle
346.19 571.33 345.9 576.23 335.71 575.63 336.0 570.73 small_vehicle
876.34 903.08 876.61 907.88 866.39 908.47 866.12 903.67 small_vehicle
855.22 801.18 853.02 806.39 845.44 803.19 847.64 797.98 small_vehicle
568.92 582.62 570.0 587.24 558.92 589.82 557.84 585.2 small_vehicle
126.12 459.31 126.73 464.05 116.25 465.41 115.64 460.67 small_vehicle
1124.36 696.99 1114.12 694.93 1115.0 690.54 1125.24 692.6 small_vehicle
