161.62 666.83 174.24 665.07 174.97 670.32 162.35 672.08 medium_vehicle
435.47 840.24 447.21 839.87 447.37 844.8 435.63 845.17 small_vehicle
229.04 637.1 231.77 640.28 225.12 646.0 222.39 642.82 heavy_equipment
29.67 811.47 39.15 816.86 36.72 821.15 27.24 815.76 small_vehicle
120.16 251.22 127.34 258.37 123.66 262.07 116.48 254.92 small_vehicle
341.25 178.65 350.73 182.71 349.15 186.38 339.67 182.32 small_vehicle
289.62 526.96 297.31 531.35 294.87 535.63 287.18 531.24 small_vehicle
265.14 558.22 274.0 551.69 276.68 555.32 267.82 561.85 small_vehicle
501.5 282.27 501.68 289.82 497.58 289.92 497.4 282.37 small_vehicle
155.87 8.96 164.55 16.8 160.63 21.14 151.95 13.3 small_vehicle
434.08 510.26 445.5 506.82 446.92 511.54 435.5 514.98 small_vehicle
577.17 287.91 588.87 291.27 587.51 296.01 575.81 292.65 small_vehicle
370.67 215.28 382.05 217.95 380.83 223.16 369.45 220.49 small_vehicle
429.82 1141.1 431.97 1149.19 412.09 1154.48 409.94 1146.39 heavy_equipment
550.79 218.51 562.03 218.68 561.96 223.63 550.72 223.46 small_vehicle
395.18 745.25 405.17 740.99 407.15 745.62 397.16 749.88 small_vehicle
142.22 734.37 146.8 734.37 146.8 743.3 142.22 743.3 small_vehicle
279.83 545.48 288.76 537.57 292.03 541.26 283.1 549.17 small_vehicle
325.56 635.68 335.48 628.79 338.29 632.83 328.37 639.72 small_vehicle
310.97 229.91 323.11 235.11 321.0 240.03 308.86 234.83 small_vehicle
519.11 338.73 523.96 346.86 519.23 349.68 514.38 341.55 small_vehicle
195.32 608.59 204.92 602.5 207.56 606.67 197.96 612.76 small_vehicle
552.34 150.84 551.66 162.17 546.38 161.86 547.06 150.53 small_vehicle
371.45 207.38 382.83 210.05 381.61 215.27 370.23 212.6 small_vehicle
95.84 113.77 104.39 107.6 107.54 111.96 98.99 118.13 small_vehicle
112.75 291.9 122.88 290.28 123.72 295.5 113.59 297.12 small_vehicle
334.08 186.09 346.49 191.41 344.39 196.33 331.98 191.01 small_vehicle
387.58 468.07 395.28 461.26 398.55 464.95 390.85 471.76 small_vehicle
527.28 330.92 532.67 339.96 528.44 342.48 523.05 333.44 small_vehicle
27.85 817.96 35.28 822.18 32.85 826.46 25.42 822.24 small_vehicle
133.49 116.86 128.62 127.49 123.75 125.26 128.62 114.63 small_vehicle
336.68 181.5 347.45 186.12 345.34 191.04 334.57 186.42 small_vehicle
148.5 712.9 153.5 712.9 153.5 723.1 148.5 723.1 small_vehicle
537.01 88.87 548.93 89.06 548.85 94.09 536.93 93.9 small_vehicle
335.18 204.61 344.75 208.71 342.64 213.63 333.07 209.53 small_vehicle
364.15 190.55 373.4 197.05 370.32 201.43 361.07 194.93 small_vehicle
244.25 572.56 252.24 565.88 255.4 569.66 247.41 576.34 small_vehicle
433.77 263.52 433.96 271.97 429.23 272.08 429.04 263.63 small_vehicle
376.18 227.05 365.88 233.42 363.28 229.21 373.58 222.84 small_vehicle
401.67 542.52 410.6 534.61 413.87 538.3 404.94 546.21 small_vehicle
379.8 23.33 379.48 35.01 374.12 34.86 374.44 23.18 small_vehicle
600.92 199.08 609.72 201.15 608.49 206.36 599.69 204.29 small_vehicle
