411.07 647.06 401.99 652.91 398.98 648.24 408.06 642.39 small_vehicle
971.49 213.54 962.29 214.57 961.84 210.54 971.04 209.51 small_vehicle
168.38 689.91 161.28 695.76 158.77 692.7 165.87 686.85 small_vehicle
1162.35 175.07 1153.17 175.31 1153.05 170.71 1162.23 170.47 small_vehicle
515.53 269.28 523.86 279.07 519.53 282.75 511.2 272.96 heavy_equipment
60.49 1213.9 51.45 1218.91 48.69 1213.94 57.73 1208.93 small_vehicle
579.25 215.02 585.75 222.86 580.96 226.84 574.46 219.0 small_vehicle
469.98 413.4 463.77 421.85 460.08 419.14 466.29 410.69 small_vehicle
653.7 266.66 646.01 272.63 642.73 268.4 650.42 262.43 small_vehicle
143.57 739.54 136.4 745.45 133.53 741.97 140.7 736.06 small_vehicle
251.83 621.12 242.88 628.55 240.35 625.51 249.3 618.08 small_vehicle
675.01 254.86 671.08 246.54 675.24 244.57 679.17 252.89 small_vehicle
511.41 270.45 501.03 274.75 498.89 269.59 509.27 265.29 heavy_equipment
406.0 67.79 410.68 73.67 393.2 87.58 388.52 81.7 heavy_equipment
709.16 244.1 708.59 236.69 712.78 236.36 713.35 243.77 small_vehicle
912.55 202.54 908.3 193.54 912.46 191.57 916.71 200.57 small_vehicle
120.12 705.71 123.88 700.47 136.3 709.39 132.54 714.63 medium_vehicle
4.27 802.07 10.13 808.71 5.81 812.52 -0.04 805.88 small_vehicle
615.14 237.13 621.37 236.8 622.09 250.58 615.86 250.91 medium_vehicle
39.61 798.71 43.38 802.77 29.12 815.98 25.35 811.92 heavy_equipment
990.2 201.32 992.59 208.1 973.59 214.79 971.2 208.01 medium_vehicle
137.11 744.93 143.0 739.86 151.79 750.08 145.9 755.15 medium_vehicle
201.8 630.85 207.16 640.76 202.14 643.47 196.78 633.56 small_vehicle
498.45 367.13 510.81 360.25 513.79 365.6 501.43 372.48 heavy_equipment
1272.16 146.53 1263.13 148.24 1262.28 143.72 1271.31 142.01 small_vehicle
1092.36 153.2 1092.78 145.13 1108.97 145.98 1108.55 154.05 medium_vehicle
675.51 860.84 672.42 857.25 683.23 847.95 686.32 851.54 medium_vehicle
194.4 631.16 198.64 640.51 194.38 642.45 190.14 633.1 small_vehicle
42.31 792.31 33.99 798.65 31.17 794.95 39.49 788.61 small_vehicle
475.86 569.82 479.83 578.11 475.68 580.1 471.71 571.81 small_vehicle
28.72 411.65 33.49 407.55 44.18 419.96 39.41 424.06 medium_vehicle
189.36 678.27 184.07 672.45 199.43 658.48 204.72 664.3 medium_vehicle
26.36 802.7 17.36 809.91 13.7 805.34 22.7 798.13 small_vehicle
654.18 256.67 659.89 261.16 657.45 264.27 651.74 259.78 small_vehicle
786.82 775.19 777.94 780.11 775.84 776.34 784.72 771.42 small_vehicle
13.19 423.76 17.59 419.98 28.28 432.4 23.88 436.18 medium_vehicle
262.36 1117.96 255.39 1124.32 251.97 1120.58 258.94 1114.22 small_vehicle
370.61 541.84 375.34 547.38 357.96 562.22 353.23 556.68 heavy_equipment
787.1 227.36 786.95 218.84 791.56 218.76 791.71 227.28 small_vehicle
52.94 803.79 46.32 810.17 43.12 806.85 49.74 800.47 small_vehicle
741.21 951.56 732.32 957.18 729.74 953.11 738.63 947.49 small_vehicle
780.01 225.91 779.75 219.49 784.35 219.31 784.61 225.73 small_vehicle
905.6 200.67 903.22 192.77 907.62 191.44 910.0 199.34 small_vehicle
814.93 239.49 802.54 241.5 801.63 235.85 814.02 233.84 small_vehicle
145.74 733.68 151.62 728.62 163.25 742.15 157.37 747.21 medium_vehicle
321.51 1050.56 314.16 1057.28 310.32 1053.08 317.67 1046.36 small_vehicle
690.78 249.37 685.79 238.82 690.38 236.64 695.37 247.19 small_vehicle
184.32 1133.52 188.8 1133.52 188.8 1143.59 184.32 1143.59 small_vehicle
520.54 792.56 515.78 787.02 528.82 775.81 533.58 781.35 medium_vehicle
39.51 814.08 30.69 822.56 27.01 818.74 35.83 810.26 small_vehicle
1167.03 100.26 1163.1 91.95 1167.27 89.98 1171.2 98.29 small_vehicle
257.24 618.45 261.07 622.45 251.45 631.67 247.62 627.67 medium_vehicle
18.24 419.49 22.94 415.44 33.62 427.86 28.92 431.91 medium_vehicle
23.29 415.48 28.05 411.37 38.19 423.16 33.43 427.27 medium_vehicle
209.11 682.05 199.35 689.25 195.97 684.67 205.73 677.47 small_vehicle
64.03 796.77 57.41 803.15 54.22 799.84 60.84 793.46 small_vehicle
242.74 628.41 233.79 635.85 231.27 632.81 240.22 625.37 small_vehicle
