1119.5 357.23 1108.55 361.81 1106.64 357.27 1117.59 352.69 small_vehicle
980.02 1102.06 986.6 1107.52 983.6 1111.12 977.02 1105.66 small_vehicle
899.82 845.54 906.54 853.6 902.33 857.11 895.61 849.05 small_vehicle
880.14 643.08 868.19 642.91 868.26 637.55 880.21 637.72 small_vehicle
903.53 760.8 901.96 771.18 896.56 770.36 898.13 759.98 small_vehicle
678.5 265.27 684.4 268.74 682.26 272.39 676.36 268.92 small_vehicle
805.84 575.22 797.84 570.96 799.87 567.14 807.87 571.4 small_vehicle
642.21 833.39 643.24 837.25 634.0 839.73 632.97 835.87 small_vehicle
998.32 908.93 987.89 917.17 984.94 913.44 995.37 905.2 small_vehicle
925.53 903.41 923.93 912.73 919.74 912.01 921.34 902.69 small_vehicle
1151.34 1046.24 1150.89 1039.15 1173.71 1037.71 1174.16 1044.8 heavy_equipment
844.85 662.25 845.45 669.75 840.52 670.15 839.92 662.65 small_vehicle
1104.87 1034.05 1106.79 1025.69 1131.92 1031.44 1130.0 1039.8 heavy_equipment
1187.37 1222.81 1182.91 1224.57 1178.94 1214.49 1183.4 1212.73 small_vehicle
1046.44 856.45 1047.04 850.36 1061.53 851.78 1060.93 857.87 medium_vehicle
1046.03 402.25 1047.52 414.03 1041.75 414.76 1040.26 402.98 small_vehicle
978.27 527.65 978.86 538.17 973.74 538.45 973.15 527.93 small_vehicle
877.22 978.84 877.37 988.32 872.79 988.39 872.64 978.91 small_vehicle
956.69 549.11 962.27 553.33 959.97 556.38 954.39 552.16 small_vehicle
1095.5 880.91 1096.7 891.42 1091.13 892.05 1089.93 881.54 small_vehicle
1182.33 910.11 1196.05 908.16 1196.96 914.5 1183.24 916.45 small_vehicle
852.01 676.11 852.8 685.87 847.87 686.27 847.08 676.51 small_vehicle
876.42 795.36 875.16 785.65 880.06 785.02 881.32 794.73 small_vehicle
872.07 978.82 870.22 989.09 865.48 988.24 867.33 977.97 small_vehicle
966.5 606.01 955.75 606.57 955.51 601.92 966.26 601.36 small_vehicle
878.08 598.71 870.43 599.13 870.19 594.81 877.84 594.39 small_vehicle
1122.15 902.92 1132.19 902.89 1132.2 907.58 1122.16 907.61 small_vehicle
986.37 979.81 976.96 985.71 974.23 981.35 983.64 975.45 small_vehicle
843.76 1046.24 832.94 1046.98 832.58 1041.73 843.4 1040.99 small_vehicle
934.28 913.33 926.84 918.0 924.34 914.01 931.78 909.34 small_vehicle
37.49 296.79 33.87 299.85 27.4 292.22 31.02 289.16 small_vehicle
1093.49 1091.35 1099.66 1100.04 1095.44 1103.04 1089.27 1094.35 small_vehicle
859.71 1030.99 849.0 1030.33 849.33 1025.07 860.04 1025.73 small_vehicle
1246.87 607.6 1247.46 618.13 1242.33 618.42 1241.74 607.89 small_vehicle
865.12 979.19 865.29 990.01 859.71 990.1 859.54 979.28 small_vehicle
988.67 526.65 989.28 537.49 984.16 537.77 983.55 526.93 small_vehicle
1022.9 1054.1 1030.59 1060.48 1028.16 1063.42 1020.47 1057.04 small_vehicle
979.74 526.38 969.35 528.18 968.6 523.83 978.99 522.03 small_vehicle
1063.17 884.35 1054.77 892.62 1050.87 888.66 1059.27 880.39 small_vehicle
1108.9 981.88 1115.82 986.85 1105.34 1001.43 1098.42 996.46 medium_vehicle
674.24 284.07 667.04 288.7 664.87 285.34 672.07 280.71 small_vehicle
913.7 641.97 912.18 653.71 907.94 653.16 909.46 641.42 medium_vehicle
728.81 277.98 720.68 283.22 718.51 279.85 726.64 274.61 small_vehicle
939.19 966.51 930.1 964.16 931.41 959.07 940.5 961.42 small_vehicle
778.09 322.32 766.29 323.6 765.85 319.63 777.65 318.35 small_vehicle
793.1 695.96 788.62 687.63 793.45 685.02 797.93 693.35 small_vehicle
645.26 837.49 646.43 841.85 637.19 844.33 636.02 839.97 small_vehicle
1192.35 495.03 1193.07 501.58 1175.91 503.47 1175.19 496.92 medium_vehicle
1180.81 1133.28 1188.22 1133.02 1189.03 1156.25 1181.62 1156.51 medium_vehicle
983.48 525.34 984.14 537.08 979.01 537.37 978.35 525.63 small_vehicle
660.61 847.44 664.08 851.14 656.98 857.81 653.51 854.11 small_vehicle
916.7 892.63 909.9 896.89 907.64 893.3 914.44 889.04 small_vehicle
840.37 375.76 831.8 376.07 831.65 372.07 840.22 371.76 small_vehicle
853.75 948.52 843.74 948.45 843.77 943.93 853.78 944.0 small_vehicle
1159.67 1249.28 1157.46 1245.09 1166.54 1240.31 1168.75 1244.5 small_vehicle
876.67 750.89 866.56 750.06 866.96 745.13 877.07 745.96 large_vehicle
1089.76 1062.56 1096.4 1056.85 1109.35 1071.92 1102.71 1077.63 medium_vehicle
840.32 979.58 829.04 979.51 829.07 974.31 840.35 974.38 small_vehicle
1172.94 496.97 1173.66 503.52 1156.5 505.42 1155.78 498.87 medium_vehicle
1122.26 887.08 1131.52 882.74 1133.46 886.87 1124.2 891.21 small_vehicle
637.89 827.96 638.59 832.43 628.56 833.98 627.86 829.51 small_vehicle
850.95 971.74 843.8 971.57 843.87 968.52 851.02 968.69 small_vehicle
1241.32 592.07 1241.84 601.46 1237.23 601.72 1236.71 592.33 small_vehicle
1255.24 628.8 1258.78 636.79 1254.09 638.86 1250.55 630.87 small_vehicle
475.8 396.88 471.07 396.57 471.73 386.33 476.46 386.64 small_vehicle
1085.61 896.88 1092.72 903.58 1088.82 907.72 1081.71 901.02 small_vehicle
1260.57 641.0 1264.3 649.43 1259.6 651.51 1255.87 643.08 small_vehicle
892.98 1051.34 901.34 1058.68 897.83 1062.67 889.47 1055.33 small_vehicle
1005.58 1036.21 1011.03 1044.58 1007.22 1047.07 1001.77 1038.7 small_vehicle
1172.89 1153.48 1177.34 1159.85 1160.59 1171.58 1156.14 1165.21 medium_vehicle
1065.78 885.55 1073.63 892.95 1070.42 896.37 1062.57 888.97 small_vehicle
501.21 409.58 497.44 406.71 503.66 398.54 507.43 401.41 small_vehicle
827.96 376.9 817.85 378.7 817.14 374.77 827.25 372.97 small_vehicle
993.77 525.35 994.36 535.87 989.24 536.15 988.65 525.63 small_vehicle
512.48 1204.87 509.29 1200.65 519.02 1193.29 522.21 1197.51 small_vehicle
482.05 399.16 477.35 398.55 478.68 388.37 483.38 388.98 small_vehicle
1074.62 884.66 1084.28 893.76 1080.37 897.91 1070.71 888.81 medium_vehicle
1231.79 832.83 1226.54 840.3 1222.89 837.75 1228.14 830.28 small_vehicle
