857.56 297.71 856.31 290.54 877.1 286.91 878.35 294.08 bus
246.01 417.79 250.83 424.3 233.14 437.38 228.32 430.87 bus
667.56 71.25 671.76 76.84 654.03 90.15 649.83 84.56 bus
1015.57 -3.59 1022.69 3.98 1019.06 7.4 1011.94 -0.17 medium_vehicle
459.16 255.43 463.46 261.24 454.38 267.95 450.08 262.14 bus
939.31 51.44 946.54 59.36 942.53 63.02 935.3 55.1 medium_vehicle
20.37 288.31 26.28 288.49 25.93 300.35 20.02 300.17 medium_vehicle
946.62 197.46 949.64 202.16 931.35 213.9 928.33 209.2 bus
990.52 1221.49 995.14 1218.91 1000.8 1229.03 996.18 1231.61 medium_vehicle
42.63 475.23 42.61 483.12 20.07 483.08 20.09 475.19 bus
959.04 270.69 961.42 275.85 943.45 284.12 941.07 278.96 bus
46.06 71.27 51.93 76.0 37.49 93.89 31.62 89.16 bus
960.6 251.76 963.81 258.73 944.64 267.55 941.43 260.58 bus
960.96 282.07 964.21 288.57 946.94 297.18 943.69 290.68 bus
275.35 145.4 280.53 141.91 291.65 158.4 286.47 161.89 bus
428.87 255.22 433.26 260.9 419.9 271.23 415.51 265.55 bus
25.14 46.96 31.4 52.02 17.32 69.47 11.06 64.41 bus
860.97 334.86 858.51 328.21 879.27 320.54 881.73 327.19 bus
558.46 112.71 561.41 120.1 539.08 129.03 536.13 121.64 bus
960.04 381.67 964.94 378.54 975.98 395.81 971.08 398.94 bus
981.54 330.56 985.21 337.12 965.41 348.19 961.74 341.63 bus
988.81 1244.83 998.25 1239.55 1000.98 1244.43 991.54 1249.71 medium_vehicle
872.93 138.89 880.01 141.1 873.28 162.7 866.2 160.49 bus
944.61 192.87 947.63 197.57 929.34 209.31 926.32 204.61 bus
862.82 343.9 860.48 336.94 880.67 330.15 883.01 337.11 bus
958.74 247.31 960.78 251.74 943.09 259.87 941.05 255.44 bus
868.54 199.8 864.54 193.46 883.3 181.64 887.3 187.98 bus
923.66 155.3 927.28 160.87 908.65 172.96 905.03 167.39 bus
91.73 622.92 97.82 627.94 82.59 646.41 76.5 641.39 bus
270.27 399.66 275.04 406.1 258.45 418.37 253.68 411.93 bus
458.97 232.64 463.36 238.32 445.17 252.38 440.78 246.7 bus
948.68 203.91 953.12 210.93 934.67 222.59 930.23 215.57 bus
942.65 187.66 945.66 192.35 926.8 204.46 923.79 199.77 bus
552.81 182.98 557.06 188.33 543.64 199.0 539.39 193.65 bus
956.75 221.99 959.99 228.8 939.92 238.38 936.68 231.57 bus
865.86 181.7 862.38 175.77 881.79 164.39 885.27 170.32 bus
970.61 303.15 974.15 309.51 955.59 319.84 952.05 313.48 bus
865.45 176.31 862.38 171.08 881.79 159.69 884.86 164.92 bus
108.97 623.76 111.89 628.76 103.59 633.61 100.67 628.61 medium_vehicle
938.32 178.06 942.11 184.72 920.95 196.79 917.16 190.13 bus
946.89 419.59 951.3 416.83 957.25 426.31 952.84 429.07 medium_vehicle
411.48 268.62 416.04 274.15 398.52 288.59 393.96 283.06 bus
761.72 25.0 766.19 30.59 748.25 44.91 743.78 39.32 bus
318.15 362.74 321.5 367.27 310.63 375.31 307.28 370.78 bus
951.25 399.8 956.32 396.98 963.75 410.33 958.68 413.15 medium_vehicle
341.56 344.97 344.91 349.49 333.66 357.82 330.31 353.3 bus
870.48 210.44 867.1 203.76 887.31 193.55 890.69 200.23 bus
891.41 170.13 897.72 168.09 904.55 189.23 898.24 191.27 bus
996.82 33.28 986.83 24.13 990.99 19.59 1000.98 28.74 medium_vehicle
927.13 160.25 931.25 166.07 912.87 179.08 908.75 173.26 bus
959.22 276.74 961.68 282.08 945.62 289.47 943.16 284.13 bus
912.58 130.41 916.65 136.67 898.02 148.77 893.95 142.51 bus
82.08 288.92 82.05 295.92 59.05 295.79 59.08 288.79 bus
578.16 164.47 582.3 170.32 563.54 183.61 559.4 177.76 bus
955.45 217.63 957.63 222.2 937.92 231.6 935.74 227.03 bus
245.26 108.77 250.09 104.8 262.74 120.15 257.91 124.12 bus
919.04 141.71 922.84 148.14 903.73 159.44 899.93 153.01 bus
864.27 234.37 862.09 228.02 883.51 220.68 885.69 227.03 bus
865.29 240.74 863.1 234.35 882.76 227.62 884.95 234.01 bus
1173.75 880.0 1183.27 872.85 1187.59 878.61 1178.07 885.76 container
961.8 45.35 969.86 53.25 966.06 57.13 958.0 49.23 medium_vehicle
909.18 266.93 915.73 265.9 919.04 286.8 912.49 287.83 bus
492.78 229.78 496.64 235.01 478.39 248.51 474.53 243.28 bus
946.22 404.78 950.97 401.65 962.42 419.08 957.67 422.21 large_vehicle
212.86 437.18 217.55 443.52 199.2 457.09 194.51 450.75 bus
309.4 193.01 314.74 188.75 327.98 205.34 322.64 209.6 bus
956.68 236.54 959.65 242.77 942.07 251.15 939.1 244.92 bus
1002.54 22.17 993.38 15.16 996.41 11.19 1005.57 18.2 medium_vehicle
290.45 384.0 293.8 388.53 276.47 401.35 273.12 396.82 bus
866.05 187.3 862.57 181.37 881.99 169.98 885.47 175.91 bus
381.47 314.71 385.57 320.25 374.32 328.58 370.22 323.04 bus
301.76 159.85 299.83 165.44 289.4 161.85 291.33 156.26 medium_vehicle
975.12 62.21 985.54 53.83 990.32 59.78 979.9 68.16 medium_vehicle
635.53 119.89 638.5 123.62 626.27 133.34 623.3 129.61 bus
1010.28 -0.77 1018.0 7.44 1013.85 11.34 1006.13 3.12 medium_vehicle
553.53 176.13 557.79 181.48 539.92 195.69 535.66 190.34 bus
858.05 275.06 856.8 267.89 877.09 264.35 878.34 271.52 bus
16.93 112.9 10.88 107.61 26.03 90.31 32.08 95.6 bus
15.51 276.6 11.01 280.76 1.45 270.43 5.95 266.27 bus
1156.73 870.38 1172.45 858.57 1176.4 863.84 1160.68 875.65 large_vehicle
882.41 366.76 879.19 361.92 893.29 352.56 896.51 357.4 large_vehicle
877.91 379.29 873.72 372.68 892.38 360.84 896.57 367.45 bus
939.71 183.96 943.04 189.58 924.37 200.66 921.04 195.04 bus
