1143.04 191.06 1161.44 196.02 1160.13 200.85 1141.73 195.89 bus
188.17 995.6 185.21 975.33 192.63 974.25 195.59 994.52 bus
85.61 704.22 106.0 693.24 109.7 700.13 89.31 711.11 bus
468.55 518.93 481.81 514.9 483.8 521.45 470.54 525.48 medium_vehicle
1008.65 341.51 1019.26 320.6 1026.92 324.49 1016.31 345.4 bus
927.38 1057.81 924.23 1043.38 930.8 1041.94 933.95 1056.37 medium_vehicle
1018.78 304.34 1029.0 279.54 1037.29 282.96 1027.07 307.76 bus
1189.04 333.95 1184.85 311.3 1193.1 309.77 1197.29 332.42 bus
1124.84 522.81 1146.22 513.15 1149.69 520.83 1128.31 530.49 bus
499.23 1028.55 498.61 1017.13 504.02 1016.84 504.64 1028.26 medium_vehicle
8.95 435.42 28.18 424.41 31.88 430.87 12.65 441.88 bus
715.65 1255.16 735.05 1246.36 738.04 1252.93 718.64 1261.73 bus
533.85 1018.65 532.93 1008.73 536.98 1008.36 537.9 1018.28 medium_vehicle
541.62 1025.01 531.63 1027.99 530.1 1022.87 540.09 1019.89 medium_vehicle
1045.73 212.09 1055.11 190.62 1061.49 193.4 1052.11 214.87 bus
35.17 751.35 44.88 742.45 48.76 746.68 39.05 755.58 medium_vehicle
1083.83 851.82 1092.61 828.7 1101.23 831.97 1092.45 855.09 bus
337.93 1264.46 332.42 1244.3 339.46 1242.37 344.97 1262.53 bus
532.53 1008.52 531.6 998.3 535.25 997.97 536.18 1008.19 medium_vehicle
735.29 1244.43 755.49 1233.83 759.1 1240.7 738.9 1251.3 bus
631.79 537.07 639.1 526.63 643.74 529.88 636.43 540.32 medium_vehicle
795.43 1250.41 776.79 1262.79 772.8 1256.78 791.44 1244.4 bus
503.83 1027.21 503.29 1017.13 508.7 1016.84 509.24 1026.92 medium_vehicle
345.45 237.52 363.93 225.28 368.42 232.06 349.94 244.3 bus
331.61 735.35 330.72 725.73 336.18 725.22 337.07 734.84 medium_vehicle
508.87 1023.18 508.28 1012.35 513.7 1012.06 514.29 1022.89 medium_vehicle
525.25 1020.44 524.35 1010.77 528.39 1010.39 529.29 1020.06 medium_vehicle
758.27 1233.05 776.17 1221.86 779.85 1227.75 761.95 1238.94 bus
470.18 514.55 483.0 510.65 484.69 516.23 471.87 520.13 medium_vehicle
1208.24 187.4 1217.09 166.94 1223.82 169.85 1214.97 190.31 bus
512.08 1018.13 510.72 1008.83 515.33 1008.16 516.69 1017.46 medium_vehicle
529.94 1018.96 529.04 1009.28 533.09 1008.91 533.99 1018.59 medium_vehicle
491.02 506.02 489.93 494.04 495.66 493.51 496.75 505.49 medium_vehicle
1076.36 268.13 1086.85 271.04 1085.44 276.1 1074.95 273.19 medium_vehicle
1059.03 184.05 1068.41 162.58 1074.79 165.37 1065.41 186.84 bus
1113.02 306.29 1102.27 329.44 1094.4 325.79 1105.15 302.64 bus
540.93 1007.22 539.13 995.42 544.29 994.63 546.09 1006.43 medium_vehicle
538.52 1021.57 537.03 1010.22 542.41 1009.51 543.9 1020.86 medium_vehicle
516.16 492.16 516.46 479.04 522.79 479.18 522.49 492.3 medium_vehicle
1215.59 265.11 1219.13 238.22 1226.7 239.21 1223.16 266.1 large_vehicle
912.63 1148.66 921.72 1139.41 926.25 1143.87 917.16 1153.12 medium_vehicle
478.06 510.21 474.62 501.25 478.99 499.58 482.43 508.54 medium_vehicle
74.94 703.93 83.6 697.82 86.43 701.83 77.77 707.94 medium_vehicle
352.51 1274.76 350.62 1266.59 354.87 1265.61 356.76 1273.78 medium_vehicle
1093.05 163.56 1112.12 168.1 1110.51 174.87 1091.44 170.33 bus
1121.78 662.13 1118.37 639.01 1126.16 637.86 1129.57 660.98 bus
532.45 484.47 528.22 473.38 533.13 471.51 537.36 482.6 medium_vehicle
536.26 1009.78 534.48 998.18 539.64 997.39 541.42 1008.99 medium_vehicle
225.87 1237.82 223.16 1217.3 230.22 1216.37 232.93 1236.89 bus
546.99 1015.56 546.11 1006.14 550.18 1005.76 551.06 1015.18 medium_vehicle
1130.33 312.21 1119.58 335.37 1111.07 331.42 1121.82 308.26 bus
446.62 1034.01 463.45 1026.87 465.86 1032.55 449.03 1039.69 large_vehicle
467.92 514.66 466.96 505.54 471.4 505.08 472.36 514.2 medium_vehicle
174.25 583.81 191.76 570.23 196.94 576.92 179.43 590.5 bus
334.52 1185.14 332.14 1174.79 336.31 1173.83 338.69 1184.18 medium_vehicle
527.77 1009.46 527.46 1000.06 532.11 999.91 532.42 1009.31 medium_vehicle
1117.69 185.8 1137.43 189.89 1136.47 194.53 1116.73 190.44 bus
1048.53 328.98 1039.19 347.96 1031.49 344.17 1040.83 325.19 bus
1090.13 302.77 1078.76 323.98 1071.38 320.02 1082.75 298.81 bus
375.77 1232.44 398.93 1223.54 402.65 1233.24 379.49 1242.14 heavy_equipment
481.94 599.6 477.9 580.95 483.53 579.73 487.57 598.38 large_vehicle
1146.16 278.87 1155.97 255.97 1163.68 259.27 1153.87 282.17 bus
664.48 60.99 678.74 74.15 674.22 79.05 659.96 65.89 bus
542.97 1017.84 542.0 1007.42 546.07 1007.04 547.04 1017.46 medium_vehicle
1075.21 285.02 1095.27 291.01 1093.34 297.48 1073.28 291.49 bus
183.14 955.95 179.62 943.77 185.19 942.16 188.71 954.34 medium_vehicle
1112.18 168.22 1133.08 173.2 1131.47 179.97 1110.57 174.99 bus
1062.99 334.35 1054.34 353.96 1046.49 350.5 1055.14 330.89 bus
1125.49 571.44 1134.73 550.58 1141.93 553.77 1132.69 574.63 bus
1122.33 308.52 1111.58 331.67 1105.29 328.75 1116.04 305.6 bus
545.27 1006.0 543.47 994.19 548.62 993.4 550.42 1005.21 medium_vehicle
1221.7 205.08 1228.26 183.77 1235.49 185.99 1228.93 207.3 bus
1102.64 292.88 1123.55 297.36 1122.12 304.02 1101.21 299.54 bus
1103.87 302.87 1093.13 326.03 1086.29 322.86 1097.03 299.7 bus
472.4 512.88 470.09 504.01 474.4 502.89 476.71 511.76 medium_vehicle
1173.18 274.37 1195.21 261.6 1199.72 269.38 1177.69 282.15 bus
524.15 1010.9 522.22 1001.71 526.78 1000.75 528.71 1009.94 medium_vehicle
1072.06 296.55 1062.16 317.89 1055.31 314.71 1065.21 293.37 bus
1048.45 278.09 1069.92 283.28 1068.19 290.4 1046.72 285.21 bus
550.9 1013.28 550.11 1004.74 554.18 1004.36 554.97 1012.9 medium_vehicle
1079.56 297.53 1069.44 319.34 1062.6 316.16 1072.72 294.35 bus
799.0 784.04 796.8 772.5 802.32 771.45 804.52 782.99 medium_vehicle
1195.55 219.98 1203.2 198.74 1210.1 201.22 1202.45 222.46 bus
993.61 875.85 1014.29 877.05 1013.89 884.04 993.21 882.84 bus
1178.54 234.15 1185.61 210.27 1194.11 212.79 1187.04 236.67 bus
