586.5 874.64 592.74 872.87 599.8 897.82 593.56 899.59 container
594.5 898.69 600.7 897.68 604.41 920.34 598.21 921.35 container
598.3 920.1 604.74 919.31 607.54 942.09 601.1 942.88 container
565.53 951.97 564.31 944.81 577.51 942.55 578.73 949.71 container
608.33 954.01 612.31 958.08 603.0 967.19 599.02 963.12 container
612.9 941.98 618.54 942.76 616.75 955.67 611.11 954.89 container
605.6 942.19 610.97 942.19 610.97 955.23 605.6 955.23 container
599.99 940.3 605.2 940.3 605.2 953.33 599.99 953.33 container
594.69 938.88 600.25 938.88 600.25 953.13 594.69 953.13 container
589.59 938.18 595.15 938.18 595.15 952.44 589.59 952.44 container
584.29 938.18 589.84 938.18 589.84 952.44 584.29 952.44 container
579.1 937.9 584.07 937.9 584.07 952.15 579.1 952.15 container
563.0 951.45 568.2 951.45 568.2 966.34 563.0 966.34 container
552.2 950.82 557.66 950.65 558.13 965.54 552.67 965.71 container
546.74 950.14 551.88 950.14 551.88 965.04 546.74 965.04 container
541.74 950.85 546.88 950.85 546.88 965.74 541.74 965.74 container
536.74 950.75 541.88 950.75 541.88 965.64 536.74 965.64 container
531.64 950.85 536.78 950.85 536.78 965.74 531.64 965.74 container
526.84 951.04 531.98 951.04 531.98 965.94 526.84 965.94 container
521.2 951.04 526.34 951.04 526.34 965.94 521.2 965.94 container
516.29 951.1 521.54 951.1 521.54 965.99 516.29 965.99 container
554.0 1103.09 559.6 1103.09 559.6 1117.73 554.0 1117.73 container
548.0 1101.75 553.21 1101.75 553.21 1116.23 548.0 1116.23 container
542.7 1101.25 547.91 1101.25 547.91 1115.73 542.7 1115.73 container
537.7 1100.84 542.91 1100.84 542.91 1115.33 537.7 1115.33 container
532.4 1100.25 537.61 1100.25 537.61 1114.73 532.4 1114.73 container
526.9 1099.9 532.11 1099.9 532.11 1114.38 526.9 1114.38 container
521.99 1099.7 527.2 1099.7 527.2 1114.18 521.99 1114.18 container
517.4 1099.4 522.23 1099.4 522.23 1113.98 517.4 1113.98 container
512.28 1098.5 517.53 1098.5 517.53 1113.78 512.28 1113.78 container
506.98 1098.4 512.23 1098.4 512.23 1113.6 506.98 1113.6 container
553.78 1118.2 559.68 1118.2 559.68 1143.47 553.78 1143.47 container
548.99 1117.09 554.04 1117.09 554.04 1141.88 548.99 1141.88 container
543.83 1116.19 548.89 1116.19 548.89 1142.37 543.83 1142.37 container
538.79 1115.95 543.85 1115.95 543.85 1142.13 538.79 1142.13 container
532.9 1115.95 538.92 1115.95 538.92 1142.13 532.9 1142.13 container
522.7 1115.83 528.95 1115.83 528.95 1142.01 522.7 1142.01 container
517.34 1115.71 522.59 1115.71 522.59 1141.89 517.34 1141.89 container
511.82 1116.0 517.06 1116.0 517.06 1142.19 511.82 1142.19 container
364.5 1216.61 390.34 1216.98 390.23 1224.79 364.39 1224.42 container
362.57 1223.83 388.4 1223.56 388.47 1230.69 362.64 1230.96 container
339.7 1215.03 364.84 1215.56 364.67 1223.73 339.53 1223.2 container
397.77 1025.96 404.28 1025.86 404.69 1051.44 398.18 1051.54 container
442.45 1001.05 468.65 1001.37 468.54 1009.75 442.34 1009.43 container
443.46 1009.74 469.42 1010.05 469.31 1018.44 443.35 1018.13 container
444.34 1023.1 470.88 1023.71 470.71 1031.23 444.17 1030.62 container
444.62 1030.3 471.14 1031.32 470.91 1037.11 444.39 1036.09 container
614.01 956.14 619.56 956.74 616.83 981.87 611.28 981.27 container
603.22 983.8 608.46 983.89 608.01 1009.17 602.77 1009.08 container
598.17 983.96 603.76 984.12 603.01 1009.4 597.42 1009.24 container
592.7 985.71 598.6 985.89 597.91 1009.01 592.01 1008.83 container
593.97 960.42 599.87 960.6 599.12 985.87 593.22 985.69 container
609.38 983.66 615.87 983.74 615.56 1009.37 609.07 1009.29 container
594.62 1009.36 601.11 1009.44 600.82 1032.39 594.33 1032.31 container
587.18 982.06 592.43 982.13 592.12 1007.93 586.87 1007.86 container
582.35 981.83 587.59 981.96 586.93 1009.02 581.69 1008.89 container
577.32 981.33 582.56 981.45 581.86 1010.03 576.62 1009.91 container
572.5 980.8 577.75 981.02 576.66 1007.02 571.41 1006.8 container
567.17 980.2 572.41 980.42 571.35 1005.72 566.11 1005.5 container
562.17 980.1 567.41 980.32 566.35 1005.62 561.11 1005.4 container
556.77 979.5 562.01 979.72 560.95 1005.02 555.71 1004.8 container
551.57 978.8 556.81 979.02 555.75 1004.32 550.51 1004.1 container
546.87 979.0 552.11 979.22 551.05 1004.52 545.81 1004.3 container
541.57 978.6 546.81 978.82 545.75 1004.12 540.51 1003.9 container
536.47 977.6 541.71 977.82 540.65 1003.12 535.41 1002.9 container
531.47 976.2 536.71 976.42 535.65 1001.72 530.41 1001.5 container
526.17 975.7 531.41 975.92 530.35 1001.22 525.11 1001.0 container
516.19 974.36 521.43 974.58 520.37 999.88 515.13 999.66 container
659.68 923.04 666.24 923.51 664.38 949.5 657.82 949.03 container
654.76 922.43 659.99 922.81 658.18 948.06 652.95 947.68 container
649.38 923.02 655.07 923.43 653.35 947.45 647.66 947.04 container
656.64 948.78 663.33 949.26 661.45 975.5 654.76 975.02 container
651.36 947.65 656.45 948.01 654.57 974.25 649.48 973.89 container
646.42 947.19 651.51 947.55 649.67 973.31 644.58 972.95 container
640.59 947.21 646.61 947.64 644.83 972.47 638.81 972.04 container
635.41 946.98 640.34 947.33 638.56 972.16 633.63 971.81 container
650.97 1049.48 657.29 1049.78 656.07 1074.64 649.75 1074.34 container
641.66 1045.9 648.07 1045.89 648.12 1072.5 641.71 1072.51 container
634.57 1047.38 640.3 1047.37 640.35 1073.5 634.62 1073.51 container
629.57 1020.9 636.09 1020.89 636.14 1047.09 629.62 1047.1 container
622.07 1019.3 628.41 1019.29 628.46 1045.42 622.12 1045.43 container
617.79 1045.35 623.75 1045.44 623.34 1072.06 617.38 1071.97 container
612.82 1047.25 618.22 1047.34 617.83 1072.73 612.43 1072.64 container
606.97 1046.79 612.93 1046.88 612.54 1072.04 606.58 1071.95 container
599.99 1026.15 606.48 1026.51 605.18 1049.77 598.69 1049.41 container
597.78 1049.42 603.69 1049.64 602.89 1071.37 596.98 1071.15 container
595.98 1070.95 602.28 1071.04 601.95 1094.36 595.65 1094.27 container
594.67 1094.14 600.97 1094.23 600.62 1119.87 594.32 1119.78 container
593.86 1122.15 600.35 1122.24 600.04 1144.33 593.55 1144.24 container
573.44 1143.3 599.53 1144.3 599.3 1150.09 573.21 1149.09 container
573.2 1149.0 599.29 1150.0 599.1 1154.89 573.01 1153.89 container
573.6 1153.8 599.69 1154.8 599.5 1159.69 573.41 1158.69 container
573.29 1158.3 599.38 1159.3 599.19 1164.19 573.1 1163.19 container
573.34 1163.1 599.43 1164.1 599.22 1169.59 573.13 1168.59 container
573.08 1168.3 599.18 1169.3 599.0 1173.97 572.9 1172.97 container
572.81 1172.5 598.89 1173.5 598.7 1178.54 572.62 1177.54 container
572.4 1177.15 598.48 1178.15 598.31 1182.74 572.23 1181.74 container
571.69 1181.41 597.77 1182.41 597.6 1187.0 571.52 1186.0 container
571.27 1185.55 597.7 1186.56 597.49 1192.01 571.06 1191.0 container
571.19 1190.99 597.63 1192.0 597.42 1197.44 570.98 1196.43 container
571.01 1197.58 597.45 1198.27 597.35 1202.18 570.91 1201.49 container
570.91 1201.58 597.35 1202.27 597.25 1206.18 570.81 1205.49 container
570.83 1205.73 597.27 1206.42 597.17 1210.34 570.73 1209.65 container
566.44 1218.9 566.64 1212.59 596.59 1213.53 596.39 1219.84 large_vehicle
570.71 1209.24 597.16 1209.93 597.02 1215.33 570.57 1214.64 container
624.92 1221.18 624.67 1229.8 597.98 1229.01 598.23 1220.39 container
588.6 1231.3 594.27 1231.3 594.27 1256.36 588.6 1256.36 container
594.08 1230.16 600.13 1230.16 600.13 1258.32 594.08 1258.32 container
447.82 1280.46 442.3 1280.39 442.51 1265.48 448.03 1265.55 large_vehicle
421.26 1268.81 418.64 1260.97 439.3 1254.05 441.92 1261.89 large_vehicle
489.75 1262.91 490.27 1253.84 512.52 1255.12 512.0 1264.19 large_vehicle
209.91 1265.89 215.33 1261.74 227.32 1277.43 221.9 1281.58 large_vehicle
198.36 1258.59 204.91 1256.67 210.79 1276.64 204.24 1278.56 large_vehicle
237.49 1260.59 236.17 1253.91 256.03 1249.98 257.35 1256.66 large_vehicle
368.81 1237.67 368.63 1230.85 388.86 1230.32 389.04 1237.14 large_vehicle
343.06 1237.73 344.3 1229.85 365.27 1233.17 364.03 1241.05 large_vehicle
345.92 1246.2 347.1 1238.76 367.78 1242.04 366.6 1249.48 large_vehicle
369.69 1284.65 363.87 1279.86 375.78 1265.36 381.6 1270.15 large_vehicle
238.59 1118.42 231.87 1117.12 238.23 1084.41 244.95 1085.71 large_vehicle
241.22 1078.7 234.5 1077.39 239.04 1054.03 245.76 1055.34 large_vehicle
256.18 1073.98 249.51 1072.4 254.18 1052.65 260.85 1054.23 large_vehicle
260.84 1027.83 253.57 1025.98 261.65 994.26 268.92 996.11 large_vehicle
273.21 1013.61 266.09 1009.94 281.05 980.82 288.17 984.49 large_vehicle
521.6 1011.55 513.73 1015.97 495.57 983.62 503.44 979.2 large_vehicle
700.84 1028.38 692.89 1028.24 693.46 995.75 701.41 995.89 large_vehicle
693.6 1071.12 684.96 1070.97 685.53 1038.46 694.17 1038.61 large_vehicle
669.95 1060.55 661.81 1060.41 662.36 1028.66 670.5 1028.8 large_vehicle
641.07 1106.7 639.26 1115.34 609.27 1109.07 611.08 1100.43 large_vehicle
674.8 1190.78 681.46 1195.59 661.72 1222.97 655.06 1218.16 large_vehicle
674.42 1229.87 680.05 1236.37 654.53 1258.48 648.9 1251.98 large_vehicle
599.72 1183.59 604.25 1175.54 635.45 1193.11 630.92 1201.16 large_vehicle
609.75 1156.39 617.57 1153.44 629.18 1184.16 621.36 1187.11 large_vehicle
611.3 1142.87 617.96 1139.65 632.25 1169.22 625.59 1172.44 large_vehicle
619.59 1140.84 625.45 1137.84 640.86 1167.97 635.0 1170.97 large_vehicle
697.52 1134.87 737.04 1137.84 726.04 1284.05 686.52 1281.08 large_vessel
206.04 1003.21 245.82 1011.3 208.88 1192.89 169.1 1184.8 large_vessel
521.37 975.2 526.61 975.42 525.55 1000.72 520.31 1000.5 container
471.28 1080.31 477.6 1080.58 476.64 1102.58 470.32 1102.31 container
278.62 1238.13 284.34 1238.06 284.49 1249.72 278.77 1249.79 container
284.95 1219.09 290.67 1219.02 290.84 1233.52 285.12 1233.59 container
291.31 1236.49 297.03 1236.42 297.2 1250.92 291.48 1250.99 container
442.09 1222.59 467.22 1222.59 467.22 1230.2 442.09 1230.2 container
390.52 1025.37 397.02 1024.89 398.89 1049.72 392.39 1050.2 container
420.11 989.13 445.41 986.65 446.22 994.87 420.92 997.35 container
627.07 1230.75 628.57 1235.35 619.16 1238.41 617.66 1233.81 small_vehicle
609.84 1200.05 610.15 1204.73 600.96 1205.33 600.65 1200.65 small_vehicle
475.49 886.08 479.77 885.79 480.41 895.15 476.13 895.44 small_vehicle
436.55 964.24 443.17 988.94 437.94 990.34 431.32 965.64 container
691.41 1108.14 696.1 1108.19 695.97 1118.08 691.28 1118.03 small_vehicle
432.91 1001.98 437.53 1002.78 435.83 1012.52 431.21 1011.72 small_vehicle
224.68 1166.68 217.96 1165.37 222.11 1144.01 228.83 1145.32 large_vehicle
689.71 1134.72 693.56 1134.87 693.27 1142.44 689.42 1142.29 small_vehicle
666.11 1161.08 670.68 1161.54 669.75 1170.91 665.18 1170.45 small_vehicle
265.53 1094.9 271.74 1095.88 268.05 1119.44 261.84 1118.46 container
263.75 1128.88 267.5 1129.11 266.91 1138.51 263.16 1138.28 small_vehicle
273.45 1074.69 276.93 1075.15 275.97 1082.44 272.49 1081.98 small_vehicle
307.5 994.3 315.35 994.3 315.35 1000.52 307.5 1000.52 small_vehicle
276.71 1048.31 281.87 1048.79 280.78 1060.61 275.62 1060.13 small_vehicle
419.46 1063.04 424.14 1063.2 423.84 1072.28 419.16 1072.12 small_vehicle
472.28 1012.08 478.61 1011.74 479.89 1035.35 473.56 1035.69 container
473.65 1034.65 479.98 1034.7 479.79 1057.04 473.46 1056.99 container
473.49 1057.69 479.42 1057.95 478.44 1080.26 472.51 1080.0 container
476.71 1088.19 482.44 1088.36 482.01 1102.86 476.28 1102.69 container
480.66 1100.42 486.38 1100.59 485.95 1115.1 480.23 1114.93 container
416.31 1219.78 441.45 1219.78 441.45 1228.58 416.31 1228.58 container
514.4 1142.17 538.9 1143.67 538.58 1148.84 514.08 1147.34 container
513.81 1147.13 538.4 1148.63 538.04 1154.44 513.45 1152.94 container
539.25 1142.48 552.86 1142.71 552.77 1148.05 539.16 1147.82 container
539.19 1147.98 552.74 1148.21 552.66 1152.82 539.11 1152.59 container
539.18 1152.72 552.74 1152.95 552.67 1157.32 539.11 1157.09 container
539.18 1157.22 552.74 1157.45 552.67 1161.82 539.11 1161.59 container
539.68 1161.81 553.25 1162.04 553.18 1166.41 539.61 1166.18 container
539.94 1165.98 553.51 1166.21 553.42 1171.2 539.85 1170.97 container
540.44 1171.24 553.69 1171.47 553.61 1176.0 540.36 1175.77 container
540.25 1175.75 553.5 1175.98 553.42 1180.51 540.17 1180.28 container
559.36 1138.68 572.61 1138.91 572.51 1144.63 559.26 1144.4 container
558.93 1144.5 572.2 1144.73 572.11 1149.51 558.84 1149.28 container
559.23 1149.4 572.49 1149.63 572.42 1154.05 559.16 1153.82 container
558.93 1153.8 572.19 1154.03 572.12 1158.45 558.86 1158.22 container
559.03 1158.4 572.29 1158.63 572.22 1163.05 558.96 1162.82 container
559.03 1162.96 572.29 1163.19 572.22 1167.61 558.96 1167.38 container
559.03 1168.36 572.29 1168.59 572.22 1172.49 558.96 1172.26 container
559.22 1172.18 572.48 1172.41 572.41 1176.32 559.15 1176.09 container
558.84 1175.13 572.1 1175.36 572.01 1180.91 558.75 1180.68 container
558.34 1180.58 571.37 1180.81 571.28 1186.36 558.25 1186.13 container
557.75 1188.48 571.21 1188.71 571.11 1194.36 557.65 1194.13 container
557.35 1194.31 571.21 1194.56 571.12 1199.62 557.26 1199.37 container
473.64 1113.63 479.97 1113.9 479.01 1135.9 472.68 1135.63 container
472.6 1136.48 478.51 1137.15 476.06 1159.03 470.15 1158.36 container
469.78 1159.13 475.68 1159.79 473.23 1181.68 467.33 1181.02 container
466.93 1180.63 472.84 1181.3 470.33 1203.68 464.42 1203.01 container
463.97 1202.89 469.88 1203.56 467.37 1225.94 461.46 1225.27 container
445.36 986.25 470.77 985.5 470.97 992.42 445.56 993.17 container
470.95 986.74 477.89 986.54 478.65 1012.17 471.71 1012.37 container
309.33 1001.84 322.71 1001.61 322.84 1008.88 309.46 1009.11 container
322.98 1002.56 347.4 1001.83 347.64 1009.65 323.22 1010.38 container
347.15 1001.79 371.3 998.1 372.63 1006.8 348.48 1010.49 container
371.2 997.63 395.24 993.3 396.8 1001.96 372.76 1006.29 container
394.97 993.2 419.64 988.36 421.34 996.99 396.67 1001.83 container
303.95 1002.33 309.56 1005.18 299.41 1025.09 293.8 1022.24 container
294.13 1023.59 299.18 1025.63 290.81 1046.36 285.76 1044.32 container
285.76 1045.06 291.08 1046.25 288.58 1057.37 283.26 1056.18 container
282.95 1055.92 288.32 1056.89 286.3 1068.11 280.93 1067.14 container
276.22 1088.02 281.59 1088.98 277.84 1109.81 272.47 1108.85 container
280.01 1066.91 285.38 1067.87 281.63 1088.7 276.26 1087.74 container
268.21 1123.93 274.48 1124.29 273.26 1145.41 266.99 1145.05 container
266.96 1144.93 273.22 1145.29 271.93 1167.67 265.67 1167.31 container
282.58 1189.31 287.54 1184.71 296.41 1194.25 291.45 1198.85 container
265.23 1170.34 270.18 1165.74 287.86 1184.77 282.91 1189.37 container
329.26 1136.25 334.95 1136.58 333.63 1158.65 327.94 1158.32 container
331.9 1127.93 356.88 1133.56 355.12 1141.34 330.14 1135.71 container
328.32 1155.02 353.84 1157.16 353.14 1165.45 327.62 1163.31 container
296.49 1191.84 317.19 1206.11 311.94 1213.72 291.24 1199.45 container
316.79 1206.56 340.29 1215.48 337.39 1223.12 313.89 1214.2 container
311.65 1267.66 340.39 1272.47 338.86 1281.65 310.12 1276.84 container
584.88 851.52 591.06 849.53 599.22 874.78 593.04 876.77 container
