690.49 1266.08 702.02 1266.03 702.05 1272.17 690.52 1272.22 medium_vehicle
704.22 1276.1 715.75 1276.05 715.76 1280.07 704.23 1280.12 medium_vehicle
159.46 916.21 165.46 916.18 165.53 933.82 159.53 933.85 medium_vehicle
153.81 713.94 160.02 708.79 172.06 723.3 165.85 728.45 medium_vehicle
158.5 729.86 164.32 727.98 170.11 745.92 164.29 747.8 medium_vehicle
80.54 715.19 86.32 713.32 91.87 730.51 86.09 732.38 medium_vehicle
311.22 806.69 317.57 804.64 322.25 819.12 315.9 821.17 medium_vehicle
302.6 786.07 307.91 784.82 310.52 795.93 305.21 797.18 medium_vehicle
299.03 760.56 304.9 758.82 309.0 772.69 303.13 774.43 medium_vehicle
275.72 759.44 282.1 757.55 290.34 785.35 283.96 787.24 large_vehicle
309.65 889.27 330.7 887.02 331.71 896.53 310.66 898.78 large_vehicle
465.91 706.56 485.72 701.69 487.82 710.23 468.01 715.1 large_vehicle
504.7 916.26 506.78 909.93 517.61 913.5 515.53 919.83 medium_vehicle
666.77 1247.9 672.67 1247.87 672.72 1262.31 666.82 1262.34 medium_vehicle
327.28 329.98 333.09 328.92 335.67 343.13 329.86 344.19 medium_vehicle
308.5 328.56 314.69 327.54 318.22 349.07 312.03 350.09 large_vehicle
314.95 328.14 321.95 326.99 325.4 348.07 318.4 349.22 large_vehicle
1179.27 378.3 1195.64 378.1 1195.72 384.68 1179.35 384.88 medium_vehicle
459.92 332.46 466.15 328.43 479.29 348.73 473.06 352.76 medium_vehicle
1021.43 1090.04 1036.48 1090.41 1036.28 1098.48 1021.23 1098.11 medium_vehicle
258.33 350.95 263.64 343.96 281.6 357.59 276.29 364.58 large_vehicle
488.09 398.73 496.33 397.38 501.67 429.97 493.43 431.32 large_vehicle
43.69 -0.06 61.69 -0.13 61.72 7.36 43.72 7.43 medium_vehicle
-1.96 4.78 10.99 2.75 12.22 10.61 -0.73 12.64 medium_vehicle
690.68 1218.36 717.18 1218.36 717.18 1227.53 690.68 1227.53 bus
136.64 1003.39 147.5 1003.6 147.39 1009.4 136.53 1009.19 medium_vehicle
896.57 1220.1 901.5 1218.74 904.72 1230.44 899.79 1231.8 medium_vehicle
866.65 1243.69 871.44 1241.22 876.95 1251.9 872.16 1254.37 medium_vehicle
861.64 1245.54 866.05 1243.26 871.68 1254.17 867.27 1256.45 medium_vehicle
878.48 1239.84 883.27 1237.37 888.94 1248.34 884.15 1250.81 medium_vehicle
104.79 1045.07 120.98 1045.52 120.8 1052.02 104.61 1051.57 medium_vehicle
37.7 1037.27 54.18 1037.73 54.0 1044.27 37.52 1043.81 medium_vehicle
1172.37 1043.03 1188.57 1042.88 1188.62 1049.38 1172.42 1049.53 medium_vehicle
1018.8 1061.07 1035.67 1062.13 1035.27 1068.54 1018.4 1067.48 medium_vehicle
671.75 1065.43 708.03 1066.57 707.7 1076.85 671.42 1075.71 large_vehicle
388.61 1067.51 403.11 1067.96 402.93 1073.66 388.43 1073.21 medium_vehicle
1049.2 1067.8 1070.18 1069.01 1069.6 1079.03 1048.62 1077.82 large_vehicle
889.59 1238.02 895.82 1235.16 901.45 1247.4 895.22 1250.26 medium_vehicle
