981.42 517.26 987.54 519.55 972.11 560.82 965.99 558.53 large_vehicle
880.46 1170.16 885.1 1143.26 893.71 1144.75 889.07 1171.65 medium_vessel
839.88 962.01 845.63 962.99 843.19 977.28 837.44 976.3 medium_vessel
866.04 986.01 877.57 987.22 876.96 992.98 865.43 991.77 medium_vehicle
892.04 1067.93 916.83 1069.92 916.22 1077.5 891.43 1075.51 medium_vessel
892.38 1076.23 916.16 1078.14 915.55 1085.73 891.77 1083.82 medium_vessel
584.72 976.88 589.18 978.14 585.63 990.69 581.17 989.43 medium_vehicle
661.56 821.55 670.46 821.15 670.72 826.85 661.82 827.25 medium_vehicle
639.74 823.45 650.34 823.54 650.29 829.24 639.69 829.15 medium_vehicle
813.01 699.89 820.0 702.77 814.26 716.71 807.27 713.83 medium_vehicle
590.29 575.0 617.19 575.0 617.19 583.8 590.29 583.8 bus
864.47 812.27 870.55 814.7 864.76 829.17 858.68 826.74 medium_vehicle
979.11 878.03 984.61 878.17 984.24 892.36 978.74 892.22 small_vessel
691.96 1247.48 692.81 1239.98 707.22 1241.59 706.37 1249.09 medium_vehicle
872.13 541.24 879.22 543.12 875.19 558.26 868.1 556.38 heavy_equipment
486.89 331.67 503.93 339.48 500.01 348.04 482.97 340.23 medium_vehicle
1128.79 528.14 1277.4 528.14 1277.4 576.13 1128.79 576.13 large_vessel
859.19 536.49 865.53 538.1 861.84 552.68 855.5 551.07 heavy_equipment
896.37 550.12 903.45 552.01 898.73 569.74 891.65 567.85 heavy_equipment
820.9 583.19 825.9 582.84 827.07 600.01 822.07 600.36 medium_vehicle
929.1 581.5 937.11 584.5 928.52 607.49 920.51 604.49 large_vehicle
941.07 550.37 949.09 553.37 940.5 576.36 932.48 573.36 large_vehicle
950.91 524.69 958.93 527.69 950.34 550.68 942.32 547.68 large_vehicle
960.75 498.89 968.77 501.89 960.18 524.88 952.16 521.88 large_vehicle
601.53 1008.27 606.3 1009.29 604.13 1019.41 599.36 1018.39 medium_vehicle
833.17 791.06 839.24 793.48 829.22 818.54 823.15 816.12 double_trailer_truck
839.07 775.86 845.13 778.28 840.29 790.38 834.23 787.96 medium_vehicle
806.56 1172.39 812.25 1173.51 809.27 1188.57 803.58 1187.45 medium_vehicle
603.34 981.51 608.1 982.53 605.36 995.28 600.6 994.26 medium_vehicle
600.16 919.5 602.07 914.31 613.26 918.43 611.35 923.62 medium_vehicle
604.89 995.53 609.65 996.56 607.01 1008.9 602.25 1007.87 medium_vehicle
600.35 994.14 605.11 995.16 602.61 1006.81 597.85 1005.79 medium_vehicle
1173.27 829.08 1191.0 829.08 1191.0 837.59 1173.27 837.59 medium_vehicle
742.47 115.81 747.8 115.81 747.8 129.56 742.47 129.56 medium_vehicle
871.84 794.53 877.68 781.83 883.39 784.46 877.55 797.16 medium_vehicle
698.12 822.51 718.15 822.68 718.1 828.38 698.07 828.21 large_vehicle
879.0 994.69 901.45 996.14 900.89 1004.82 878.44 1003.37 medium_vessel
842.48 1029.42 848.01 1030.67 842.48 1055.0 836.95 1053.75 container
796.14 574.46 804.73 584.62 800.04 588.58 791.45 578.42 container
378.06 415.42 402.13 424.95 398.97 432.93 374.9 423.4 container
954.83 347.77 979.68 354.99 977.28 363.22 952.43 356.0 container
879.71 777.51 884.01 768.15 889.36 770.61 885.06 779.97 medium_vehicle
989.3 461.32 995.84 464.08 984.7 490.46 978.16 487.7 large_vehicle
974.15 876.34 979.77 877.3 977.34 891.48 971.72 890.52 small_vessel
925.9 1076.77 950.44 1082.93 923.71 1189.32 899.17 1183.16 large_vessel
905.13 1205.87 915.85 1209.29 904.95 1243.43 894.23 1240.01 large_vessel
816.64 590.79 821.34 590.41 822.23 601.5 817.53 601.88 medium_vehicle
880.35 544.76 887.43 546.65 882.99 563.34 875.91 561.45 heavy_equipment
913.64 1216.48 921.31 1218.93 913.5 1243.4 905.83 1240.95 medium_vessel
888.87 547.52 895.95 549.41 892.57 562.14 885.49 560.25 heavy_equipment
898.89 656.49 905.55 659.1 898.04 678.26 891.38 675.65 large_vehicle
967.09 997.59 974.03 1001.64 963.38 1019.86 956.44 1015.81 medium_vessel
953.74 1036.36 961.69 1037.61 958.39 1058.44 950.44 1057.19 medium_vessel
1053.52 857.11 1053.59 849.45 1067.47 849.58 1067.4 857.24 heavy_equipment
1014.76 747.61 1029.04 754.33 1025.86 761.09 1011.58 754.37 small_vessel
894.37 1203.2 905.08 1206.62 894.47 1239.87 883.76 1236.45 large_vessel
848.56 532.31 854.08 533.62 850.5 548.66 844.98 547.35 heavy_equipment
937.98 1026.53 948.5 1029.57 938.08 1065.68 927.56 1062.64 large_vessel
948.15 1030.67 955.9 1032.83 949.0 1057.53 941.25 1055.37 medium_vessel
948.14 987.36 958.65 990.4 948.55 1025.41 938.04 1022.37 large_vessel
1141.09 829.65 1162.3 829.65 1162.3 838.16 1141.09 838.16 large_vehicle
1111.2 829.87 1129.92 829.87 1129.92 838.38 1111.2 838.38 large_vehicle
965.87 912.02 972.54 913.34 968.56 933.46 961.89 932.14 medium_vessel
961.3 993.14 967.54 996.78 956.8 1015.17 950.56 1011.53 medium_vessel
918.72 683.09 925.0 685.92 916.48 704.8 910.2 701.97 large_vehicle
