285.8 1247.64 292.4 1247.64 292.4 1259.3 285.8 1259.3 container
343.3 1272.46 358.01 1272.97 357.77 1280.03 343.06 1279.52 container
291.1 1266.0 304.7 1266.0 304.7 1273.7 291.1 1273.7 container
324.48 1271.36 340.82 1271.93 340.58 1278.99 324.24 1278.42 container
305.06 1272.09 318.86 1272.09 318.86 1278.87 305.06 1278.87 container
874.75 858.36 1005.24 852.66 1006.47 880.83 875.98 886.53 large_vessel
444.4 1264.0 459.47 1264.0 459.47 1271.7 444.4 1271.7 container
1124.44 844.59 1279.72 838.35 1281.09 872.48 1125.81 878.72 large_vessel
1043.32 849.16 1101.03 845.94 1102.07 864.69 1044.36 867.91 large_vessel
0.0 829.2 10.53 829.2 10.53 835.94 0.0 835.94 medium_vehicle
199.18 656.05 224.72 654.09 233.22 764.57 207.68 766.53 large_vessel
185.25 670.33 202.2 669.03 206.74 728.07 189.79 729.37 large_vessel
170.22 677.62 185.57 676.33 190.53 735.34 175.18 736.63 large_vessel
160.55 689.46 170.48 688.63 172.98 718.4 163.05 719.23 medium_vessel
440.92 841.54 458.9 841.54 458.9 849.2 440.92 849.2 medium_vehicle
