1186.9 154.47 1214.38 152.99 1214.77 160.02 1187.29 161.5 container
753.32 896.54 756.31 888.8 789.48 901.6 786.49 909.34 large_vehicle
995.6 581.93 1018.75 551.31 1024.23 555.46 1001.08 586.08 double_trailer_truck
1109.44 97.06 1115.91 128.58 1109.35 129.92 1102.88 98.4 large_vehicle
1096.6 157.58 1130.26 155.76 1130.66 163.17 1097.0 164.99 large_vehicle
1100.3 60.05 1106.74 75.29 1100.9 77.76 1094.46 62.52 container
1112.6 85.19 1120.53 103.97 1114.37 106.57 1106.44 87.79 medium_vehicle
1189.71 161.5 1216.09 160.08 1216.43 166.38 1190.05 167.8 container
995.89 10.4 1010.6 10.19 1010.7 17.39 995.99 17.6 heavy_equipment
855.8 761.53 860.24 755.68 889.45 777.85 885.01 783.7 large_vehicle
753.94 884.81 757.23 877.21 789.86 891.33 786.57 898.93 large_vehicle
850.16 771.77 854.91 765.27 883.56 786.16 878.81 792.66 large_vehicle
1006.67 583.39 1027.07 550.88 1032.64 554.38 1012.24 586.89 double_trailer_truck
967.78 536.48 977.67 510.16 983.67 512.42 973.78 538.74 large_vehicle
834.07 792.72 841.03 788.68 861.47 823.94 854.51 827.98 double_trailer_truck
636.71 745.09 642.8 746.1 638.6 771.48 632.51 770.47 container
1014.98 13.4 1028.79 9.88 1030.44 16.38 1016.63 19.9 heavy_equipment
961.16 532.02 971.18 506.57 977.52 509.07 967.5 534.52 large_vehicle
787.64 823.06 793.47 817.51 821.58 847.02 815.75 852.57 double_trailer_truck
754.89 875.29 758.18 867.68 790.79 881.8 787.5 889.41 large_vehicle
857.58 750.81 862.15 745.07 889.73 767.01 885.16 772.75 large_vehicle
1121.17 111.7 1126.84 143.87 1119.95 145.08 1114.28 112.91 large_vehicle
978.38 609.44 985.71 581.49 991.91 583.12 984.58 611.07 large_vehicle
729.36 830.75 734.16 824.22 758.94 842.42 754.14 848.95 large_vehicle
740.4 900.11 743.65 893.09 775.12 907.7 771.87 914.72 large_vehicle
752.35 863.95 754.88 856.8 788.39 868.67 785.86 875.82 large_vehicle
945.63 16.18 952.2 15.47 953.59 28.26 947.02 28.97 heavy_equipment
517.12 692.21 528.12 696.19 518.15 723.71 507.15 719.73 medium_vessel
513.64 293.27 567.1 214.31 903.61 442.15 850.15 521.11 large_vessel
