75.19 1132.69 68.94 1133.76 64.78 1109.44 71.03 1108.37 container
95.56 959.42 95.93 966.82 82.08 967.52 81.71 960.12 container
49.48 1133.74 43.23 1134.75 39.28 1110.39 45.53 1109.38 container
1214.37 421.27 1208.0 423.52 1200.88 403.3 1207.25 401.05 medium_vehicle
93.19 940.84 93.57 948.24 80.65 948.89 80.27 941.49 container
88.8 1097.91 82.68 1098.53 80.14 1073.48 86.26 1072.86 container
117.8 1130.17 111.55 1131.13 107.76 1106.35 114.01 1105.39 container
189.94 1170.63 192.74 1176.8 162.14 1190.68 159.34 1184.51 double_trailer_truck
135.82 1130.21 129.42 1131.19 125.55 1105.91 131.95 1104.93 container
621.4 597.96 615.06 598.39 613.8 579.88 620.14 579.45 medium_vehicle
205.22 1095.91 211.36 1095.48 212.98 1118.63 206.84 1119.06 double_trailer_truck
120.03 850.0 114.7 850.36 113.82 837.39 119.15 837.03 container
98.45 975.72 98.83 983.11 84.98 983.82 84.6 976.43 container
1002.86 653.57 1004.48 647.53 1026.7 653.48 1025.08 659.52 container
181.88 1152.75 186.03 1158.5 159.94 1177.32 155.79 1171.57 double_trailer_truck
643.25 529.37 628.16 529.66 628.03 522.52 643.12 522.23 medium_vehicle
24.2 1141.41 24.56 1148.65 -0.13 1149.91 -0.49 1142.67 container
97.16 967.32 97.53 974.72 83.68 975.42 83.31 968.02 container
1227.98 437.16 1221.73 439.72 1217.1 428.42 1223.35 425.86 container
99.51 984.49 99.88 991.89 86.03 992.59 85.66 985.19 container
636.47 597.88 630.11 598.32 628.64 576.78 635.0 576.34 large_vehicle
373.38 1090.73 379.48 1089.92 382.74 1114.32 376.64 1115.13 container
109.6 1131.37 103.35 1132.33 99.56 1107.55 105.81 1106.59 container
89.22 851.99 83.9 852.35 83.02 839.39 88.34 839.03 container
40.96 1133.38 34.7 1134.39 30.75 1110.03 37.01 1109.02 container
92.21 1131.91 85.95 1132.83 82.35 1108.42 88.61 1107.5 container
125.43 849.8 120.1 850.16 119.22 837.19 124.55 836.83 container
613.27 596.16 607.58 596.39 607.0 581.94 612.69 581.71 medium_vehicle
175.87 1145.93 179.65 1151.33 152.9 1170.06 149.12 1164.66 double_trailer_truck
31.9 1196.16 32.1 1202.85 7.06 1203.6 6.86 1196.91 container
91.06 914.62 91.47 922.74 78.34 923.4 77.93 915.28 container
1088.85 600.44 1094.28 602.48 1089.6 614.95 1084.17 612.91 medium_vehicle
990.04 550.95 983.92 551.67 982.49 539.5 988.61 538.78 medium_vehicle
991.76 629.08 991.7 621.6 1016.41 621.42 1016.47 628.9 bus
57.34 1133.44 51.06 1134.33 47.63 1109.88 53.91 1108.99 container
25.9 1149.11 26.26 1156.35 0.66 1157.65 0.3 1150.41 container
390.65 217.56 391.12 232.51 329.64 234.44 329.17 219.49 large_vessel
452.16 145.1 452.68 161.63 378.23 163.97 377.71 147.44 large_vessel
629.49 596.02 623.11 596.45 622.0 580.14 628.38 579.71 medium_vehicle
863.3 350.97 868.51 350.53 869.72 364.66 864.51 365.1 medium_vehicle
349.15 150.7 349.62 165.85 295.86 167.54 295.39 152.39 large_vessel
84.12 852.29 79.1 852.63 78.22 839.67 83.24 839.33 container
35.53 1219.88 35.77 1226.57 10.75 1227.49 10.51 1220.8 container
23.64 1132.97 24.01 1140.37 -0.53 1141.62 -0.9 1134.22 container
100.88 1131.58 94.62 1132.54 90.82 1107.75 97.08 1106.79 container
127.21 1130.88 120.81 1131.86 116.94 1106.57 123.34 1105.59 container
99.03 851.3 93.7 851.66 92.82 838.69 98.15 838.33 container
474.94 1085.36 481.03 1084.27 484.18 1101.8 478.09 1102.89 container
203.32 1203.44 207.13 1208.45 180.49 1228.74 176.68 1223.73 double_trailer_truck
938.64 39.83 941.17 45.22 929.09 50.88 926.56 45.49 medium_vehicle
104.43 850.9 99.1 851.26 98.22 838.29 103.55 837.93 container
1179.07 408.47 1182.24 414.05 1169.5 421.29 1166.33 415.71 medium_vehicle
605.78 573.85 599.61 574.09 598.9 555.64 605.07 555.4 medium_vehicle
65.84 1133.24 59.56 1134.13 56.13 1109.69 62.41 1108.8 container
94.13 851.7 89.1 852.04 88.22 839.07 93.25 838.73 container
858.91 16.99 861.59 22.71 849.09 28.56 846.41 22.84 medium_vehicle
33.2 1203.66 33.4 1210.35 8.36 1211.1 8.16 1204.41 container
91.19 923.85 91.56 931.24 78.64 931.9 78.27 924.51 container
4.17 1005.53 4.58 1013.7 -0.09 1013.94 -0.5 1005.77 container
981.0 652.27 983.12 646.4 997.05 651.44 994.93 657.31 medium_vehicle
1213.14 439.83 1206.88 442.39 1202.25 431.1 1208.51 428.54 container
31.08 1187.81 31.3 1195.05 5.68 1195.81 5.46 1188.57 container
1245.39 434.75 1239.13 437.32 1233.66 423.99 1239.92 421.42 medium_vehicle
1063.08 647.81 1068.38 647.61 1068.81 659.26 1063.51 659.46 medium_vehicle
94.6 949.98 94.98 957.38 82.28 958.03 81.9 950.63 container
200.33 1193.65 203.52 1199.09 175.5 1215.53 172.31 1210.09 double_trailer_truck
1221.89 419.27 1215.08 421.25 1209.09 400.65 1215.9 398.67 medium_vehicle
93.08 932.15 93.46 939.54 80.55 940.19 80.17 932.8 container
195.71 1181.65 198.27 1187.26 167.71 1201.19 165.15 1195.58 double_trailer_truck
26.9 1156.61 27.26 1163.85 1.66 1165.15 1.3 1157.91 container
37.51 1235.08 37.83 1241.49 12.54 1242.73 12.22 1236.32 container
288.67 1092.73 294.8 1092.18 296.72 1113.67 290.59 1114.22 container
1239.7 418.76 1232.95 420.94 1226.72 401.64 1233.47 399.46 medium_vehicle
932.61 33.44 935.29 39.16 922.85 44.99 920.17 39.27 medium_vehicle
799.96 97.68 805.52 100.65 799.2 112.48 793.64 109.51 medium_vehicle
36.85 1227.39 37.18 1234.07 11.89 1235.3 11.56 1228.62 container
29.2 1171.91 29.56 1179.15 3.96 1180.45 3.6 1173.21 container
109.73 850.6 104.4 850.96 103.52 837.99 108.85 837.63 container
34.1 1211.66 34.3 1218.35 9.26 1219.1 9.06 1212.41 container
2.45 996.87 2.87 1005.04 -0.09 1005.19 -0.51 997.02 container
5.38 1013.72 5.79 1021.89 -0.32 1022.2 -0.73 1014.03 container
29.9 1179.71 30.26 1186.95 4.66 1188.25 4.3 1181.01 container
1220.58 437.26 1214.33 439.82 1209.7 428.52 1215.95 425.96 container
412.21 1087.91 417.76 1087.17 420.5 1107.67 414.95 1108.41 container
428.04 1087.05 434.47 1085.9 438.52 1108.38 432.09 1109.53 container
83.61 1132.71 77.35 1133.63 73.75 1109.22 80.01 1108.3 container
1205.86 423.99 1199.85 425.65 1194.16 404.98 1200.17 403.32 medium_vehicle
975.83 551.05 970.68 551.75 969.04 539.61 974.19 538.91 medium_vehicle
457.01 1086.11 463.1 1085.02 466.25 1102.55 460.16 1103.64 container
74.07 852.9 68.34 853.3 67.46 840.33 73.19 839.93 container
316.88 1091.81 323.0 1091.26 324.84 1111.85 318.72 1112.4 container
1230.94 420.69 1224.19 422.87 1217.88 403.32 1224.63 401.14 medium_vehicle
79.44 852.63 73.92 853.01 73.04 840.05 78.56 839.67 container
1015.49 650.61 1017.49 644.7 1039.26 652.07 1037.26 657.98 container
114.93 850.3 109.6 850.66 108.72 837.69 114.05 837.33 container
1235.98 434.85 1229.73 437.41 1225.1 426.12 1231.35 423.56 container
27.8 1164.51 28.16 1171.75 2.56 1173.05 2.2 1165.81 container
