23.09 622.64 57.71 602.09 100.98 674.95 66.36 695.5 large_aircraft
-13.83 799.09 0.56 790.54 23.88 829.81 9.48 838.36 large_aircraft
96.56 1166.86 114.37 1155.21 136.11 1188.44 118.3 1200.09 large_aircraft
74.1 1170.61 77.42 1163.78 81.66 1165.83 78.34 1172.66 medium_vehicle
219.18 921.5 239.9 909.19 265.85 952.9 245.13 965.21 large_aircraft
-2.29 672.45 32.88 651.56 76.15 724.44 40.97 745.33 large_aircraft
157.4 815.71 175.96 804.69 204.53 852.8 185.97 863.82 large_aircraft
119.3 761.77 144.01 747.1 173.03 795.97 148.32 810.64 large_aircraft
75.81 873.02 100.81 858.18 129.34 906.23 104.34 921.07 large_aircraft
268.52 1011.07 290.94 997.75 320.11 1046.88 297.69 1060.2 large_aircraft
240.45 961.81 263.0 948.43 294.0 1000.64 271.45 1014.02 large_aircraft
256.62 1024.17 272.63 1012.66 299.65 1050.27 283.64 1061.78 large_aircraft
260.43 1054.38 278.1 1043.89 304.79 1088.84 287.12 1099.33 large_aircraft
52.04 920.35 77.82 905.05 106.27 952.98 80.49 968.28 large_aircraft
-8.66 1087.42 6.75 1078.27 26.87 1112.17 11.45 1121.32 large_aircraft
75.12 1175.39 78.73 1167.88 82.96 1169.92 79.35 1177.43 medium_vehicle
77.54 806.03 111.35 785.95 154.83 859.17 121.02 879.25 large_aircraft
