273.29 378.91 276.4 380.22 273.25 387.64 270.14 386.33 medium_vehicle
1203.3 291.38 1208.87 289.46 1212.74 300.71 1207.17 302.63 small_aircraft
1245.73 1051.53 1261.53 1042.04 1280.21 1073.14 1264.41 1082.63 large_aircraft
1230.07 535.07 1252.14 521.33 1283.18 571.2 1261.11 584.94 large_aircraft
1228.69 838.87 1253.97 823.26 1283.75 871.46 1258.47 887.07 large_aircraft
124.95 194.04 129.91 195.75 125.66 208.02 120.7 206.31 container
128.9 149.88 132.97 151.07 130.67 158.95 126.6 157.76 medium_vehicle
268.55 372.0 271.4 373.2 268.21 380.72 265.36 379.52 medium_vehicle
1025.99 691.87 1061.75 670.64 1108.39 749.2 1072.63 770.43 large_aircraft
1084.21 778.1 1109.73 763.84 1142.53 822.53 1117.01 836.79 large_aircraft
1124.6 846.33 1142.67 834.81 1166.94 872.91 1148.87 884.43 large_aircraft
1160.82 624.89 1171.25 618.25 1183.42 637.35 1172.99 643.99 small_aircraft
1206.21 627.35 1220.99 617.93 1240.37 648.34 1225.59 657.76 large_aircraft
280.79 389.21 284.3 390.7 281.23 397.94 277.72 396.45 medium_vehicle
274.51 403.21 278.57 404.39 276.25 412.33 272.19 411.15 medium_vehicle
263.74 365.18 267.1 366.6 264.02 373.85 260.66 372.43 medium_vehicle
1137.8 584.59 1149.15 577.36 1160.42 595.05 1149.07 602.28 small_aircraft
1194.02 474.79 1217.09 460.09 1235.83 489.5 1212.76 504.2 large_aircraft
272.26 399.3 276.02 400.9 273.41 407.06 269.65 405.46 medium_vehicle
559.66 947.85 564.54 944.57 573.04 957.22 568.16 960.5 bus
1195.87 409.05 1214.55 396.45 1241.49 436.4 1222.81 449.0 large_aircraft
1250.24 794.58 1274.03 779.42 1294.99 812.32 1271.2 827.48 large_aircraft
692.34 1081.73 697.87 1078.35 706.57 1092.61 701.04 1095.99 bus
701.16 1145.53 705.96 1141.91 716.06 1155.26 711.26 1158.88 bus
181.07 351.86 184.18 349.16 188.16 353.73 185.05 356.43 medium_vehicle
1091.69 602.57 1127.06 582.31 1169.7 656.76 1134.33 677.02 large_aircraft
275.84 382.28 279.47 383.82 276.4 391.05 272.77 389.51 medium_vehicle
20.12 137.04 24.56 133.88 33.3 146.19 28.86 149.35 bus
38.8 147.55 43.34 144.33 52.23 156.85 47.69 160.07 bus
282.87 413.86 286.83 415.54 283.23 424.03 279.27 422.35 medium_vehicle
160.31 325.57 164.27 322.57 173.17 334.34 169.21 337.34 bus
1155.43 525.29 1172.54 514.4 1187.84 538.41 1170.73 549.3 small_aircraft
116.57 281.74 121.01 278.38 129.75 289.93 125.31 293.29 bus
324.17 600.13 328.93 596.97 337.16 609.36 332.4 612.52 bus
991.44 1144.09 994.55 1141.39 1000.29 1147.99 997.18 1150.69 medium_vehicle
653.63 1074.56 657.33 1071.34 663.07 1077.94 659.37 1081.16 medium_vehicle
1250.83 1019.03 1269.79 1007.64 1292.08 1044.75 1273.12 1056.14 large_aircraft
126.95 146.94 130.86 148.08 128.81 155.1 124.9 153.96 medium_vehicle
138.15 165.63 142.77 166.98 140.4 175.09 135.78 173.74 medium_vehicle
132.73 23.45 154.43 27.55 147.96 61.81 126.26 57.71 large_aircraft
270.9 375.0 273.81 376.24 270.58 383.86 267.67 382.62 medium_vehicle
145.64 219.76 149.78 217.01 158.04 229.39 153.9 232.14 container
285.6 395.84 289.13 397.34 286.23 404.16 282.7 402.66 medium_vehicle
677.18 1106.44 680.4 1103.8 685.84 1110.44 682.62 1113.08 medium_vehicle
