1039.68 162.35 1063.48 153.12 1084.64 207.68 1060.84 216.91 large_aircraft
674.5 1039.46 679.5 1039.53 679.39 1047.81 674.39 1047.74 medium_vehicle
1219.54 708.94 1223.39 704.84 1233.82 714.64 1229.97 718.74 bus
1064.39 433.77 1083.74 455.72 1071.55 466.47 1052.2 444.52 small_aircraft
270.93 1135.46 275.8 1132.75 283.09 1145.84 278.22 1148.55 bus
995.02 42.64 1030.04 32.33 1054.73 116.23 1019.71 126.54 large_aircraft
983.83 297.67 1003.31 292.45 1014.82 335.42 995.34 340.64 large_aircraft
988.33 196.52 1005.42 191.42 1016.32 227.98 999.23 233.08 large_aircraft
780.53 130.26 783.26 127.42 789.04 132.98 786.31 135.82 medium_vehicle
989.15 157.28 1014.63 151.96 1026.71 209.79 1001.23 215.11 large_aircraft
777.12 131.39 780.35 127.72 788.94 135.29 785.71 138.96 bus
802.68 119.89 805.8 116.75 812.97 123.87 809.85 127.01 bus
800.53 113.76 803.58 110.53 812.9 119.32 809.85 122.55 bus
1050.99 132.95 1073.33 124.29 1094.24 178.22 1071.9 186.88 large_aircraft
776.3 134.34 779.8 130.47 789.55 139.31 786.05 143.18 bus
774.74 136.87 778.47 132.99 789.4 143.51 785.67 147.39 bus
1033.57 359.17 1041.97 368.54 1034.52 375.22 1026.12 365.85 small_aircraft
802.14 123.47 805.09 120.25 813.1 127.62 810.15 130.84 bus
981.46 215.66 1000.24 210.73 1010.53 249.97 991.75 254.9 large_aircraft
1018.52 228.64 1047.97 223.4 1059.6 288.71 1030.15 293.95 large_aircraft
1063.14 416.57 1075.73 418.21 1073.75 433.48 1061.16 431.84 small_aircraft
1008.56 265.53 1035.38 261.04 1046.64 328.34 1019.82 332.83 large_aircraft
696.9 504.6 701.7 504.6 701.7 517.9 696.9 517.9 bus
1073.32 466.89 1080.86 457.76 1092.51 467.4 1084.97 476.53 small_aircraft
979.64 272.72 989.2 267.89 998.1 285.52 988.54 290.35 small_aircraft
978.09 247.82 993.11 242.0 1003.95 269.96 988.93 275.78 large_aircraft
1127.21 404.01 1137.6 403.37 1139.25 430.45 1128.86 431.09 small_aircraft
1065.41 312.81 1078.38 306.79 1093.12 338.53 1080.15 344.55 small_aircraft
