1213.66 80.85 1223.12 86.6 1217.22 96.31 1207.76 90.56 small_aircraft
651.51 157.99 665.37 144.56 698.01 178.24 684.15 191.67 large_aircraft
1048.94 580.67 1067.17 572.48 1091.69 627.03 1073.46 635.22 large_aircraft
589.4 107.45 610.44 87.34 660.33 139.55 639.29 159.66 large_aircraft
1033.58 325.73 1051.11 310.81 1068.09 330.75 1050.56 345.67 small_aircraft
792.24 216.44 817.18 190.06 858.71 229.33 833.77 255.71 large_aircraft
1212.02 101.23 1222.45 109.71 1216.81 116.65 1206.38 108.17 small_aircraft
1071.31 1141.26 1100.86 1150.18 1090.61 1184.12 1061.06 1175.2 large_aircraft
929.23 320.0 943.49 321.05 941.96 341.79 927.7 340.74 small_aircraft
809.55 1266.28 816.78 1271.81 813.65 1275.9 806.42 1270.37 medium_vehicle
997.09 166.95 1014.78 156.66 1031.23 184.93 1013.54 195.22 small_aircraft
274.36 1082.07 277.84 1078.13 289.07 1088.02 285.59 1091.96 bus
634.53 155.87 653.21 135.56 683.37 163.29 664.69 183.6 large_aircraft
85.67 868.97 89.75 865.11 100.03 875.98 95.95 879.84 bus
808.74 1273.93 815.98 1279.46 812.86 1283.54 805.62 1278.01 medium_vehicle
1066.06 3.22 1091.18 -3.55 1096.79 17.23 1071.67 24.01 large_aircraft
1060.48 204.75 1085.54 179.86 1123.97 218.55 1098.91 243.44 large_aircraft
939.14 322.4 959.55 324.32 956.37 357.97 935.96 356.05 large_aircraft
691.81 760.46 705.51 764.59 701.05 779.33 687.35 775.2 small_aircraft
1012.58 371.21 1028.52 355.49 1046.6 373.82 1030.66 389.54 small_aircraft
1063.32 257.63 1081.91 241.98 1114.97 281.25 1096.38 296.9 large_aircraft
1090.57 17.94 1116.07 11.06 1125.39 45.59 1099.89 52.47 large_aircraft
1046.13 650.3 1068.93 644.28 1083.9 700.96 1061.1 706.98 large_aircraft
1041.23 696.49 1065.44 690.37 1079.95 747.69 1055.74 753.81 large_aircraft
707.37 774.47 727.16 777.74 722.59 805.34 702.8 802.07 small_aircraft
983.25 316.7 1004.58 318.45 1002.74 340.73 981.41 338.98 small_aircraft
1033.07 837.55 1042.44 841.58 1037.22 853.71 1027.85 849.68 small_aircraft
822.75 1268.82 830.74 1275.39 827.73 1279.05 819.74 1272.48 medium_vehicle
671.69 197.07 695.95 170.31 738.26 208.68 714.0 235.44 large_aircraft
1035.47 734.42 1054.38 727.72 1072.8 779.71 1053.89 786.41 large_aircraft
999.11 146.08 1014.77 163.59 1001.39 175.55 985.73 158.04 small_aircraft
1048.13 430.44 1057.4 419.82 1071.5 432.13 1062.23 442.75 small_aircraft
914.39 294.61 933.3 296.4 929.79 333.54 910.88 331.75 large_aircraft
1050.17 623.75 1065.65 615.27 1086.71 653.75 1071.23 662.23 large_aircraft
844.42 258.3 863.7 241.77 890.9 273.5 871.62 290.03 large_aircraft
299.29 1069.93 302.53 1066.95 307.23 1072.06 303.99 1075.04 medium_vehicle
510.19 501.48 515.68 501.73 515.1 514.51 509.61 514.26 bus
1034.9 822.6 1044.0 822.6 1044.0 838.1 1034.9 838.1 small_aircraft
985.11 131.05 1003.61 142.97 991.47 161.8 972.97 149.88 small_aircraft
1064.45 156.84 1089.47 132.17 1129.34 172.6 1104.32 197.27 large_aircraft
1043.66 401.91 1062.51 385.12 1091.85 418.04 1073.0 434.83 large_aircraft
144.77 949.39 149.01 945.21 161.45 957.82 157.21 962.0 bus
