810.08 914.79 812.15 918.32 799.06 925.99 796.99 922.46 large_vehicle
409.64 36.88 413.2 39.48 408.52 45.9 404.96 43.3 medium_vehicle
815.44 931.66 817.76 935.62 807.14 941.85 804.82 937.89 large_vehicle
1096.78 1090.85 1096.05 1085.74 1107.17 1084.15 1107.9 1089.26 bus
767.99 511.61 785.13 501.39 804.58 534.03 787.44 544.25 large_aircraft
802.42 892.43 804.57 896.1 792.02 903.46 789.87 899.79 large_vehicle
1088.44 1088.06 1087.16 1083.33 1097.23 1080.62 1098.51 1085.35 bus
875.62 791.17 895.62 771.38 923.65 799.71 903.65 819.5 large_aircraft
315.44 1208.17 315.46 1203.78 323.98 1203.82 323.96 1208.21 medium_vehicle
812.79 944.84 814.92 948.47 806.33 953.5 804.2 949.87 medium_vehicle
1075.21 1028.96 1074.64 1024.15 1086.18 1022.77 1086.75 1027.58 bus
759.55 445.03 780.49 415.45 809.4 435.93 788.46 465.51 large_aircraft
863.04 632.31 866.34 636.15 856.91 644.25 853.61 640.41 bus
862.48 646.28 866.13 650.72 856.22 658.86 852.57 654.42 bus
1074.32 1013.44 1074.96 1008.28 1086.95 1009.75 1086.31 1014.91 bus
1091.25 1099.52 1090.88 1094.39 1102.03 1093.59 1102.4 1098.72 bus
548.28 40.02 561.67 30.58 582.88 60.65 569.49 70.09 large_aircraft
1174.88 1167.37 1203.55 1166.26 1205.63 1220.42 1176.96 1221.53 large_aircraft
317.17 1216.14 317.43 1212.25 325.18 1212.76 324.92 1216.65 medium_vehicle
735.26 406.62 754.47 372.11 780.94 386.84 761.73 421.35 large_aircraft
1072.07 1000.62 1072.36 996.29 1083.4 997.02 1083.11 1001.35 medium_vehicle
1064.34 959.71 1064.25 955.48 1071.18 955.34 1071.27 959.57 medium_vehicle
317.53 1223.84 317.79 1220.01 329.46 1220.79 329.2 1224.62 large_vehicle
1073.06 1007.3 1073.67 1002.39 1085.84 1003.89 1085.23 1008.8 bus
1065.03 964.44 1065.32 960.11 1072.94 960.62 1072.65 964.95 medium_vehicle
810.18 533.13 829.84 508.14 859.03 531.1 839.37 556.09 large_aircraft
858.79 632.7 879.69 598.99 909.84 617.68 888.94 651.39 large_aircraft
406.07 23.02 409.24 26.33 403.0 32.3 399.83 28.99 medium_vehicle
813.45 925.08 816.03 928.88 804.73 936.56 802.15 932.76 large_vehicle
822.94 698.87 842.31 679.7 874.06 711.78 854.69 730.95 large_aircraft
816.84 937.21 819.0 940.88 810.43 945.91 808.27 942.24 medium_vehicle
317.03 1220.12 317.29 1216.24 325.35 1216.77 325.09 1220.65 medium_vehicle
1108.81 1139.52 1113.27 1142.77 1105.9 1152.89 1101.44 1149.64 bus
1108.34 1208.94 1110.86 1203.36 1123.51 1209.1 1120.99 1214.68 bus
890.72 665.65 913.94 644.96 938.46 672.48 915.24 693.17 large_aircraft
844.12 653.78 848.39 657.29 839.95 667.56 835.68 664.05 bus
647.29 1042.7 657.5 1042.7 657.5 1054.7 647.29 1054.7 small_aircraft
557.45 87.95 569.44 79.74 590.26 110.15 578.27 118.36 large_aircraft
839.84 639.78 845.39 642.48 839.07 655.5 833.52 652.8 bus
1113.32 1219.58 1113.63 1212.75 1125.46 1213.29 1125.15 1220.12 bus
723.13 513.77 741.3 497.91 766.78 527.12 748.61 542.98 large_aircraft
913.18 723.43 931.2 690.37 961.26 706.75 943.24 739.81 large_aircraft
657.04 394.42 670.98 365.7 694.83 377.28 680.89 406.0 large_aircraft
1111.36 1144.28 1116.31 1147.74 1108.95 1158.29 1104.0 1154.83 bus
564.05 20.72 568.51 17.87 577.49 31.91 573.03 34.76 bus
529.41 40.01 542.86 30.52 561.54 57.01 548.09 66.5 large_aircraft
853.05 746.41 869.12 730.5 893.45 755.08 877.38 770.99 large_aircraft
805.7 903.73 807.98 907.62 795.98 914.66 793.7 910.77 large_vehicle
1030.3 933.74 1029.77 929.65 1038.37 928.53 1038.9 932.62 medium_vehicle
1065.81 969.05 1066.52 964.77 1077.3 966.55 1076.59 970.83 medium_vehicle
569.32 83.23 586.48 77.18 594.68 100.46 577.52 106.51 small_aircraft
784.85 486.32 806.01 459.62 835.15 482.72 813.99 509.42 large_aircraft
855.86 616.35 860.85 619.86 853.21 630.74 848.22 627.23 bus
758.18 361.48 763.56 364.2 757.4 376.4 752.02 373.68 bus
698.44 470.24 718.92 452.51 744.46 481.99 723.98 499.72 large_aircraft
822.34 702.15 828.17 700.68 832.64 718.36 826.81 719.83 bus
1029.04 929.0 1028.77 924.76 1037.24 924.22 1037.51 928.46 medium_vehicle
841.91 665.66 846.6 668.47 839.63 680.16 834.94 677.35 bus
