12.91 977.99 90.57 930.21 116.96 973.1 39.3 1020.88 pylon
129.14 1057.33 135.74 1055.37 136.76 1058.82 130.16 1060.78 medium_vehicle
860.59 672.57 862.21 664.11 866.65 664.96 865.03 673.42 medium_vehicle
863.96 679.14 865.55 671.26 869.76 672.11 868.17 679.99 medium_vehicle
326.44 1041.46 333.9 1037.82 335.68 1041.47 328.22 1045.11 medium_vehicle
1260.88 427.24 1265.62 427.35 1265.37 437.26 1260.63 437.15 container
513.83 944.5 520.17 941.77 521.66 945.22 515.32 947.95 medium_vehicle
1250.33 452.1 1258.7 447.3 1261.01 451.34 1252.64 456.14 medium_vehicle
231.67 246.07 311.38 191.69 337.93 230.6 258.22 284.98 pylon
1257.07 428.31 1261.61 428.42 1261.38 437.92 1256.84 437.81 container
112.8 819.6 213.78 757.47 240.41 800.76 139.43 862.89 pylon
853.57 707.53 858.46 707.91 857.56 719.57 852.67 719.19 large_vehicle
250.83 391.94 311.3 352.67 332.52 385.36 272.05 424.63 pylon
143.02 549.76 225.38 488.15 253.16 525.29 170.8 586.9 pylon
