1058.93 501.02 1146.88 441.25 1175.3 483.08 1087.35 542.85 pylon
891.55 80.46 911.4 71.16 913.95 76.6 894.1 85.9 double_trailer_truck
398.99 417.39 407.31 410.18 449.68 459.09 441.36 466.3 pylon
935.48 935.69 1017.88 881.97 1048.87 929.5 966.47 983.22 pylon
739.73 151.65 744.19 152.46 742.71 160.61 738.25 159.8 medium_vehicle
916.9 158.07 918.74 162.5 911.22 165.62 909.38 161.19 medium_vehicle
1175.83 321.5 1238.67 269.14 1262.22 297.4 1199.38 349.76 pylon
1037.46 19.8 1050.53 14.17 1053.12 20.16 1040.05 25.79 bus
83.17 498.25 85.8 502.68 78.27 507.15 75.64 502.72 medium_vehicle
1187.93 87.75 1269.14 43.84 1289.76 81.98 1208.55 125.89 pylon
742.31 158.0 745.82 148.89 749.64 150.37 746.13 159.48 medium_vehicle
