1000.72 893.74 1005.93 924.56 999.76 925.6 994.55 894.78 large_vehicle
894.65 505.93 905.31 494.38 911.56 500.15 900.9 511.7 container
895.18 415.05 911.84 405.31 915.57 411.7 898.91 421.44 medium_vehicle
1161.36 946.73 1157.51 921.29 1163.76 920.34 1167.61 945.78 large_vehicle
1193.09 957.24 1193.93 973.14 1188.9 973.41 1188.06 957.51 medium_vehicle
1236.86 390.63 1236.78 407.6 1230.46 407.56 1230.54 390.59 medium_vehicle
491.63 1222.71 497.44 1239.3 490.68 1241.66 484.87 1225.07 medium_vehicle
481.88 1231.03 473.93 1249.59 466.9 1246.57 474.85 1228.01 medium_vehicle
462.54 1202.33 445.08 1202.78 444.89 1195.64 462.35 1195.19 medium_vehicle
943.63 885.17 949.75 917.23 943.12 918.49 937.0 886.43 large_vehicle
1055.26 875.53 1074.21 872.5 1075.45 880.23 1056.5 883.26 medium_vehicle
905.56 377.61 914.99 369.29 920.73 375.8 911.3 384.12 heavy_equipment
1017.25 871.33 1031.75 869.26 1032.55 874.86 1018.05 876.93 medium_vehicle
1190.66 926.37 1192.18 955.41 1185.99 955.74 1184.47 926.7 large_vehicle
133.09 1190.83 119.22 1190.96 119.17 1184.29 133.04 1184.16 medium_vehicle
986.28 890.42 990.96 918.12 984.8 919.16 980.12 891.46 large_vehicle
71.48 1279.44 88.04 1250.65 93.47 1253.77 76.91 1282.56 large_vehicle
972.46 892.44 976.11 916.87 969.69 917.83 966.04 893.4 large_vehicle
132.85 1211.1 119.62 1211.29 119.53 1205.03 132.76 1204.84 medium_vehicle
66.22 1262.91 73.25 1245.06 79.31 1247.45 72.28 1265.3 medium_vehicle
37.32 1161.99 19.66 1162.54 19.44 1155.28 37.1 1154.73 medium_vehicle
1213.13 396.58 1221.55 409.55 1215.06 413.76 1206.64 400.79 heavy_equipment
1207.58 880.44 1208.86 904.83 1201.86 905.2 1200.58 880.81 container
1057.5 883.6 1076.95 879.36 1078.48 886.36 1059.03 890.6 medium_vehicle
965.9 640.45 978.9 666.63 972.84 669.64 959.84 643.46 large_vehicle
107.11 1085.45 90.57 1085.19 90.68 1078.52 107.22 1078.78 medium_vehicle
978.14 887.65 982.37 915.95 976.18 916.87 971.95 888.57 large_vehicle
22.82 1244.46 23.97 1227.98 30.13 1228.42 28.98 1244.9 medium_vehicle
936.6 885.63 941.42 915.06 934.75 916.15 929.93 886.72 large_vehicle
1231.69 527.54 1236.77 543.64 1229.42 545.96 1224.34 529.86 heavy_equipment
996.37 868.37 1027.64 861.72 1029.39 869.95 998.12 876.6 large_vehicle
909.07 717.87 915.64 747.26 909.05 748.73 902.48 719.34 large_vehicle
907.0 506.48 919.51 516.69 914.64 522.66 902.13 512.45 container
999.4 433.61 1021.46 427.86 1023.33 435.02 1001.27 440.77 heavy_equipment
1149.87 828.92 1151.65 846.43 1146.54 846.95 1144.76 829.44 medium_vehicle
66.76 1272.45 80.5 1249.4 86.52 1252.98 72.78 1276.03 container
975.63 637.78 986.82 664.79 981.18 667.13 969.99 640.12 large_vehicle
1241.41 462.49 1246.79 479.54 1239.42 481.87 1234.04 464.82 medium_vehicle
1005.3 687.55 1008.56 701.97 1003.32 703.15 1000.06 688.73 medium_vehicle
946.59 443.03 961.7 431.81 965.91 437.48 950.8 448.7 medium_vehicle
1060.41 889.74 1078.07 886.25 1079.3 892.45 1061.64 895.94 medium_vehicle
957.03 881.43 962.43 915.17 955.77 916.23 950.37 882.49 large_vehicle
1217.22 528.93 1221.31 545.31 1211.8 547.68 1207.71 531.3 heavy_equipment
48.73 1248.86 54.47 1231.8 61.1 1234.03 55.36 1251.09 medium_vehicle
1024.26 671.55 1037.09 668.66 1038.4 674.48 1025.57 677.37 medium_vehicle
1080.28 422.64 1100.45 429.9 1097.67 437.62 1077.5 430.36 heavy_equipment
36.1 1257.04 40.88 1229.06 47.52 1230.19 42.74 1258.17 large_vehicle
1009.69 885.84 1028.5 882.82 1029.65 889.94 1010.84 892.96 medium_vehicle
1072.41 526.63 1083.33 518.84 1087.37 524.5 1076.45 532.29 container
992.2 636.89 1000.75 664.84 994.36 666.8 985.81 638.85 large_vehicle
993.79 893.44 998.81 923.15 992.66 924.19 987.64 894.48 large_vehicle
1215.24 879.46 1216.62 905.93 1209.62 906.3 1208.24 879.83 container
951.31 886.37 956.71 920.11 950.05 921.17 944.65 887.43 large_vehicle
928.74 672.56 941.5 661.2 946.03 666.28 933.27 677.64 medium_vehicle
1154.06 909.84 1153.33 882.04 1159.3 881.89 1160.03 909.69 large_vehicle
57.39 1112.93 65.07 1081.44 73.09 1083.39 65.41 1114.88 large_vehicle
966.23 704.97 991.01 699.39 992.54 706.17 967.76 711.75 container
1094.25 507.46 1108.12 497.23 1112.13 502.68 1098.26 512.91 heavy_equipment
1011.46 878.07 1030.4 875.03 1031.53 882.05 1012.59 885.09 medium_vehicle
1009.2 631.98 1015.92 661.8 1009.41 663.27 1002.69 633.45 large_vehicle
1159.77 910.59 1159.62 882.01 1165.6 881.98 1165.75 910.56 large_vehicle
1007.16 890.59 1011.26 918.06 1005.09 918.98 1000.99 891.51 large_vehicle
109.75 1147.16 96.52 1147.03 96.59 1140.77 109.82 1140.9 medium_vehicle
927.03 316.97 954.46 336.68 947.8 345.96 920.37 326.25 heavy_equipment
1168.5 944.7 1164.21 919.33 1170.44 918.27 1174.73 943.64 large_vehicle
1061.11 895.48 1078.77 891.99 1080.0 898.19 1062.34 901.68 medium_vehicle
36.87 1143.88 16.56 1141.1 17.68 1132.92 37.99 1135.7 medium_vehicle
912.62 761.18 915.65 774.64 910.41 775.82 907.38 762.36 medium_vehicle
1000.86 635.24 1007.58 665.04 1001.06 666.51 994.34 636.71 large_vehicle
57.42 1263.58 68.91 1235.42 75.4 1238.07 63.91 1266.23 large_vehicle
