67.93 462.09 96.05 472.66 92.87 481.12 64.75 470.55 large_vehicle
596.99 40.02 610.48 40.39 610.3 46.69 596.81 46.32 medium_vehicle
13.98 770.98 22.43 774.63 20.2 779.78 11.75 776.13 medium_vehicle
309.45 691.19 318.22 683.38 321.8 687.4 313.03 695.21 medium_vehicle
348.99 722.73 359.85 730.76 356.13 735.78 345.27 727.75 medium_vehicle
1097.59 295.24 1102.23 291.69 1109.38 301.05 1104.74 304.6 medium_vehicle
844.95 570.29 846.55 582.32 841.18 583.04 839.58 571.01 medium_vehicle
306.62 774.66 321.02 770.64 323.09 778.05 308.69 782.07 medium_vehicle
1063.96 230.91 1070.29 228.05 1075.74 240.11 1069.41 242.97 medium_vehicle
713.08 15.5 732.69 15.5 732.69 27.8 713.08 27.8 heavy_equipment
635.21 720.64 636.66 714.63 650.05 717.87 648.6 723.88 medium_vehicle
691.92 84.5 698.32 79.37 709.47 93.29 703.07 98.42 medium_vehicle
734.82 41.86 740.95 41.28 742.15 53.91 736.02 54.49 medium_vehicle
366.74 504.29 369.27 500.88 377.66 507.11 375.13 510.52 medium_vehicle
406.14 394.8 415.08 400.22 411.74 405.73 402.8 400.31 medium_vehicle
889.4 1267.16 902.4 1267.16 902.4 1273.3 889.4 1273.3 medium_vehicle
658.01 62.24 658.53 55.47 675.25 56.76 674.73 63.53 medium_vehicle
983.28 769.97 1000.5 772.88 999.27 780.13 982.05 777.22 large_vehicle
681.77 52.18 688.22 52.88 686.47 68.98 680.02 68.28 medium_vehicle
220.71 288.67 224.08 291.34 219.1 297.63 215.73 294.96 medium_vehicle
836.35 876.48 841.9 877.27 840.44 887.51 834.89 886.72 medium_vehicle
654.43 37.7 659.69 30.22 673.41 39.86 668.15 47.34 medium_vehicle
652.76 45.58 656.02 39.63 669.52 47.02 666.26 52.97 medium_vehicle
653.97 67.58 654.87 60.84 671.5 63.06 670.6 69.8 medium_vehicle
967.5 611.16 973.7 611.16 973.7 628.3 967.5 628.3 medium_vehicle
15.45 164.49 29.78 172.17 26.43 178.41 12.1 170.73 medium_vehicle
340.97 314.73 344.65 310.51 355.48 319.95 351.8 324.17 medium_vehicle
904.65 572.01 914.39 571.98 914.4 576.23 904.66 576.26 medium_vehicle
365.31 507.58 367.84 504.17 376.23 510.4 373.7 513.81 medium_vehicle
318.33 788.48 328.96 783.7 331.71 789.81 321.08 794.59 medium_vehicle
706.07 31.95 713.37 31.84 713.64 50.61 706.34 50.72 medium_vehicle
193.71 225.49 202.99 232.48 199.56 237.03 190.28 230.04 medium_vehicle
653.71 55.09 655.05 48.43 672.13 51.87 670.79 58.53 medium_vehicle
1115.59 303.75 1120.49 300.36 1126.14 308.51 1121.24 311.9 medium_vehicle
1243.38 428.49 1247.07 423.52 1257.44 431.21 1253.75 436.18 medium_vehicle
1150.43 848.04 1165.85 853.08 1163.3 860.9 1147.88 855.86 medium_vehicle
