305.22 149.66 310.02 146.11 317.62 156.4 312.82 159.95 small_vessel
561.71 930.16 567.57 942.18 562.3 944.75 556.44 932.73 medium_vehicle
182.08 160.64 196.67 150.5 236.76 208.17 222.17 218.31 large_vessel
69.53 1207.11 73.72 1207.11 73.72 1216.63 69.53 1216.63 medium_vehicle
109.03 1170.09 110.71 1163.32 122.18 1166.16 120.5 1172.93 medium_vehicle
89.65 49.72 128.42 90.72 116.32 102.16 77.55 61.16 large_vessel
102.92 183.15 109.37 154.03 122.91 157.03 116.46 186.15 medium_vessel
122.41 18.68 153.97 48.74 144.83 58.34 113.27 28.28 medium_vessel
57.64 0.67 87.56 29.16 78.41 38.76 48.49 10.27 medium_vessel
48.91 85.45 74.1 109.44 65.15 118.84 39.96 94.85 medium_vessel
482.46 953.08 496.47 955.45 495.27 962.54 481.26 960.17 medium_vehicle
557.08 935.15 563.38 948.05 558.11 950.62 551.81 937.72 medium_vehicle
248.13 79.59 252.53 76.33 260.31 86.85 255.91 90.11 small_vessel
56.35 79.98 83.82 106.14 77.16 113.13 49.69 86.97 medium_vessel
197.19 1213.92 203.15 1212.09 207.24 1225.39 201.28 1227.22 container
501.2 831.55 512.77 834.91 510.98 841.08 499.41 837.72 medium_vehicle
78.98 -10.07 107.66 17.24 95.48 30.03 66.8 2.71 medium_vessel
138.91 4.2 169.46 33.3 160.03 43.2 129.48 14.1 medium_vessel
44.86 32.24 53.19 24.13 75.85 47.43 67.52 55.54 medium_vessel
70.7 1223.0 71.7 1217.92 83.55 1220.27 82.55 1225.35 container
115.12 188.52 121.87 155.9 132.92 158.19 126.17 190.81 medium_vessel
63.93 73.19 89.32 97.37 81.3 105.8 55.91 81.62 medium_vessel
156.72 202.69 159.57 196.01 179.39 204.47 176.54 211.15 medium_vessel
257.34 326.96 265.08 333.47 261.95 337.18 254.21 330.67 medium_vehicle
21.37 110.88 28.33 104.35 42.68 119.63 35.72 126.16 medium_vessel
100.37 154.78 109.46 156.99 104.46 177.5 95.37 175.29 medium_vessel
208.14 1231.27 217.34 1230.92 217.53 1235.92 208.33 1236.27 medium_vehicle
339.11 461.18 346.51 459.03 351.2 475.17 343.8 477.32 large_vehicle
142.91 176.76 152.16 178.14 149.08 198.76 139.83 197.38 medium_vessel
131.61 168.45 140.86 169.84 137.37 193.24 128.12 191.85 medium_vessel
585.3 1064.83 597.08 1069.54 594.88 1075.06 583.1 1070.35 medium_vehicle
122.18 21.37 129.35 14.25 153.69 38.76 146.52 45.88 medium_vessel
49.63 278.23 52.62 272.8 63.62 278.85 60.63 284.28 medium_vehicle
21.15 40.58 51.1 69.1 41.96 78.7 12.01 50.18 medium_vessel
14.67 47.97 42.13 74.12 32.98 83.72 5.52 57.57 medium_vessel
392.4 409.42 398.83 413.65 396.17 417.7 389.74 413.47 medium_vehicle
333.08 455.13 339.61 453.23 343.87 467.86 337.34 469.76 large_vehicle
260.35 179.82 298.88 156.21 307.27 169.91 268.74 193.52 medium_vessel
235.32 197.16 261.22 181.29 268.12 192.55 242.22 208.42 medium_vessel
38.07 22.52 68.62 51.61 59.48 61.2 28.93 32.11 medium_vessel
96.59 0.58 107.36 -9.89 122.01 5.17 111.24 15.65 medium_vessel
