1219.05 0.51 1223.61 -4.28 1241.28 12.48 1236.72 17.28 medium_vessel
1191.88 22.18 1198.65 17.28 1212.27 36.11 1205.5 41.01 medium_vessel
1256.69 92.24 1262.77 85.83 1282.75 104.79 1276.67 111.2 medium_vessel
673.5 584.9 679.2 584.9 679.2 599.5 673.5 599.5 large_vehicle
1257.5 366.0 1261.33 366.0 1261.33 380.4 1257.5 380.4 medium_vehicle
1227.46 -0.63 1231.85 -5.25 1248.06 10.12 1243.67 14.74 medium_vessel
1205.56 5.77 1210.2 0.4 1231.83 19.07 1227.19 24.44 medium_vessel
1232.78 -4.03 1238.61 -10.16 1253.83 4.27 1248.0 10.4 medium_vessel
1200.8 11.02 1206.39 5.13 1228.25 25.87 1222.66 31.76 medium_vessel
373.95 481.81 377.5 477.88 386.28 485.81 382.73 489.74 medium_vehicle
1218.99 0.53 1234.25 14.42 1230.32 18.74 1215.06 4.85 medium_vessel
377.75 441.06 381.29 437.69 390.05 446.89 386.51 450.26 medium_vehicle
1250.8 365.4 1255.05 365.4 1255.05 375.5 1250.8 375.5 medium_vehicle
1193.8 15.49 1198.58 10.07 1217.94 27.14 1213.16 32.56 medium_vessel
672.7 567.7 679.0 567.7 679.0 582.7 672.7 582.7 large_vehicle
