437.09 966.67 436.95 961.1 446.63 960.86 446.77 966.43 medium_vehicle
1048.35 414.21 1054.02 415.01 1052.52 425.53 1046.85 424.73 medium_vehicle
1107.77 460.19 1115.4 464.33 1112.82 469.08 1105.19 464.94 medium_vehicle
1053.68 1130.16 1060.75 1128.58 1065.15 1148.25 1058.08 1149.83 bus
1051.68 1018.97 1066.74 1023.51 1064.78 1030.03 1049.72 1025.49 medium_vehicle
139.83 842.97 145.07 844.9 140.99 856.0 135.75 854.07 medium_vehicle
1043.49 438.71 1048.87 439.87 1046.39 451.32 1041.01 450.16 medium_vehicle
1075.94 1228.75 1079.78 1228.02 1081.68 1237.94 1077.84 1238.67 medium_vehicle
1058.61 1150.38 1065.61 1148.53 1070.76 1168.03 1063.76 1169.88 bus
994.75 788.22 999.38 788.91 998.02 798.05 993.39 797.36 medium_vehicle
