308.87 942.8 315.69 941.63 318.1 955.75 311.28 956.92 heavy_equipment
821.94 435.51 828.66 435.44 829.13 480.96 822.41 481.03 double_trailer_truck
666.95 1265.25 673.64 1266.53 670.81 1281.4 664.12 1280.12 large_vehicle
953.25 390.44 949.88 384.63 981.26 366.44 984.63 372.25 large_vehicle
709.05 816.98 716.05 816.98 716.05 853.67 709.05 853.67 large_vehicle
679.77 325.95 684.99 320.81 712.2 348.41 706.98 353.55 double_trailer_truck
304.94 862.8 311.87 862.8 311.87 877.8 304.94 877.8 heavy_equipment
771.62 563.7 779.1 563.38 780.42 593.5 772.94 593.82 large_vehicle
993.0 430.17 989.12 423.82 1019.16 405.48 1023.04 411.83 large_vehicle
675.66 206.2 672.6 198.92 714.27 181.41 717.33 188.69 double_trailer_truck
776.84 1177.9 783.77 1177.89 783.84 1214.29 776.91 1214.3 large_vehicle
614.46 1242.8 621.27 1242.79 621.34 1278.49 614.53 1278.5 large_vehicle
718.48 1236.34 725.39 1236.61 724.21 1267.32 717.3 1267.05 large_vehicle
385.82 1042.37 379.66 1042.26 380.09 1017.69 386.25 1017.8 large_vehicle
192.66 794.87 184.99 796.19 178.79 760.31 186.46 758.99 large_vehicle
905.25 538.89 911.52 540.66 901.84 574.86 895.57 573.09 large_vehicle
749.35 565.58 755.95 565.49 756.44 600.76 749.84 600.85 large_vehicle
1189.54 477.97 1192.5 471.47 1225.85 486.67 1222.89 493.17 large_vehicle
715.76 570.21 722.36 570.21 722.36 602.4 715.76 602.4 large_vehicle
707.4 242.4 703.64 236.94 735.58 214.99 739.34 220.45 large_vehicle
762.95 471.16 755.64 471.7 753.07 436.77 760.38 436.23 large_vehicle
984.0 422.95 980.18 416.13 1011.19 398.72 1015.01 405.54 large_vehicle
628.43 223.56 625.65 216.43 668.02 199.91 670.8 207.04 double_trailer_truck
1233.84 498.84 1237.21 492.64 1270.37 510.64 1267.0 516.84 large_vehicle
780.16 561.85 786.79 561.57 788.17 593.14 781.54 593.42 large_vehicle
12.26 1019.1 9.78 1012.38 42.77 1000.18 45.25 1006.9 large_vehicle
897.0 536.11 903.34 538.07 892.89 572.04 886.55 570.08 large_vehicle
