279.56 1089.35 292.79 1099.31 289.71 1103.39 276.48 1093.43 medium_vessel
328.52 939.92 345.07 941.75 344.4 947.79 327.85 945.96 medium_vessel
830.59 456.51 837.41 445.68 843.44 449.48 836.62 460.31 medium_vessel
406.63 1128.44 406.52 1132.77 403.89 1132.7 404.0 1128.37 small_vessel
427.68 1122.71 433.1 1128.22 430.58 1130.69 425.16 1125.18 small_vessel
411.5 1125.49 417.67 1130.03 415.31 1133.25 409.14 1128.71 small_vessel
432.75 1116.69 441.39 1124.94 437.75 1128.76 429.11 1120.51 medium_vessel
448.71 1010.93 465.54 1011.49 465.3 1018.49 448.47 1017.93 medium_vessel
420.57 1121.36 425.98 1129.5 422.42 1131.86 417.01 1123.72 small_vessel
316.19 972.7 331.55 982.79 327.95 988.27 312.59 978.18 medium_vessel
434.56 994.68 457.2 997.58 456.11 1006.11 433.47 1003.21 medium_vessel
336.19 1119.02 352.12 1121.32 351.4 1126.32 335.47 1124.02 medium_vessel
388.25 1082.8 395.63 1088.84 393.13 1091.89 385.75 1085.85 small_vessel
352.04 1123.21 365.5 1125.15 364.78 1130.15 351.32 1128.21 medium_vessel
204.98 950.43 212.38 953.47 211.13 956.5 203.73 953.46 small_vessel
382.87 1121.92 383.15 1132.2 377.22 1132.36 376.94 1122.08 medium_vessel
466.4 1043.65 482.97 1046.84 481.65 1053.72 465.08 1050.53 medium_vessel
264.03 914.92 270.52 923.66 265.73 927.21 259.24 918.47 small_vessel
466.92 1031.35 474.92 1031.44 474.87 1035.34 466.87 1035.25 small_vessel
221.68 1040.33 232.15 1037.86 233.37 1043.03 222.9 1045.5 small_vessel
315.42 941.23 313.47 930.32 348.45 924.09 350.4 935.0 large_vessel
371.55 1119.95 378.99 1128.02 375.66 1131.09 368.22 1123.02 medium_vessel
367.62 1084.36 373.76 1090.05 371.42 1092.57 365.28 1086.88 small_vessel
778.67 755.99 788.24 745.48 793.77 750.52 784.2 761.03 medium_vessel
385.6 1123.26 390.07 1129.99 386.91 1132.08 382.44 1125.35 small_vessel
459.87 1091.59 473.45 1096.16 471.87 1100.84 458.29 1096.27 medium_vessel
376.72 1063.27 381.71 1070.61 378.55 1072.76 373.56 1065.42 small_vessel
248.61 985.24 264.33 993.88 261.12 999.73 245.4 991.09 medium_vessel
464.84 1036.05 481.71 1036.61 481.47 1043.57 464.6 1043.01 medium_vessel
239.04 1060.26 245.55 1053.95 249.58 1058.1 243.07 1064.41 small_vessel
335.29 1105.05 332.79 1121.04 322.2 1119.38 324.7 1103.39 medium_vessel
345.22 935.64 346.04 940.34 329.04 943.3 328.22 938.6 medium_vessel
464.94 1080.99 479.64 1089.18 477.96 1092.19 463.26 1084.0 medium_vessel
461.05 1098.28 469.85 1104.76 467.51 1107.93 458.71 1101.45 small_vessel
444.0 1109.71 454.8 1120.03 451.09 1123.92 440.29 1113.6 medium_vessel
447.76 1107.5 458.23 1117.51 454.9 1120.99 444.43 1110.98 medium_vessel
468.1 1052.52 484.27 1056.58 482.56 1063.39 466.39 1059.33 medium_vessel
240.87 920.92 248.25 930.86 243.72 934.23 236.34 924.29 small_vessel
462.55 1082.77 475.53 1091.14 472.68 1095.55 459.7 1087.18 medium_vessel
213.62 936.92 228.71 947.96 224.95 953.11 209.86 942.07 medium_vessel
210.97 940.76 219.37 946.91 216.63 950.65 208.23 944.5 small_vessel
225.99 1048.29 235.46 1043.78 237.93 1048.95 228.46 1053.46 small_vessel
207.89 945.94 216.09 950.73 214.3 953.81 206.1 949.02 small_vessel
451.87 1102.79 463.24 1112.47 460.18 1116.06 448.81 1106.38 medium_vessel
246.78 1068.01 255.39 1063.06 257.85 1067.34 249.24 1072.29 small_vessel
30.13 911.47 42.56 914.13 41.57 918.75 29.14 916.09 medium_vessel
365.48 1118.05 372.21 1128.61 367.35 1131.71 360.62 1121.15 medium_vessel
198.05 983.3 214.05 986.47 212.05 996.56 196.05 993.39 medium_vessel
472.6 1068.98 481.82 1074.62 479.38 1078.61 470.16 1072.97 small_vessel
222.84 928.37 233.9 921.78 236.94 926.87 225.88 933.46 medium_vessel
