925.67 1198.79 995.89 1281.29 972.72 1301.01 902.5 1218.51 large_vessel
334.15 928.62 338.73 924.74 344.7 931.78 340.12 935.66 container
575.27 1213.55 576.77 1212.29 590.4 1228.41 588.9 1229.67 container
586.8 1231.64 588.87 1229.9 600.0 1243.06 597.93 1244.8 container
675.7 838.98 678.32 832.84 688.24 837.07 685.62 843.21 container
658.53 806.66 706.11 827.25 698.68 844.43 651.1 823.84 large_vessel
762.83 888.88 767.32 885.28 774.06 893.69 769.57 897.29 container
324.34 917.11 328.92 913.23 338.67 924.73 334.09 928.61 container
1048.97 1189.17 1054.06 1185.52 1060.9 1195.08 1055.81 1198.73 medium_vehicle
331.94 902.82 331.95 895.73 349.0 895.76 348.99 902.85 container
842.89 1043.96 848.33 1039.26 860.29 1053.12 854.85 1057.82 container
1146.15 1220.97 1160.29 1210.0 1195.18 1254.98 1181.04 1265.95 large_vessel
368.91 899.29 374.21 899.3 374.18 915.5 368.88 915.49 container
573.49 1215.5 575.46 1213.83 588.46 1229.22 586.49 1230.89 container
937.41 970.74 955.87 955.85 1030.22 1048.0 1011.76 1062.89 large_vessel
671.56 1269.98 687.38 1263.68 689.63 1269.34 673.81 1275.64 container
583.75 1232.04 585.56 1230.52 596.68 1243.68 594.87 1245.2 container
315.71 902.3 315.72 895.21 332.03 895.24 332.02 902.33 container
422.52 950.71 417.83 948.54 424.7 933.67 429.39 935.84 container
592.8 1229.91 597.05 1226.31 611.08 1242.91 606.83 1246.51 container
529.2 1160.31 533.09 1157.31 544.88 1172.62 540.99 1175.62 container
347.99 902.7 349.28 895.58 368.27 899.03 366.98 906.15 container
387.68 990.92 391.34 987.67 397.78 994.92 394.12 998.17 container
690.58 838.22 695.57 839.89 692.25 849.79 687.26 848.12 container
537.56 1249.25 542.5 1244.79 555.31 1258.97 550.37 1263.43 container
340.25 936.54 345.16 932.37 351.7 940.08 346.79 944.25 container
598.59 1250.69 603.62 1246.44 614.31 1259.09 609.28 1263.34 container
608.66 1266.83 607.67 1260.33 624.05 1257.85 625.04 1264.35 container
729.6 1191.2 808.99 1280.62 779.63 1306.7 700.24 1217.28 large_vessel
768.46 934.44 772.87 930.77 779.13 938.28 774.72 941.95 container
675.61 891.0 743.71 972.45 720.56 991.81 652.46 910.36 large_vessel
640.85 1232.47 655.46 1226.15 657.84 1231.63 643.23 1237.95 container
677.12 1274.27 690.96 1268.76 693.21 1274.41 679.37 1279.92 container
323.21 896.33 323.81 890.04 334.54 891.06 333.94 897.35 container
589.59 1230.45 591.77 1228.6 605.5 1244.85 603.32 1246.7 container
526.14 1161.94 528.95 1159.78 540.66 1174.99 537.85 1177.15 container
365.41 963.19 370.1 959.44 382.44 974.89 377.75 978.64 container
725.08 835.22 808.62 869.14 798.65 893.7 715.11 859.78 large_vessel
835.32 895.75 837.92 890.97 847.81 896.36 845.21 901.14 small_vessel
346.72 943.85 351.62 939.7 357.56 946.71 352.66 950.86 container
577.04 1212.48 581.29 1208.88 595.32 1225.48 591.07 1229.08 container
777.38 1016.66 890.22 1155.51 862.27 1178.23 749.43 1039.38 large_vessel
583.76 791.48 634.24 856.09 622.6 865.19 572.12 800.58 large_vessel
594.17 789.59 646.41 854.79 635.38 863.63 583.14 798.43 large_vessel
875.4 903.18 900.33 913.97 895.94 924.12 871.01 913.33 medium_vessel
314.12 904.47 318.73 900.89 328.67 913.65 324.06 917.23 container
