544.67 163.58 560.18 149.96 584.76 177.93 569.25 191.55 small_aircraft
61.51 924.18 66.85 926.02 60.01 945.75 54.67 943.91 large_vehicle
729.02 136.13 737.36 149.91 716.94 162.27 708.6 148.49 small_aircraft
565.22 146.45 580.73 132.83 605.21 160.69 589.7 174.31 small_aircraft
713.87 119.78 724.65 131.75 705.65 148.87 694.87 136.9 small_aircraft
740.28 342.89 743.32 346.62 733.4 354.68 730.36 350.95 medium_vehicle
857.32 929.45 861.27 924.59 871.38 932.81 867.43 937.67 medium_vehicle
878.63 924.38 884.62 924.03 885.38 936.82 879.39 937.17 medium_vehicle
211.64 1120.6 215.43 1112.23 238.78 1122.77 234.99 1131.14 bus
238.58 734.24 242.65 727.83 255.9 736.24 251.83 742.65 medium_vehicle
525.42 180.18 540.92 166.55 565.49 194.52 549.99 208.15 small_aircraft
243.73 767.31 239.64 762.92 248.52 754.64 252.61 759.03 medium_vehicle
239.43 762.71 235.34 758.33 244.7 749.6 248.79 753.98 medium_vehicle
864.29 984.3 868.88 979.01 879.77 988.48 875.18 993.77 medium_vehicle
754.22 331.65 757.56 335.76 747.65 343.81 744.31 339.7 medium_vehicle
692.13 404.04 696.05 408.86 683.95 418.7 680.03 413.88 medium_vehicle
702.88 106.36 711.78 117.99 692.52 132.72 683.62 121.09 small_aircraft
592.42 125.09 603.1 115.7 624.11 139.61 613.43 149.0 small_aircraft
