248.51 876.56 263.14 874.85 263.81 880.61 249.18 882.32 container
1032.87 13.65 1030.78 8.85 1044.43 2.89 1046.52 7.69 medium_vehicle
202.14 954.25 208.02 954.62 206.96 971.46 201.08 971.09 medium_vehicle
278.97 126.6 278.43 121.39 291.86 120.01 292.4 125.22 medium_vehicle
272.25 981.65 278.86 981.95 277.56 1010.63 270.95 1010.33 large_vehicle
203.91 936.69 209.6 936.85 209.18 951.81 203.49 951.65 medium_vehicle
261.13 915.22 277.35 913.41 278.06 919.77 261.84 921.58 heavy_equipment
246.93 863.53 262.5 862.63 262.86 868.79 247.29 869.69 container
247.45 869.83 261.93 868.97 262.3 875.21 247.82 876.07 container
252.97 880.7 269.6 879.13 270.31 886.6 253.68 888.17 container
35.45 626.34 41.37 624.67 48.63 650.47 42.71 652.14 large_vehicle
29.64 602.94 36.25 601.44 41.13 622.88 34.52 624.38 large_vehicle
41.0 584.77 47.92 585.96 43.91 609.39 36.99 608.2 large_vehicle
12.45 588.21 19.14 588.18 19.23 611.18 12.54 611.21 large_vehicle
3.32 583.91 10.44 583.88 10.51 606.55 3.39 606.58 large_vehicle
26.18 677.4 48.43 675.81 49.0 683.86 26.75 685.45 medium_vehicle
38.46 685.63 57.28 694.41 53.63 702.24 34.81 693.46 heavy_equipment
42.36 796.09 47.68 792.92 60.84 815.0 55.52 818.17 large_vehicle
146.87 817.74 169.47 828.28 166.0 835.73 143.4 825.19 heavy_equipment
177.56 824.74 183.61 825.54 181.93 838.13 175.88 837.33 medium_vehicle
11.1 881.79 18.58 882.24 17.19 905.64 9.71 905.19 large_vehicle
211.7 1117.56 216.82 1117.64 216.59 1132.54 211.47 1132.46 medium_vehicle
187.56 1099.35 193.75 1099.24 194.03 1115.24 187.84 1115.35 medium_vehicle
310.82 1037.18 317.39 1037.42 316.66 1057.38 310.09 1057.14 medium_vehicle
300.75 1036.19 307.54 1035.72 309.24 1060.01 302.45 1060.48 large_vehicle
293.5 1038.25 299.49 1037.96 300.29 1055.04 294.3 1055.33 medium_vehicle
284.79 1036.23 291.38 1036.16 291.57 1054.46 284.98 1054.53 medium_vehicle
276.46 1036.48 282.85 1036.38 283.12 1053.34 276.73 1053.44 medium_vehicle
278.79 405.67 285.95 406.21 283.22 442.51 276.06 441.97 large_vehicle
191.33 46.4 194.74 53.07 177.67 61.81 174.26 55.14 medium_vehicle
237.88 38.65 243.63 43.3 227.93 62.68 222.18 58.03 heavy_equipment
1024.15 901.44 1097.75 901.95 1097.26 971.75 1023.66 971.24 large_aircraft
1011.2 635.17 1105.4 635.82 1104.79 722.82 1010.59 722.17 large_aircraft
1000.17 536.1 1014.37 554.41 999.83 565.7 985.63 547.39 small_aircraft
982.22 570.18 999.64 550.0 1013.75 562.18 996.33 582.36 small_aircraft
1137.31 629.35 1186.9 627.09 1189.04 674.03 1139.45 676.29 small_aircraft
1012.68 793.53 1051.15 793.06 1051.59 828.96 1013.12 829.43 small_aircraft
1036.78 817.17 1057.26 816.21 1058.43 841.1 1037.95 842.06 small_aircraft
1013.32 832.32 1053.53 830.49 1055.12 865.35 1014.91 867.18 small_aircraft
1031.5 871.6 1053.3 871.6 1053.3 901.5 1031.5 901.5 small_aircraft
1039.4 975.7 1075.2 975.7 1075.2 1008.3 1039.4 1008.3 small_aircraft
1168.86 674.07 1190.98 656.66 1196.14 663.23 1174.02 680.64 large_vehicle
