112.27 1125.72 139.96 1124.85 140.62 1145.93 112.93 1146.8 small_aircraft
1138.87 727.63 1138.74 720.01 1162.4 719.6 1162.53 727.22 large_vehicle
1138.57 718.99 1138.44 711.37 1161.12 710.98 1161.25 718.6 large_vehicle
1137.02 690.92 1136.45 682.76 1159.13 681.18 1159.7 689.34 large_vehicle
114.66 1049.37 140.46 1049.82 140.13 1068.72 114.33 1068.27 small_aircraft
1142.17 680.36 1141.64 672.75 1159.38 671.51 1159.91 679.12 large_vehicle
20.9 174.11 35.26 170.07 37.07 176.49 22.71 180.53 medium_vehicle
374.25 589.43 381.29 590.44 377.63 615.88 370.59 614.87 heavy_equipment
924.07 655.79 931.05 655.43 932.29 679.1 925.31 679.46 large_vehicle
914.28 653.65 921.12 653.04 923.26 677.08 916.42 677.69 large_vehicle
916.41 679.05 923.4 678.43 925.42 701.04 918.43 701.66 large_vehicle
938.69 705.04 945.58 704.76 946.4 725.23 939.51 725.51 medium_vehicle
1126.95 905.25 1132.23 901.58 1143.35 917.58 1138.07 921.25 medium_vehicle
1085.68 940.64 1166.13 935.72 1171.65 1026.05 1091.2 1030.97 large_aircraft
993.4 948.85 1073.97 946.74 1076.37 1038.32 995.8 1040.43 large_aircraft
895.32 938.58 976.7 936.45 979.11 1028.41 897.73 1030.54 large_aircraft
421.44 1031.18 511.14 1028.83 513.28 1110.91 423.58 1113.26 large_aircraft
1141.57 663.99 1141.09 656.38 1158.84 655.26 1159.32 662.87 large_vehicle
931.98 108.75 933.17 103.75 946.79 106.99 945.6 111.99 medium_vehicle
329.6 1036.68 419.36 1034.33 421.52 1117.01 331.76 1119.36 large_aircraft
325.07 944.99 415.53 942.62 417.69 1025.1 327.23 1027.47 large_aircraft
502.26 946.98 646.11 934.4 658.33 1074.12 514.48 1086.7 large_aircraft
