360.66 613.71 377.71 615.93 376.87 622.42 359.82 620.2 medium_vehicle
373.41 572.21 390.89 576.15 389.53 582.19 372.05 578.25 medium_vehicle
656.8 89.59 721.92 143.66 653.35 226.25 588.23 172.18 large_aircraft
734.43 703.39 749.84 706.19 748.62 712.88 733.21 710.08 medium_vehicle
635.13 375.84 718.25 397.81 695.15 485.25 612.03 463.28 large_aircraft
900.04 300.09 987.4 321.87 966.68 404.97 879.32 383.19 large_aircraft
1180.99 537.82 1261.51 501.63 1315.26 621.22 1234.74 657.41 large_aircraft
1181.76 713.94 1262.59 675.56 1297.91 749.95 1217.08 788.33 large_aircraft
1089.82 866.14 1215.76 807.14 1277.61 939.18 1151.67 998.18 large_aircraft
758.38 738.46 862.98 721.52 876.98 807.94 772.38 824.88 large_aircraft
