476.39 1132.24 489.75 1140.29 486.66 1145.42 473.3 1137.37 medium_vehicle
463.83 1060.42 470.48 1062.9 464.65 1078.59 458.0 1076.11 medium_vehicle
457.31 1050.84 464.3 1053.38 457.64 1071.77 450.65 1069.23 medium_vehicle
286.41 808.29 301.38 811.26 299.96 818.41 284.99 815.44 medium_vehicle
280.0 815.1 294.76 818.02 293.39 824.96 278.63 822.04 medium_vehicle
30.63 451.68 37.53 451.79 37.26 468.49 30.36 468.38 medium_vehicle
46.1 452.03 52.36 452.38 51.6 466.05 45.34 465.7 medium_vehicle
1007.64 82.34 1014.55 84.37 1007.37 108.77 1000.46 106.74 heavy_equipment
1107.01 78.11 1114.15 78.9 1111.34 104.38 1104.2 103.59 heavy_equipment
1118.84 81.09 1125.57 78.81 1136.04 109.72 1129.31 112.0 heavy_equipment
1126.49 75.79 1132.48 71.91 1147.78 95.46 1141.79 99.34 heavy_equipment
1126.62 33.15 1150.02 33.44 1149.91 42.14 1126.51 41.85 heavy_equipment
1169.45 24.46 1177.25 24.15 1177.98 42.23 1170.18 42.54 heavy_equipment
1243.77 56.25 1251.75 55.38 1254.65 82.08 1246.67 82.95 heavy_equipment
1253.42 56.75 1260.57 56.64 1260.92 79.24 1253.77 79.35 heavy_equipment
1265.4 54.65 1273.3 54.74 1273.07 77.14 1265.17 77.05 heavy_equipment
1274.15 54.41 1280.25 54.38 1280.34 77.38 1274.24 77.41 heavy_equipment
1086.95 72.49 1094.26 73.21 1092.05 95.78 1084.74 95.06 large_vehicle
1079.15 70.12 1085.91 70.87 1083.4 93.3 1076.64 92.55 large_vehicle
1069.99 71.5 1076.78 72.16 1074.88 91.57 1068.09 90.91 medium_vehicle
1063.67 69.93 1070.19 70.87 1067.38 90.37 1060.86 89.43 medium_vehicle
1118.65 66.13 1140.06 63.85 1141.01 72.73 1119.6 75.01 medium_vehicle
1097.42 65.55 1115.9 65.64 1115.85 73.34 1097.37 73.25 medium_vehicle
1100.88 32.04 1123.0 33.98 1122.25 42.55 1100.13 40.61 medium_vehicle
1076.41 28.89 1096.47 33.93 1094.64 41.24 1074.58 36.2 medium_vehicle
1098.06 40.94 1131.78 42.88 1131.31 50.96 1097.59 49.02 large_vehicle
991.8 64.39 1004.87 47.41 1010.76 51.95 997.69 68.93 medium_vehicle
1028.06 41.24 1034.77 42.95 1030.25 60.69 1023.54 58.98 heavy_equipment
927.9 1.16 935.71 1.69 934.08 25.56 926.27 25.03 heavy_equipment
875.52 -0.39 881.99 0.04 880.61 20.35 874.14 19.91 large_vehicle
718.87 90.73 725.26 90.66 725.51 114.18 719.12 114.25 large_vehicle
534.4 16.3 550.4 16.3 550.4 23.2 534.4 23.2 heavy_equipment
577.78 19.95 586.27 22.43 577.63 51.97 569.14 49.49 heavy_equipment
831.21 16.48 846.92 28.84 841.81 35.32 826.1 22.96 heavy_equipment
895.12 687.81 900.54 689.15 897.55 701.21 892.13 699.87 heavy_equipment
472.5 1140.7 479.78 1142.86 473.81 1163.0 466.53 1160.84 large_vehicle
617.52 398.76 652.24 396.03 652.84 403.6 618.12 406.33 large_vehicle
385.52 201.44 385.64 207.43 369.56 207.73 369.44 201.74 heavy_equipment
708.31 127.96 707.5 135.14 679.72 132.02 680.53 124.84 heavy_equipment
409.33 174.11 414.5 173.7 415.58 187.12 410.41 187.53 medium_vehicle
333.01 150.78 338.67 151.5 336.63 167.39 330.97 166.67 medium_vehicle
52.14 47.93 61.88 39.01 65.76 43.23 56.02 52.15 container
76.78 25.35 84.59 18.2 88.46 22.43 80.65 29.58 container
85.89 16.57 93.7 9.42 97.57 13.65 89.76 20.8 container
93.83 7.22 105.39 -3.37 110.56 2.25 99.0 12.85 medium_vehicle
709.56 91.21 716.16 91.18 716.23 111.78 709.63 111.81 medium_vehicle
553.12 27.93 560.31 27.5 561.65 50.16 554.46 50.59 large_vehicle
545.06 28.01 552.28 27.56 553.71 50.25 546.49 50.7 large_vehicle
537.57 26.31 544.57 26.48 544.01 49.39 537.01 49.22 large_vehicle
471.15 21.78 478.51 22.44 476.45 45.61 469.09 44.95 large_vehicle
240.9 89.38 258.76 91.67 257.91 98.31 240.05 96.02 medium_vehicle
145.87 67.98 185.66 70.83 185.07 79.0 145.28 76.15 large_vehicle
1101.8 398.48 1123.5 398.51 1123.49 406.21 1101.79 406.18 medium_vehicle
1049.53 393.18 1068.79 406.13 1064.65 412.29 1045.39 399.34 large_vehicle
1036.5 397.14 1048.77 408.07 1043.31 414.2 1031.04 403.27 heavy_equipment
1004.44 413.94 1025.98 407.68 1028.19 415.29 1006.65 421.55 heavy_equipment
944.87 446.91 966.69 443.77 967.96 452.58 946.14 455.72 heavy_equipment
990.96 556.82 1004.0 569.54 998.17 575.52 985.13 562.8 heavy_equipment
1246.33 576.99 1267.38 574.26 1268.35 581.78 1247.3 584.51 medium_vehicle
1263.66 598.6 1275.79 580.2 1282.11 584.36 1269.98 602.76 medium_vehicle
1170.13 555.61 1176.31 558.87 1166.1 578.23 1159.92 574.97 medium_vehicle
1180.32 555.54 1186.19 559.17 1174.34 578.36 1168.47 574.73 medium_vehicle
1271.91 785.53 1277.16 786.57 1273.35 805.84 1268.1 804.8 container
1249.15 786.46 1254.62 787.03 1253.08 801.75 1247.61 801.18 container
1172.69 765.97 1177.73 767.05 1173.94 784.74 1168.9 783.66 container
854.01 17.61 868.77 16.79 869.18 24.18 854.42 25.0 heavy_equipment
999.75 75.5 1006.74 77.28 1000.45 101.93 993.46 100.15 heavy_equipment
600.26 40.74 623.32 42.47 622.65 51.38 599.59 49.65 heavy_equipment
637.54 52.88 644.74 53.45 643.25 71.95 636.05 71.38 heavy_equipment
666.0 20.5 687.1 20.5 687.1 28.65 666.0 28.65 heavy_equipment
578.33 159.14 598.15 159.66 597.97 166.64 578.15 166.12 medium_vehicle
1256.49 786.34 1261.42 787.0 1259.05 804.75 1254.12 804.09 container
1207.63 776.8 1212.18 777.32 1210.14 795.31 1205.59 794.79 container
1201.57 773.95 1207.29 775.38 1202.08 796.29 1196.36 794.86 large_vehicle
1193.95 770.2 1200.02 771.59 1194.49 795.74 1188.42 794.35 large_vehicle
1178.06 768.62 1183.38 769.69 1178.04 796.19 1172.72 795.12 large_vehicle
864.97 831.77 870.02 826.26 887.67 842.44 882.62 847.95 heavy_equipment
1141.44 946.37 1156.34 946.22 1156.41 953.32 1141.51 953.47 medium_vehicle
1200.03 1032.92 1206.53 1033.08 1206.16 1048.46 1199.66 1048.3 container
1180.23 1029.92 1186.82 1030.3 1185.94 1045.7 1179.35 1045.32 container
725.77 478.33 746.16 496.95 740.5 503.15 720.11 484.53 heavy_equipment
715.72 546.86 734.56 553.94 731.88 561.06 713.04 553.98 container
626.21 376.6 647.63 374.61 648.38 382.71 626.96 384.7 container
587.42 378.8 614.21 378.99 614.16 385.59 587.37 385.4 bus
590.78 1000.61 595.62 1001.9 591.6 1017.04 586.76 1015.75 medium_vehicle
1165.7 772.11 1170.59 773.11 1166.96 790.98 1162.07 789.98 container
1152.74 761.21 1157.85 761.96 1155.08 780.7 1149.97 779.95 container
1140.0 762.84 1146.56 764.83 1141.43 781.7 1134.87 779.71 medium_vehicle
1096.47 733.16 1105.22 734.2 1102.13 760.08 1093.38 759.04 heavy_equipment
1084.52 734.31 1093.08 734.95 1091.23 759.58 1082.67 758.94 heavy_equipment
1066.76 731.47 1074.24 732.9 1069.81 756.11 1062.33 754.68 large_vehicle
1059.9 729.36 1067.08 731.22 1061.04 754.58 1053.86 752.72 large_vehicle
1027.4 756.51 1051.94 759.13 1051.07 767.18 1026.53 764.56 large_vehicle
1006.94 753.28 1022.24 755.14 1021.4 762.1 1006.1 760.24 medium_vehicle
847.73 791.43 854.4 793.24 850.55 807.43 843.88 805.62 heavy_equipment
1218.79 944.05 1235.61 944.14 1235.56 952.43 1218.74 952.34 heavy_equipment
1225.08 1007.47 1249.57 1013.48 1247.45 1022.12 1222.96 1016.11 heavy_equipment
1216.24 1009.1 1224.02 1009.3 1223.37 1033.99 1215.59 1033.79 heavy_equipment
1181.85 955.86 1189.19 954.9 1192.06 976.72 1184.72 977.68 medium_vehicle
1272.63 876.17 1279.27 876.67 1277.78 896.55 1271.14 896.05 medium_vehicle
933.16 911.02 940.47 911.4 939.45 930.88 932.14 930.5 medium_vehicle
685.08 456.49 693.88 457.83 689.77 485.02 680.97 483.68 heavy_equipment
718.23 556.67 738.72 564.21 735.04 574.22 714.55 566.68 heavy_equipment
734.82 470.2 752.44 485.25 746.92 491.72 729.3 476.67 container
744.67 463.18 748.96 458.05 768.81 474.65 764.52 479.78 large_vehicle
639.61 430.47 677.33 439.1 675.38 447.59 637.66 438.96 large_vehicle
641.38 423.88 678.07 432.28 676.37 439.68 639.68 431.28 large_vehicle
603.5 413.11 625.15 414.29 624.78 421.09 603.13 419.91 medium_vehicle
607.43 421.59 634.97 424.59 634.02 433.28 606.48 430.28 heavy_equipment
575.18 433.0 582.26 434.07 579.65 451.33 572.57 450.26 heavy_equipment
612.54 389.28 635.54 388.91 635.69 398.31 612.69 398.68 heavy_equipment
728.96 403.91 735.88 405.04 731.4 432.37 724.48 431.24 large_vehicle
718.52 412.38 725.2 413.12 722.71 435.67 716.03 434.93 large_vehicle
711.84 407.16 718.49 408.03 715.41 431.43 708.76 430.56 large_vehicle
592.38 445.52 599.37 445.9 598.19 467.67 591.2 467.29 medium_vehicle
571.55 452.16 578.35 452.79 576.05 477.56 569.25 476.93 large_vehicle
548.2 452.57 570.94 455.28 569.95 463.6 547.21 460.89 large_vehicle
546.53 467.65 569.43 470.38 568.53 477.91 545.63 475.18 large_vehicle
547.11 460.63 570.19 463.38 569.3 470.82 546.22 468.07 large_vehicle
548.37 511.55 556.14 512.72 552.66 535.97 544.89 534.8 large_vehicle
569.66 507.86 576.64 508.44 574.49 534.61 567.51 534.03 large_vehicle
