411.64 966.07 416.42 968.75 408.58 982.72 403.8 980.04 large_vehicle
427.93 901.31 434.4 905.94 422.77 922.18 416.3 917.55 medium_vehicle
545.34 890.29 571.53 905.04 567.81 911.65 541.62 896.9 large_vehicle
683.75 987.91 688.88 991.6 679.28 1004.91 674.15 1001.22 container
295.63 273.05 338.99 220.64 395.92 267.74 352.56 320.15 large_aircraft
656.12 1069.03 661.95 1072.83 654.23 1084.68 648.4 1080.88 medium_vehicle
578.52 1014.36 583.7 1018.47 574.28 1030.37 569.1 1026.26 medium_vehicle
557.52 996.13 561.99 999.87 552.44 1011.29 547.97 1007.55 medium_vehicle
394.62 915.66 400.57 919.54 392.26 932.28 386.31 928.4 medium_vehicle
354.65 892.01 370.43 901.09 367.11 906.86 351.33 897.78 medium_vehicle
307.51 853.82 311.65 856.83 303.14 868.54 299.0 865.53 medium_vehicle
380.5 872.88 385.44 876.41 377.1 888.05 372.16 884.52 medium_vehicle
393.1 877.31 398.58 881.32 389.06 894.33 383.58 890.32 medium_vehicle
255.82 352.49 324.13 282.98 371.88 329.91 303.57 399.42 large_aircraft
217.98 355.51 243.43 359.68 240.22 379.23 214.77 375.06 small_aircraft
463.4 408.08 470.48 413.61 450.35 439.37 443.27 433.84 bus
520.47 431.15 526.43 435.04 514.53 453.3 508.57 449.41 medium_vehicle
456.78 510.58 461.43 513.98 449.29 530.56 444.64 527.16 medium_vehicle
367.98 822.52 372.68 826.14 364.09 837.29 359.39 833.67 medium_vehicle
330.79 835.44 336.48 839.68 327.6 851.6 321.91 847.36 medium_vehicle
393.99 840.8 399.2 844.38 390.84 856.54 385.63 852.96 medium_vehicle
406.59 848.9 411.41 852.37 402.15 865.25 397.33 861.78 medium_vehicle
413.9 854.56 418.71 858.13 409.78 870.14 404.97 866.57 medium_vehicle
432.35 867.05 437.38 870.58 428.34 883.44 423.31 879.91 medium_vehicle
437.48 870.87 442.78 874.65 433.82 887.2 428.52 883.42 medium_vehicle
443.73 875.77 448.93 878.98 440.67 892.37 435.47 889.16 medium_vehicle
458.14 885.71 463.83 889.29 455.31 902.87 449.62 899.29 medium_vehicle
480.48 941.42 486.12 945.35 475.81 960.14 470.17 956.21 medium_vehicle
458.19 925.92 462.92 929.26 454.35 941.37 449.62 938.03 medium_vehicle
734.59 1152.61 738.93 1157.4 728.46 1166.89 724.12 1162.1 medium_vehicle
718.9 1111.15 724.24 1114.63 715.52 1128.01 710.18 1124.53 medium_vehicle
685.96 1091.5 691.64 1095.21 683.83 1107.18 678.15 1103.47 medium_vehicle
690.41 992.62 695.37 996.19 685.77 1009.5 680.81 1005.93 container
404.45 372.1 410.97 376.0 399.1 395.91 392.58 392.01 large_vehicle
422.03 374.51 428.28 378.82 415.12 397.9 408.87 393.59 large_vehicle
451.41 388.5 457.74 392.7 444.92 412.01 438.59 407.81 large_vehicle
31.66 702.64 36.48 706.1 28.98 716.55 24.16 713.09 medium_vehicle
184.61 1056.86 182.66 1062.6 169.04 1057.99 170.99 1052.25 medium_vehicle
168.51 1049.85 167.09 1056.54 150.78 1053.07 152.2 1046.38 medium_vehicle
