1032.8 768.82 1047.45 767.64 1048.09 775.52 1033.44 776.7 medium_vehicle
31.71 609.47 47.8 609.32 47.85 616.01 31.76 616.16 medium_vehicle
17.66 625.98 39.32 625.79 39.39 633.22 17.73 633.41 medium_vehicle
551.58 831.57 557.29 831.34 557.92 847.05 552.21 847.28 medium_vehicle
628.63 814.29 640.72 839.87 624.25 847.65 612.16 822.07 small_aircraft
602.27 850.12 629.14 851.44 628.04 874.04 601.17 872.72 small_aircraft
839.55 903.13 867.44 898.32 871.18 919.99 843.29 924.8 small_aircraft
33.72 617.36 50.4 617.51 50.35 624.2 33.67 624.05 medium_vehicle
51.57 383.52 57.85 383.27 58.51 399.7 52.23 399.95 medium_vehicle
285.34 580.8 300.7 586.67 298.21 593.2 282.85 587.33 medium_vehicle
864.89 232.32 890.91 235.98 889.89 243.22 863.87 239.56 bus
288.37 573.98 304.39 580.68 301.84 586.79 285.82 580.09 medium_vehicle
290.92 567.73 307.27 572.95 305.31 579.08 288.96 573.86 medium_vehicle
292.81 560.61 308.35 565.24 306.44 571.64 290.9 567.01 medium_vehicle
295.99 553.15 311.09 557.51 309.22 564.0 294.12 559.64 medium_vehicle
303.7 545.04 319.26 553.95 316.16 559.36 300.6 550.45 medium_vehicle
307.9 540.14 322.03 547.15 319.48 552.29 305.35 545.28 medium_vehicle
311.44 534.38 325.91 541.29 323.08 547.21 308.61 540.3 medium_vehicle
414.8 430.2 438.45 433.86 437.33 441.08 413.68 437.42 large_vehicle
1012.42 762.28 1030.13 769.51 1027.9 774.99 1010.19 767.76 medium_vehicle
671.3 30.79 675.23 25.95 688.45 36.69 684.52 41.53 container
665.55 32.91 672.05 34.7 667.8 50.12 661.3 48.33 container
657.83 30.6 664.95 32.29 661.0 48.84 653.88 47.15 container
652.43 27.97 658.28 31.45 650.6 44.39 644.75 40.91 container
403.0 60.52 417.96 67.34 415.51 72.73 400.55 65.91 medium_vehicle
