137.44 652.32 137.34 646.59 151.62 646.34 151.72 652.07 medium_vehicle
1073.29 398.43 1089.81 399.67 1089.13 408.77 1072.61 407.53 heavy_equipment
1209.84 254.44 1231.14 254.15 1231.25 262.15 1209.95 262.44 heavy_equipment
1211.62 298.15 1229.42 298.24 1229.37 306.14 1211.57 306.05 heavy_equipment
1214.18 307.12 1227.08 307.07 1227.11 315.07 1214.21 315.12 heavy_equipment
1209.69 317.21 1225.18 317.59 1225.0 324.98 1209.51 324.6 heavy_equipment
1158.83 321.89 1177.92 322.02 1177.86 330.56 1158.77 330.43 heavy_equipment
1157.97 310.03 1182.77 309.9 1182.82 319.54 1158.02 319.67 heavy_equipment
1162.77 301.03 1174.77 300.96 1174.82 309.56 1162.82 309.63 heavy_equipment
1156.11 259.11 1175.11 258.68 1175.3 267.08 1156.3 267.51 heavy_equipment
1154.46 247.95 1171.99 247.64 1172.18 258.73 1154.65 259.04 heavy_equipment
1155.44 236.47 1175.65 236.72 1175.54 245.94 1155.33 245.69 heavy_equipment
1153.62 224.62 1171.31 224.37 1171.46 235.09 1153.77 235.34 heavy_equipment
1207.54 325.99 1223.05 326.18 1222.96 334.02 1207.45 333.83 medium_vehicle
1212.33 287.69 1230.19 287.9 1230.1 294.58 1212.24 294.37 medium_vehicle
1065.16 353.0 1091.43 359.75 1089.35 367.84 1063.08 361.09 heavy_equipment
1095.94 356.84 1112.11 358.06 1111.43 367.15 1095.26 365.93 heavy_equipment
1099.11 344.75 1114.69 346.69 1113.76 354.24 1098.18 352.3 medium_vehicle
1062.39 436.15 1078.15 439.13 1076.92 445.68 1061.16 442.7 medium_vehicle
1050.98 456.71 1068.26 465.78 1064.8 472.37 1047.52 463.3 medium_vehicle
1052.32 469.55 1067.65 474.98 1065.37 481.42 1050.04 475.99 medium_vehicle
1052.06 487.37 1067.84 489.28 1066.97 496.42 1051.19 494.51 medium_vehicle
1050.67 495.64 1066.65 499.07 1065.14 506.13 1049.16 502.7 medium_vehicle
1049.56 503.64 1064.94 508.97 1062.46 516.13 1047.08 510.8 medium_vehicle
1045.57 511.93 1060.79 517.44 1058.47 523.87 1043.25 518.36 medium_vehicle
1116.71 477.56 1121.61 473.18 1136.4 489.72 1131.5 494.1 medium_vehicle
1064.52 446.67 1080.14 449.62 1078.92 456.08 1063.3 453.13 medium_vehicle
1049.59 552.92 1056.4 554.2 1052.85 573.17 1046.04 571.89 medium_vehicle
1043.11 520.16 1057.98 525.55 1055.68 531.91 1040.81 526.52 medium_vehicle
1044.38 575.16 1051.65 577.59 1044.97 597.55 1037.7 595.12 medium_vehicle
1078.62 593.18 1091.75 604.48 1087.95 608.89 1074.82 597.59 medium_vehicle
1074.08 603.79 1089.56 614.75 1085.7 620.2 1070.22 609.24 medium_vehicle
1084.94 586.19 1100.24 596.82 1096.8 601.77 1081.5 591.14 medium_vehicle
1094.41 583.02 1110.02 593.79 1106.31 599.16 1090.7 588.39 medium_vehicle
977.07 877.38 993.04 865.61 998.08 872.44 982.11 884.21 medium_vehicle
861.15 913.58 884.59 912.02 885.1 919.7 861.66 921.26 medium_vehicle
705.96 1016.78 722.13 1023.18 719.7 1029.3 703.53 1022.9 medium_vehicle
706.97 1005.91 728.68 1014.16 725.72 1021.95 704.01 1013.7 medium_vehicle
710.76 998.92 739.0 1010.33 736.47 1016.59 708.23 1005.18 bus
647.88 1029.58 653.52 1032.8 642.35 1052.37 636.71 1049.15 bus
652.32 885.36 657.65 883.18 664.53 900.05 659.2 902.23 medium_vehicle
621.88 871.6 640.85 855.51 645.28 860.73 626.31 876.82 large_vehicle
649.34 846.64 653.24 842.69 664.84 854.13 660.94 858.08 medium_vehicle
660.58 838.5 664.62 834.69 676.1 846.88 672.06 850.69 medium_vehicle
712.19 835.89 716.64 832.83 724.74 844.62 720.29 847.68 medium_vehicle
691.47 517.08 698.06 516.73 698.84 531.24 692.25 531.59 container
684.6 531.5 700.4 531.5 700.4 538.4 684.6 538.4 container
1091.0 766.73 1106.93 749.82 1112.12 754.71 1096.19 771.62 large_vehicle
1096.81 786.62 1112.98 770.11 1118.89 775.89 1102.72 792.4 large_vehicle
1153.63 266.71 1175.03 266.44 1175.16 277.19 1153.76 277.46 heavy_equipment
1154.89 277.19 1180.89 276.64 1181.1 286.84 1155.1 287.39 heavy_equipment
1154.91 286.95 1181.61 287.04 1181.58 297.84 1154.88 297.75 heavy_equipment
1264.32 258.37 1263.8 253.57 1275.3 252.32 1275.82 257.12 medium_vehicle
1166.34 457.89 1165.84 438.81 1172.48 438.63 1172.98 457.71 medium_vehicle
763.59 799.52 768.04 796.46 775.72 807.64 771.27 810.7 medium_vehicle
159.5 652.36 159.4 646.19 172.7 645.95 172.8 652.12 container
1262.68 236.31 1280.43 234.72 1281.25 244.01 1263.5 245.6 heavy_equipment
1263.69 224.21 1279.87 222.77 1280.66 231.68 1264.48 233.12 heavy_equipment
1097.86 210.87 1103.85 210.55 1104.93 230.57 1098.94 230.89 medium_vehicle
1237.68 217.38 1244.88 217.64 1243.51 255.07 1236.31 254.81 large_vehicle
1255.93 196.69 1274.85 194.1 1275.95 202.14 1257.03 204.73 medium_vehicle
1234.07 140.29 1240.04 139.46 1242.57 157.68 1236.6 158.51 medium_vehicle
1241.03 138.71 1246.93 138.49 1247.58 155.38 1241.68 155.6 medium_vehicle
1232.4 170.16 1237.96 167.92 1245.2 185.83 1239.64 188.07 medium_vehicle
