645.72 823.99 652.21 823.61 653.35 843.29 646.86 843.67 medium_vehicle
173.88 800.47 195.28 799.94 195.51 809.44 174.11 809.97 medium_vehicle
353.84 757.75 381.76 759.66 381.18 768.16 353.26 766.25 heavy_equipment
274.47 781.42 293.22 768.87 299.16 777.75 280.41 790.3 heavy_equipment
383.41 1020.61 391.0 1020.33 392.58 1063.39 384.99 1063.67 heavy_equipment
149.52 871.63 169.71 865.11 172.07 872.44 151.88 878.96 medium_vehicle
71.39 845.45 92.88 844.55 93.17 851.34 71.68 852.24 medium_vehicle
75.37 859.05 97.87 858.54 98.0 864.33 75.5 864.84 medium_vehicle
175.43 769.32 194.79 768.28 195.17 775.35 175.81 776.39 medium_vehicle
126.65 758.23 133.72 757.49 136.23 781.37 129.16 782.11 large_vehicle
789.94 1107.33 808.08 1103.31 809.29 1108.78 791.15 1112.8 medium_vehicle
179.39 791.46 196.03 790.47 196.43 797.08 179.79 798.07 medium_vehicle
111.0 841.5 116.28 841.37 116.57 853.03 111.29 853.16 medium_vehicle
76.06 852.05 92.07 851.38 92.35 858.18 76.34 858.85 medium_vehicle
653.4 1168.38 671.63 1168.61 671.56 1174.41 653.33 1174.18 medium_vehicle
382.74 1037.25 388.11 1037.05 388.88 1058.14 383.51 1058.34 medium_vehicle
366.44 1026.02 372.11 1026.78 369.89 1043.2 364.22 1042.44 medium_vehicle
385.09 1083.12 379.4 1082.55 380.98 1067.03 386.67 1067.6 medium_vehicle
361.04 1105.7 354.82 1104.95 357.82 1080.18 364.04 1080.93 large_vehicle
139.7 756.3 146.4 756.1 147.15 781.49 140.45 781.69 large_vehicle
3.69 797.76 11.07 797.63 11.39 815.92 4.01 816.05 container
80.14 782.99 85.45 782.44 86.98 796.99 81.67 797.54 medium_vehicle
112.45 768.48 118.07 766.4 123.97 782.36 118.35 784.44 medium_vehicle
228.35 970.39 234.35 970.61 233.62 990.6 227.62 990.38 medium_vehicle
630.17 900.66 642.29 910.94 637.64 916.42 625.52 906.14 heavy_equipment
617.32 757.14 633.92 757.25 633.87 765.15 617.27 765.04 heavy_equipment
632.56 736.96 639.87 735.79 643.63 759.23 636.32 760.4 large_vehicle
652.04 732.23 658.91 731.64 660.91 755.02 654.04 755.61 large_vehicle
644.5 736.95 651.67 736.33 653.71 760.16 646.54 760.78 large_vehicle
590.32 928.38 594.08 934.14 581.63 942.25 577.87 936.49 medium_vehicle
398.88 714.27 405.48 714.32 405.31 738.22 398.71 738.17 large_vehicle
38.91 989.7 44.73 989.91 44.0 1009.71 38.18 1009.5 medium_vehicle
5.52 1033.19 10.15 1033.69 8.44 1049.7 3.81 1049.2 medium_vehicle
417.87 921.85 437.08 922.96 436.64 930.63 417.43 929.52 medium_vehicle
605.88 1008.48 626.58 1001.99 628.94 1009.53 608.24 1016.02 large_vehicle
368.24 717.16 374.11 715.25 380.2 734.0 374.33 735.91 medium_vehicle
370.05 978.88 377.23 979.85 371.98 1018.7 364.8 1017.73 large_vehicle
417.13 907.47 436.27 909.15 435.6 916.78 416.46 915.1 medium_vehicle
