1222.99 573.97 1225.83 575.93 1221.27 582.54 1218.43 580.58 medium_vehicle
1249.65 637.22 1253.27 638.48 1250.07 647.65 1246.45 646.39 medium_vehicle
1221.25 568.78 1224.21 570.57 1219.77 577.9 1216.81 576.11 medium_vehicle
888.97 370.0 896.92 378.58 883.75 390.78 875.8 382.2 small_aircraft
527.05 301.51 540.24 301.05 541.13 326.56 527.94 327.02 small_aircraft
885.11 438.21 888.49 439.71 884.46 448.75 881.08 447.25 medium_vehicle
1214.03 560.82 1216.65 563.06 1211.09 569.59 1208.47 567.35 medium_vehicle
506.75 303.25 521.05 302.75 521.94 328.24 507.64 328.74 small_aircraft
569.51 242.45 584.34 249.18 576.22 267.08 561.39 260.35 small_aircraft
1227.01 581.14 1230.14 583.34 1225.27 590.3 1222.14 588.1 medium_vehicle
1208.1 538.97 1211.13 540.59 1206.81 548.67 1203.78 547.05 medium_vehicle
668.9 1102.26 672.91 1100.02 676.6 1106.62 672.59 1108.86 medium_vehicle
1203.64 557.27 1207.02 558.78 1202.99 567.82 1199.61 566.31 medium_vehicle
