829.9 29.15 835.62 32.98 813.97 65.31 808.25 61.48 double_trailer_truck
832.1 63.6 837.56 67.15 821.8 91.33 816.34 87.78 large_vehicle
1020.87 305.76 1033.23 315.31 1028.43 321.52 1016.07 311.97 container
1264.44 465.07 1283.86 477.78 1279.77 484.03 1260.35 471.32 large_vehicle
819.92 17.98 826.28 22.23 803.96 55.57 797.6 51.32 double_trailer_truck
696.22 986.63 716.77 999.77 713.06 1005.57 692.51 992.43 bus
833.99 35.58 840.09 39.66 823.4 64.6 817.3 60.52 large_vehicle
1006.74 229.55 1031.53 245.77 1027.8 251.48 1003.01 235.26 large_vehicle
1092.83 458.44 1096.8 455.0 1104.44 463.82 1100.47 467.26 medium_vehicle
826.5 58.52 832.63 63.04 809.39 94.56 803.26 90.04 double_trailer_truck
1246.12 481.52 1252.63 484.99 1243.21 502.63 1236.7 499.16 large_vehicle
697.21 949.59 715.82 961.67 712.69 966.49 694.08 954.41 bus
1253.17 479.55 1259.38 483.6 1247.75 501.45 1241.54 497.4 large_vehicle
698.13 942.42 715.59 953.76 712.11 959.12 694.65 947.78 bus
733.58 957.92 751.45 969.52 747.36 975.82 729.49 964.22 bus
1262.59 488.73 1269.35 490.17 1262.37 523.04 1255.61 521.6 large_vehicle
908.69 861.42 914.29 864.86 906.53 877.52 900.93 874.08 medium_vehicle
1266.78 487.75 1273.97 487.46 1274.61 503.35 1267.42 503.64 medium_vehicle
824.06 24.29 830.33 28.49 808.56 61.01 802.29 56.81 double_trailer_truck
1204.46 445.4 1214.03 459.68 1208.36 463.47 1198.79 449.19 container
1269.95 503.95 1275.54 503.73 1276.24 521.24 1270.65 521.46 medium_vehicle
651.63 989.41 659.07 993.2 647.21 1016.49 639.77 1012.7 bus
664.5 999.31 672.25 1003.01 661.02 1026.56 653.27 1022.86 bus
677.19 1008.18 684.53 1011.97 672.73 1034.84 665.39 1031.05 bus
657.94 994.89 665.07 997.94 654.95 1021.56 647.82 1018.51 bus
1215.77 453.03 1241.76 467.26 1238.15 473.85 1212.16 459.62 container
794.19 1020.78 800.06 1023.31 790.65 1045.15 784.78 1042.62 large_vehicle
679.58 969.44 696.8 980.93 692.69 987.1 675.47 975.61 bus
711.04 941.79 728.68 954.23 725.18 959.19 707.54 946.75 bus
718.72 999.44 736.85 1010.25 732.76 1017.13 714.63 1006.32 bus
