523.62 95.17 537.23 103.13 534.14 108.42 520.53 100.46 medium_vehicle
1053.27 389.21 1070.93 395.92 1068.31 402.8 1050.65 396.09 medium_vehicle
1056.51 383.07 1074.54 389.99 1072.33 395.76 1054.3 388.84 medium_vehicle
1102.94 41.91 1104.34 35.81 1122.65 40.01 1121.25 46.11 large_vehicle
1084.17 73.4 1091.92 75.34 1081.97 114.95 1074.22 113.01 double_trailer_truck
1064.09 78.7 1072.12 78.7 1072.12 116.2 1064.09 116.2 large_vehicle
1021.4 1.4 1029.15 -1.06 1039.78 32.22 1032.03 34.69 large_vehicle
1133.43 306.89 1147.2 306.03 1147.55 311.61 1133.78 312.47 medium_vehicle
623.53 975.46 636.87 986.7 632.74 991.61 619.4 980.37 medium_vehicle
1059.76 370.26 1076.57 375.02 1074.74 381.49 1057.93 376.73 medium_vehicle
1045.86 -0.15 1053.19 -1.81 1058.49 21.49 1051.16 23.15 double_trailer_truck
1098.61 22.93 1105.6 25.15 1100.63 40.8 1093.64 38.58 container
1075.59 41.5 1083.3 41.5 1083.3 82.5 1075.59 82.5 double_trailer_truck
893.24 544.14 902.15 543.58 904.35 578.58 895.44 579.14 large_vehicle
1067.0 0.2 1074.9 -1.58 1080.25 21.95 1072.35 23.74 large_vehicle
653.49 1137.42 660.63 1141.33 637.42 1183.72 630.28 1179.81 large_vehicle
1035.0 381.67 1049.35 387.53 1046.77 393.85 1032.42 387.99 medium_vehicle
1056.99 376.94 1075.72 382.24 1073.91 388.62 1055.18 383.32 medium_vehicle
967.38 421.49 972.28 424.02 966.91 434.43 962.01 431.9 medium_vehicle
1031.01 2.02 1038.77 -0.13 1048.11 33.52 1040.35 35.68 large_vehicle
