1034.01 8.7 1040.76 6.83 1044.77 21.29 1038.02 23.16 heavy_equipment
811.19 836.18 818.38 836.67 816.83 859.4 809.64 858.91 bus
745.06 889.66 752.47 890.17 751.94 897.94 744.53 897.43 bus
692.8 896.22 699.6 896.38 699.01 920.67 692.21 920.51 bus
287.4 -0.36 295.2 -0.07 294.15 28.58 286.35 28.29 large_vehicle
721.18 836.2 740.47 835.99 740.52 841.29 721.23 841.5 bus
1214.15 229.08 1242.15 229.52 1242.04 236.39 1214.04 235.95 large_vehicle
684.96 896.0 692.26 896.15 691.73 921.17 684.43 921.02 bus
494.86 15.29 502.47 16.89 494.15 56.35 486.54 54.75 double_trailer_truck
1053.49 122.09 1060.06 121.89 1060.75 144.99 1054.18 145.19 container
977.07 127.17 1004.61 122.71 1005.84 130.32 978.3 134.78 container
1019.38 125.42 1025.57 125.8 1024.63 140.67 1018.44 140.29 medium_vehicle
705.62 893.79 713.22 893.8 713.17 918.4 705.57 918.39 bus
740.72 834.8 760.53 835.6 760.3 841.29 740.49 840.49 bus
706.56 5.47 736.15 4.23 736.44 11.11 706.85 12.35 large_vehicle
698.55 895.82 706.17 895.98 705.66 920.17 698.04 920.01 bus
1031.07 124.26 1038.32 123.4 1042.24 156.34 1034.99 157.2 large_vehicle
807.03 892.03 813.31 891.94 813.64 915.84 807.36 915.93 bus
754.97 889.71 762.07 889.68 762.12 897.45 755.02 897.48 bus
493.76 138.6 522.16 139.79 521.88 146.59 493.48 145.4 large_vehicle
748.58 827.74 768.05 826.92 768.29 832.71 748.82 833.53 bus
1066.88 0.7 1073.59 4.88 1064.75 19.09 1058.04 14.91 medium_vehicle
679.93 821.92 685.82 822.14 685.15 840.52 679.26 840.3 medium_vehicle
676.97 897.02 684.34 897.41 683.02 922.46 675.65 922.07 bus
508.0 41.2 515.68 42.54 510.47 72.4 502.79 71.06 large_vehicle
746.55 819.75 766.14 819.44 766.24 825.85 746.65 826.16 bus
714.28 868.75 735.96 867.65 736.24 873.24 714.56 874.34 bus
703.42 0.21 733.22 -0.77 733.39 4.41 703.59 5.4 large_vehicle
1064.24 16.26 1077.34 16.45 1077.25 22.63 1064.15 22.44 container
783.34 68.05 814.1 66.55 814.45 73.57 783.69 75.07 large_vehicle
1018.98 -0.71 1028.35 -0.05 1026.41 27.72 1017.04 27.06 heavy_equipment
487.4 306.79 494.32 296.3 499.98 300.03 493.06 310.52 container
515.04 41.57 522.04 42.79 516.85 72.54 509.85 71.32 large_vehicle
1076.09 21.54 1084.17 21.65 1083.98 35.18 1075.9 35.07 container
772.78 888.3 780.11 888.8 779.54 897.26 772.21 896.76 bus
1064.15 33.81 1079.43 34.02 1079.33 41.19 1064.05 40.98 container
693.22 863.97 711.8 864.78 711.57 870.16 692.99 869.35 bus
1000.7 38.32 1009.04 38.9 1008.05 53.15 999.71 52.57 heavy_equipment
746.74 70.99 778.31 70.38 778.47 78.78 746.9 79.39 large_vehicle
799.83 893.74 805.83 893.65 806.16 916.98 800.16 917.07 bus
1060.35 133.96 1067.96 133.84 1068.25 152.24 1060.64 152.36 medium_vehicle
462.8 48.83 470.19 46.32 475.63 62.31 468.24 64.82 heavy_equipment
971.8 138.06 998.8 141.38 998.01 147.83 971.01 144.51 container
1043.32 27.43 1053.12 29.48 1046.96 58.99 1037.16 56.94 heavy_equipment
735.66 866.44 754.16 866.21 754.23 872.08 735.73 872.31 bus
804.88 836.25 810.84 836.87 808.36 860.51 802.4 859.89 bus
758.01 833.55 779.03 831.26 779.74 837.74 758.72 840.03 bus
498.4 296.69 505.21 298.69 499.15 319.31 492.34 317.31 container
709.61 821.96 729.31 822.03 729.28 828.13 709.58 828.06 bus
789.07 825.16 808.13 825.43 808.04 831.33 788.98 831.06 bus
