1152.52 70.72 1157.85 70.86 1157.46 85.53 1152.13 85.39 medium_vessel
955.53 356.09 962.57 356.99 960.46 373.43 953.42 372.53 medium_vehicle
334.7 957.56 447.62 978.9 427.84 1083.59 314.92 1062.25 large_aircraft
1064.24 15.4 1065.1 11.66 1075.25 13.99 1074.39 17.73 small_vessel
1193.21 73.73 1194.33 69.47 1203.54 71.9 1202.42 76.16 medium_vehicle
1060.28 37.69 1062.07 34.11 1069.99 38.08 1068.2 41.66 small_vessel
1148.02 70.41 1152.94 70.79 1151.8 85.55 1146.88 85.17 medium_vessel
1062.9 26.6 1063.94 23.28 1072.74 26.04 1071.7 29.36 small_vessel
116.71 27.39 122.27 27.3 122.44 37.12 116.88 37.21 container
1139.98 3.79 1144.7 3.9 1144.45 14.65 1139.73 14.54 small_vessel
2.57 47.36 13.92 49.51 12.87 55.03 1.52 52.88 heavy_equipment
1193.54 17.59 1198.25 17.9 1197.53 29.13 1192.82 28.82 small_vessel
1199.14 21.71 1204.45 22.05 1203.57 35.73 1198.26 35.39 medium_vessel
1188.87 40.62 1190.92 34.05 1213.88 41.25 1211.83 47.82 medium_vessel
1061.31 33.57 1062.61 30.01 1070.13 32.77 1068.83 36.33 small_vessel
1062.77 30.45 1064.07 26.89 1073.23 30.24 1071.93 33.8 small_vessel
1082.59 7.08 1086.11 9.73 1079.88 18.0 1076.36 15.35 small_vessel
1144.86 2.23 1149.58 2.34 1149.35 12.85 1144.63 12.74 small_vessel
1126.31 -0.26 1130.71 -0.16 1130.5 9.34 1126.1 9.24 small_vessel
2.3 39.21 13.65 41.36 12.6 46.88 1.25 44.73 heavy_equipment
1143.9 71.09 1147.3 71.1 1147.27 78.21 1143.87 78.2 small_vessel
798.34 193.66 810.6 197.67 808.93 202.81 796.67 198.8 medium_vehicle
925.28 345.29 942.48 348.54 941.18 355.4 923.98 352.15 large_vehicle
812.22 1211.91 836.57 1219.5 829.59 1241.91 805.24 1234.32 small_aircraft
1181.17 80.43 1186.5 80.57 1186.15 93.84 1180.82 93.7 medium_vessel
1062.84 24.03 1063.24 20.58 1072.4 21.66 1072.0 25.11 small_vessel
1030.51 154.59 1035.76 157.43 1030.25 167.63 1025.0 164.79 medium_vehicle
1157.32 72.43 1162.65 72.57 1162.26 87.23 1156.93 87.09 medium_vessel
1029.75 394.76 1041.17 395.1 1040.84 406.32 1029.42 405.98 heavy_equipment
805.12 1243.99 839.33 1254.64 830.26 1283.75 796.05 1273.1 small_aircraft
1053.6 274.12 1055.7 267.42 1073.55 273.01 1071.45 279.71 large_vehicle
281.68 50.13 289.83 51.03 287.91 68.47 279.76 67.57 large_vehicle
314.67 1037.36 387.3 1051.08 376.33 1109.14 303.7 1095.42 large_aircraft
1157.64 8.82 1162.35 9.13 1161.63 20.14 1156.92 19.83 small_vessel
1.47 62.56 12.82 64.71 11.77 70.23 0.42 68.08 heavy_equipment
1162.83 72.43 1168.15 72.57 1167.77 87.03 1162.45 86.89 medium_vessel
1055.59 388.45 1057.4 382.1 1072.25 386.33 1070.44 392.68 medium_vehicle
1117.88 -0.09 1122.28 0.0 1122.11 7.64 1117.71 7.54 small_vessel
1149.43 5.73 1154.15 5.84 1153.94 14.85 1149.22 14.74 small_vessel
1122.04 58.62 1127.94 58.57 1128.05 73.25 1122.15 73.3 medium_vehicle
1063.92 20.6 1064.3 17.14 1073.47 18.16 1073.09 21.62 small_vessel
1054.91 367.57 1059.57 362.93 1073.97 377.38 1069.31 382.02 heavy_equipment
2.77 55.06 14.12 57.21 13.07 62.73 1.72 60.58 heavy_equipment
1019.11 359.42 1025.24 359.6 1024.81 373.99 1018.68 373.81 heavy_equipment
1059.97 42.86 1061.64 38.65 1073.05 43.19 1071.38 47.4 small_vessel
