812.18 68.48 838.29 75.97 831.43 99.91 805.32 92.42 small_aircraft
532.7 726.02 532.9 721.27 541.63 721.65 541.43 726.4 medium_vehicle
829.51 259.18 836.16 268.1 825.06 276.38 818.41 267.46 small_aircraft
1245.83 989.8 1250.46 985.45 1261.43 997.13 1256.8 1001.48 medium_vehicle
1048.05 998.04 1051.68 992.44 1067.72 1002.82 1064.09 1008.42 large_vehicle
1019.94 979.86 1023.57 974.26 1037.02 982.97 1033.39 988.57 medium_vehicle
16.63 966.08 21.45 969.86 12.52 981.25 7.7 977.47 medium_vehicle
476.47 671.48 478.75 666.93 488.19 671.66 485.91 676.21 medium_vehicle
189.78 1252.91 200.78 1243.88 211.46 1256.88 200.46 1265.91 heavy_equipment
337.92 80.65 338.9 74.85 352.54 77.16 351.56 82.96 heavy_equipment
1243.99 1003.76 1247.84 999.33 1256.81 1007.13 1252.96 1011.56 heavy_equipment
653.94 749.35 658.74 742.35 679.48 756.55 674.68 763.55 bus
1263.96 1036.91 1270.46 1039.43 1264.16 1055.67 1257.66 1053.15 medium_vehicle
70.16 793.95 75.61 798.48 58.99 818.5 53.54 813.97 large_vehicle
296.33 562.28 300.24 567.07 287.51 577.45 283.6 572.66 medium_vehicle
564.65 738.28 567.24 733.72 576.51 738.99 573.92 743.55 medium_vehicle
934.98 648.39 937.63 642.31 952.2 648.65 949.55 654.73 medium_vehicle
1240.91 994.2 1245.13 989.35 1258.41 1000.89 1254.19 1005.74 medium_vehicle
416.12 728.45 419.17 723.25 430.44 729.86 427.39 735.06 medium_vehicle
1275.96 1045.4 1280.82 1047.73 1273.9 1062.17 1269.04 1059.84 medium_vehicle
430.58 491.2 431.8 495.81 417.6 499.56 416.38 494.95 medium_vehicle
166.38 1186.39 169.53 1180.26 183.76 1187.58 180.61 1193.71 medium_vehicle
354.88 651.57 360.87 650.32 363.43 662.6 357.44 663.85 medium_vehicle
807.75 57.16 822.72 60.76 818.44 78.57 803.47 74.97 small_aircraft
823.76 267.81 832.02 284.89 821.0 290.22 812.74 273.14 small_aircraft
817.47 14.48 833.23 18.27 828.15 39.44 812.39 35.65 small_aircraft
161.28 1036.6 165.79 1039.42 157.27 1053.04 152.76 1050.22 medium_vehicle
1035.35 989.74 1038.98 984.13 1050.24 991.42 1046.61 997.03 medium_vehicle
803.27 96.83 838.34 106.88 829.1 139.11 794.03 129.06 small_aircraft
681.94 511.63 683.76 506.16 698.26 510.99 696.44 516.46 medium_vehicle
1229.15 1004.06 1234.51 997.9 1248.02 1009.65 1242.66 1015.81 large_vehicle
884.72 915.4 889.63 907.81 915.97 924.84 911.06 932.43 large_vehicle
71.49 592.97 77.87 590.89 81.49 602.02 75.11 604.1 medium_vehicle
1072.74 1005.15 1082.87 1012.49 1079.02 1017.8 1068.89 1010.46 medium_vehicle
89.76 514.21 91.79 509.2 100.92 512.89 98.89 517.9 medium_vehicle
575.52 745.2 578.02 740.79 586.52 745.62 584.02 750.03 medium_vehicle
412.52 675.41 415.21 669.91 425.03 674.72 422.34 680.22 medium_vehicle
920.84 956.34 925.27 949.49 940.75 959.5 936.32 966.35 medium_vehicle
1258.49 1034.1 1263.83 1037.0 1255.52 1052.31 1250.18 1049.41 medium_vehicle
1270.92 1042.34 1276.22 1044.8 1269.12 1060.1 1263.82 1057.64 medium_vehicle
1217.81 934.13 1222.0 937.38 1215.3 946.01 1211.11 942.76 medium_vehicle
1251.68 1033.01 1256.81 1035.33 1249.82 1050.8 1244.69 1048.48 medium_vehicle
671.67 770.82 675.86 764.71 690.01 774.4 685.82 780.51 medium_vehicle
813.96 39.8 839.6 47.15 832.49 71.94 806.85 64.59 small_aircraft
