1199.79 473.77 1203.17 476.88 1197.28 483.28 1193.9 480.17 medium_vehicle
589.93 1141.76 594.8 1146.24 580.61 1161.67 575.74 1157.19 large_vehicle
988.17 682.36 991.6 685.51 985.4 692.26 981.97 689.11 medium_vehicle
706.14 993.02 710.78 997.28 698.65 1010.46 694.01 1006.2 bus
730.04 986.85 734.8 991.22 723.65 1003.35 718.89 998.98 bus
858.8 826.68 862.32 829.92 855.59 837.24 852.07 834.0 medium_vehicle
1212.44 429.68 1217.16 434.0 1205.29 446.96 1200.57 442.64 bus
714.67 1001.47 718.1 1004.64 711.33 1012.0 707.9 1008.83 medium_vehicle
798.28 916.61 802.42 920.51 790.62 933.08 786.48 929.18 large_vehicle
1168.79 496.99 1172.4 500.31 1165.6 507.71 1161.99 504.39 medium_vehicle
829.39 880.59 833.19 884.08 825.82 892.1 822.02 888.61 medium_vehicle
981.22 708.3 986.09 712.77 974.3 725.58 969.43 721.11 bus
772.08 941.22 776.2 945.19 764.78 957.06 760.66 953.09 large_vehicle
768.28 938.75 771.71 941.91 765.23 948.96 761.8 945.8 medium_vehicle
952.94 742.57 956.37 745.72 949.89 752.76 946.46 749.61 medium_vehicle
1279.98 354.42 1284.13 358.32 1274.27 368.82 1270.12 364.92 large_vehicle
1208.64 456.43 1213.63 461.12 1199.36 476.32 1194.37 471.63 large_vehicle
1075.25 609.99 1078.86 613.31 1072.48 620.24 1068.87 616.92 medium_vehicle
1016.1 653.86 1020.96 658.34 1009.14 671.19 1004.28 666.71 bus
559.84 1180.53 563.28 1183.69 557.12 1190.38 553.68 1187.22 medium_vehicle
816.37 891.03 819.8 894.19 813.32 901.24 809.89 898.08 medium_vehicle
1088.87 587.4 1093.74 591.87 1082.31 604.29 1077.44 599.82 bus
928.41 770.0 933.02 774.24 921.6 786.65 916.99 782.41 bus
798.02 904.5 802.87 908.96 791.96 920.84 787.11 916.38 bus
608.12 1116.4 613.05 1120.93 601.75 1133.22 596.82 1128.69 bus
