1279.03 196.64 1262.96 184.83 1272.3 172.1 1288.37 183.91 medium_vessel
233.36 451.7 270.96 426.9 278.59 438.46 240.99 463.26 large_vessel
328.99 273.2 385.99 232.84 396.84 248.16 339.84 288.52 large_vessel
355.56 149.02 334.78 141.05 339.19 129.56 359.97 137.53 medium_vessel
210.49 347.42 237.46 328.33 245.86 340.19 218.89 359.28 medium_vessel
374.01 156.1 354.19 148.49 358.61 137.0 378.43 144.61 medium_vessel
250.56 333.56 313.97 288.66 320.37 297.71 256.96 342.61 large_vessel
234.92 317.08 316.47 259.33 332.18 281.52 250.63 339.27 large_vessel
327.54 286.32 373.01 254.12 382.93 268.13 337.46 300.33 large_vessel
180.45 19.68 194.81 7.55 198.09 11.43 183.73 23.56 large_vehicle
326.9 138.42 174.16 79.79 188.1 43.49 340.84 102.12 large_vessel
