1024.49 615.26 1028.47 619.17 1016.42 631.43 1012.44 627.52 bus
555.22 1067.58 558.13 1071.14 550.75 1077.19 547.84 1073.63 medium_vehicle
413.92 1194.29 418.65 1199.06 404.27 1213.3 399.54 1208.53 large_vehicle
668.86 971.56 672.91 976.51 654.87 991.28 650.82 986.33 large_vehicle
908.5 713.07 912.08 716.91 896.46 731.49 892.88 727.65 large_vehicle
590.29 1031.4 594.47 1036.5 580.52 1047.92 576.34 1042.82 bus
632.86 997.98 636.61 1002.56 619.87 1016.27 616.12 1011.69 large_vehicle
982.52 663.79 985.89 667.21 979.35 673.68 975.98 670.26 medium_vehicle
434.56 1170.12 439.45 1175.06 423.6 1190.75 418.71 1185.81 large_vehicle
952.4 672.82 956.55 676.9 943.33 690.36 939.18 686.28 bus
584.63 1023.77 588.47 1028.46 570.44 1043.23 566.6 1038.54 large_vehicle
1191.07 419.51 1194.83 423.16 1182.26 436.13 1178.5 432.48 large_vehicle
1239.85 360.73 1243.65 364.41 1230.55 377.92 1226.75 374.24 large_vehicle
1247.32 386.34 1251.7 390.36 1238.61 404.64 1234.23 400.62 large_vehicle
1100.72 545.41 1104.43 549.15 1097.46 556.05 1093.75 552.31 medium_vehicle
1217.04 414.47 1221.81 419.16 1210.32 430.86 1205.55 426.17 bus
744.64 900.17 748.98 904.56 741.26 912.21 736.92 907.82 medium_vehicle
