949.54 414.02 955.66 407.74 958.66 410.66 952.54 416.94 medium_vehicle
892.7 464.57 902.29 452.56 907.96 457.09 898.37 469.1 bus
915.77 432.28 915.74 419.41 921.47 419.4 921.5 432.27 bus
422.41 1085.73 428.37 1078.34 432.09 1081.34 426.13 1088.73 medium_vehicle
280.73 619.54 293.56 622.38 292.4 627.64 279.57 624.8 bus
166.15 564.67 168.88 560.01 181.48 567.41 178.75 572.07 large_vehicle
373.39 637.91 388.29 637.88 388.3 643.28 373.4 643.31 bus
838.68 564.04 847.59 549.14 852.05 551.81 843.14 566.71 large_vehicle
542.57 1211.5 550.6 1203.07 553.84 1206.16 545.81 1214.59 medium_vehicle
696.46 720.67 706.87 707.76 711.46 711.46 701.05 724.37 bus
280.92 1267.81 293.04 1252.46 298.7 1256.93 286.58 1272.28 large_vehicle
814.9 579.62 820.6 572.55 824.32 575.55 818.62 582.62 medium_vehicle
808.75 471.06 827.26 459.85 830.62 465.39 812.11 476.6 double_trailer_truck
810.13 592.94 823.28 576.71 828.19 580.68 815.04 596.91 large_vehicle
132.13 552.54 134.89 548.37 147.48 556.67 144.72 560.84 large_vehicle
718.17 521.13 737.78 509.9 741.32 516.1 721.71 527.33 large_vehicle
761.73 640.22 766.8 633.95 770.52 636.95 765.45 643.22 medium_vehicle
36.79 437.06 40.58 434.19 49.2 445.58 45.41 448.45 large_vehicle
710.34 539.68 729.86 528.5 732.51 533.12 712.99 544.3 large_vehicle
387.27 1131.99 397.57 1119.22 402.66 1123.33 392.36 1136.1 bus
799.77 574.04 805.66 566.74 809.38 569.75 803.49 577.05 medium_vehicle
809.84 550.72 821.91 535.81 826.81 539.78 814.74 554.69 large_vehicle
622.18 822.39 635.84 805.45 640.81 809.46 627.15 826.4 large_vehicle
915.48 1225.63 924.89 1227.21 924.27 1230.92 914.86 1229.34 small_vessel
507.78 615.55 526.49 609.86 528.1 615.14 509.39 620.83 large_vehicle
688.48 746.53 694.08 739.6 697.8 742.6 692.2 749.53 medium_vehicle
852.95 538.27 863.47 525.55 866.65 528.18 856.13 540.9 large_vehicle
882.96 477.91 892.75 465.91 897.18 469.52 887.39 481.52 bus
946.15 411.32 952.26 405.04 955.27 407.97 949.16 414.25 medium_vehicle
445.44 1059.18 460.88 1039.62 466.31 1043.91 450.87 1063.47 large_vehicle
872.86 491.26 883.32 479.22 887.56 482.91 877.1 494.95 bus
1084.66 331.23 1104.04 321.91 1106.54 327.1 1087.16 336.42 large_vehicle
319.12 1222.61 335.36 1202.04 340.34 1205.97 324.1 1226.54 large_vehicle
812.45 511.8 820.83 519.42 817.23 523.38 808.85 515.76 large_vehicle
406.14 1106.7 416.17 1094.27 421.26 1098.38 411.23 1110.81 bus
586.14 590.36 605.51 582.45 607.66 587.72 588.29 595.63 large_vehicle
439.01 1054.78 451.37 1039.13 455.84 1042.67 443.48 1058.32 large_vehicle
70.5 485.19 74.11 482.16 83.88 493.81 80.27 496.84 large_vehicle
970.64 1220.89 980.1 1222.59 979.36 1226.72 969.9 1225.02 small_vessel
851.62 339.25 950.71 126.75 982.56 141.61 883.47 354.11 pylon
1181.77 131.5 1190.16 125.43 1208.12 150.23 1199.73 156.3 pylon
1017.94 344.48 1036.0 336.33 1038.66 342.21 1020.6 350.36 large_vehicle
949.04 1236.62 959.29 1236.91 959.18 1241.04 948.93 1240.75 small_vessel
998.79 1190.19 1015.17 1190.76 1015.01 1195.37 998.63 1194.8 large_vehicle
883.26 435.73 894.77 423.56 899.54 428.06 888.03 440.23 bus
921.51 429.45 921.78 416.68 926.68 416.78 926.41 429.55 large_vehicle
256.07 607.8 271.17 613.32 269.27 618.52 254.17 613.0 large_vehicle
950.77 1223.56 959.58 1224.6 959.14 1228.34 950.33 1227.3 small_vessel
896.18 421.0 910.02 409.14 914.74 414.64 900.9 426.5 bus
820.11 459.24 837.78 449.23 840.51 454.06 822.84 464.07 large_vehicle
566.14 1213.74 577.01 1214.42 576.75 1218.54 565.88 1217.86 medium_vehicle
1050.09 344.85 1069.47 335.52 1072.15 341.09 1052.77 350.42 large_vehicle
934.3 1236.32 942.97 1234.6 943.61 1237.84 934.94 1239.56 small_vessel
856.12 542.06 864.61 527.87 868.6 530.25 860.11 544.44 large_vehicle
1267.83 271.33 1280.48 269.8 1281.26 276.23 1268.61 277.76 bus
905.94 420.78 915.48 421.07 915.35 425.63 905.81 425.34 medium_vehicle
1058.86 132.84 1090.06 50.26 1118.81 61.12 1087.61 143.7 pylon
863.35 472.41 870.92 459.21 876.18 462.22 868.61 475.42 large_vehicle
910.85 461.18 916.72 453.91 920.44 456.91 914.57 464.18 medium_vehicle
904.56 448.65 914.2 432.28 919.37 435.32 909.73 451.69 large_vehicle
744.92 519.43 763.49 508.8 766.05 513.28 747.48 523.91 large_vehicle
1003.07 368.95 1010.75 364.28 1013.15 368.21 1005.47 372.88 medium_vehicle
834.34 529.32 839.94 522.39 843.66 525.39 838.06 532.32 medium_vehicle
904.42 464.88 910.2 456.79 914.09 459.57 908.31 467.66 medium_vehicle
1040.51 352.61 1047.85 349.25 1049.77 353.45 1042.43 356.81 medium_vehicle
834.73 564.82 843.31 550.47 846.86 552.59 838.28 566.94 large_vehicle
780.05 501.4 795.05 495.0 797.55 500.87 782.55 507.27 large_vehicle
779.2 623.57 789.67 611.53 794.42 615.65 783.95 627.69 bus
920.37 407.99 926.13 411.9 923.44 415.86 917.68 411.95 medium_vehicle
553.49 1214.96 560.34 1206.29 564.3 1209.42 557.45 1218.09 medium_vehicle
476.74 372.89 608.65 90.02 639.72 104.5 507.81 387.37 pylon
305.71 1227.73 315.81 1215.21 320.52 1219.01 310.42 1231.53 bus
1097.29 252.4 1105.93 246.68 1123.5 273.21 1114.86 278.93 pylon
948.86 1227.45 957.94 1228.17 957.64 1231.93 948.56 1231.21 small_vessel
290.32 1250.9 299.66 1239.07 304.16 1242.62 294.82 1254.45 large_vehicle
1071.83 61.57 1081.28 55.05 1096.58 77.22 1087.13 83.74 pylon
633.89 801.03 643.87 788.67 648.57 792.46 638.59 804.82 bus
826.66 529.86 834.48 513.6 840.17 516.34 832.35 532.6 large_vehicle
900.58 465.1 911.64 448.26 915.73 450.95 904.67 467.79 large_vehicle
394.18 1097.34 405.69 1082.78 410.75 1086.78 399.24 1101.34 large_vehicle
674.56 760.86 680.44 753.57 684.16 756.57 678.28 763.86 medium_vehicle
323.01 645.76 338.18 646.26 337.97 652.57 322.8 652.07 bus
659.2 779.78 665.08 772.49 668.8 775.49 662.92 782.78 medium_vehicle
961.99 396.67 975.07 385.85 979.2 390.83 966.12 401.65 bus
672.03 561.58 688.89 551.92 691.63 556.69 674.77 566.35 large_vehicle
811.16 344.5 924.54 101.36 951.89 114.11 838.51 357.25 pylon
657.58 771.69 667.85 758.96 672.57 762.77 662.3 775.5 bus
