985.42 84.46 1030.03 48.98 1044.43 67.07 999.82 102.55 large_vessel
380.14 559.73 402.1 559.73 402.1 566.6 380.14 566.6 medium_vessel
1000.71 890.56 1011.91 890.23 1012.06 895.13 1000.86 895.46 medium_vehicle
374.7 324.41 389.49 329.76 375.7 367.86 360.91 362.51 large_vessel
680.0 603.42 720.37 534.33 740.45 546.06 700.08 615.15 large_vessel
929.27 61.63 952.48 56.66 954.2 64.68 930.99 69.65 medium_vessel
1190.31 1229.9 1247.25 1166.88 1266.77 1184.52 1209.83 1247.54 large_vessel
1001.49 885.18 1015.3 885.21 1015.29 890.11 1001.48 890.08 medium_vehicle
947.07 102.37 989.8 97.73 992.14 119.2 949.41 123.84 large_vessel
272.41 215.96 293.31 217.9 292.79 223.49 271.89 221.55 medium_vessel
972.51 61.39 1014.06 50.33 1018.12 65.59 976.57 76.65 large_vessel
1003.95 881.83 1016.82 882.57 1016.57 886.86 1003.7 886.12 medium_vehicle
327.44 337.97 331.91 341.9 320.13 355.31 315.66 351.38 medium_vessel
67.59 623.95 73.74 625.39 71.1 636.67 64.95 635.23 medium_vehicle
265.68 233.09 285.49 236.23 284.64 241.61 264.83 238.47 medium_vessel
242.73 241.21 247.02 243.02 239.19 261.65 234.9 259.84 medium_vessel
261.37 242.21 281.84 245.45 280.96 251.0 260.49 247.76 medium_vessel
1003.13 888.52 1013.01 888.23 1013.14 892.51 1003.26 892.8 medium_vehicle
66.59 332.2 93.6 332.2 93.6 343.6 66.59 343.6 medium_vessel
970.52 44.6 1010.06 29.58 1014.73 41.89 975.19 56.91 large_vessel
27.32 1193.49 31.14 1197.48 18.95 1209.12 15.13 1205.13 medium_vessel
302.24 265.0 306.65 267.96 299.68 278.32 295.27 275.36 small_vessel
1006.02 724.93 1109.88 720.03 1111.13 746.53 1007.27 751.43 large_vessel
280.01 196.14 300.89 196.25 300.86 200.45 279.98 200.34 medium_vessel
0.0 546.98 54.25 546.98 54.25 565.7 0.0 565.7 large_vessel
92.19 506.2 366.2 506.2 366.2 564.1 92.19 564.1 large_vessel
338.23 340.38 343.61 345.09 331.03 359.41 325.65 354.7 medium_vessel
343.85 340.88 348.62 345.07 335.37 360.16 330.6 355.97 medium_vessel
92.47 590.8 97.86 591.77 94.07 612.63 88.68 611.66 container
127.9 581.5 154.3 581.5 154.3 589.4 127.9 589.4 large_vehicle
279.84 197.84 300.74 199.78 300.16 205.97 279.26 204.03 medium_vessel
250.66 576.78 277.2 576.78 277.2 581.79 250.66 581.79 large_vehicle
309.44 265.71 313.69 268.91 306.17 278.89 301.92 275.69 small_vessel
38.7 734.38 63.1 734.38 63.1 740.9 38.7 740.9 large_vehicle
1018.16 47.79 1030.74 63.78 986.59 98.52 974.01 82.53 large_vessel
1215.19 898.07 1239.97 919.09 1163.0 1009.84 1138.22 988.82 large_vessel
28.66 647.12 51.97 646.27 52.23 653.37 28.92 654.22 container
1273.59 1204.15 1270.59 1208.22 1263.0 1202.63 1266.0 1198.56 small_vessel
327.73 268.23 331.91 271.28 325.11 280.59 320.93 277.54 small_vessel
381.44 554.9 402.7 554.9 402.7 561.63 381.44 561.63 medium_vessel
1225.45 1177.88 1239.89 1189.08 1200.78 1239.5 1186.34 1228.3 large_vessel
1265.58 1212.68 1261.68 1217.97 1251.88 1210.74 1255.78 1205.45 small_vessel
619.8 538.79 713.44 538.3 713.61 569.85 619.97 570.34 large_vessel
1133.14 996.16 1155.03 1013.45 1096.21 1087.93 1074.32 1070.64 large_vessel
981.46 1111.91 992.77 1120.68 959.76 1163.24 948.45 1154.47 large_vessel
336.02 339.76 340.09 343.34 327.22 357.99 323.15 354.41 medium_vessel
84.76 621.7 91.25 623.37 85.89 644.25 79.4 642.58 bus
325.82 336.77 329.17 339.71 320.03 350.11 316.68 347.17 medium_vessel
1005.42 879.88 1017.42 879.53 1017.51 882.72 1005.51 883.07 medium_vehicle
201.74 577.56 223.0 577.04 223.11 581.53 201.85 582.05 container
1251.37 1223.87 1251.28 1228.92 1238.61 1228.67 1238.7 1223.62 medium_vessel
275.98 205.93 296.61 207.84 296.05 213.84 275.42 211.93 medium_vessel
1256.9 851.07 1275.33 864.46 1239.09 914.32 1220.66 900.93 large_vessel
1284.91 863.04 1303.2 875.1 1252.16 952.51 1233.87 940.45 large_vessel
936.48 150.81 950.55 157.98 922.82 212.41 908.75 205.24 large_vessel
755.49 736.43 853.99 735.74 854.2 765.43 755.7 766.12 large_vessel
97.19 595.28 103.67 596.94 98.51 617.06 92.03 615.4 container
85.79 586.69 92.4 588.71 85.89 610.03 79.28 608.01 container
331.85 338.8 335.95 342.4 323.73 356.31 319.63 352.71 medium_vessel
274.99 210.33 295.51 212.23 294.91 218.63 274.39 216.73 medium_vessel
37.76 563.4 58.67 563.19 58.74 569.88 37.83 570.09 large_vehicle
945.21 91.12 988.96 84.19 992.29 105.24 948.54 112.17 large_vessel
91.63 615.02 98.12 616.69 92.76 637.57 86.27 635.9 container
971.04 55.43 1006.26 41.62 1010.4 52.18 975.18 65.99 large_vessel
278.45 201.34 298.25 203.18 297.66 209.57 277.86 207.73 medium_vessel
1005.44 748.05 1103.94 747.54 1104.05 767.02 1005.55 767.53 large_vessel
81.35 666.37 106.15 665.29 106.41 671.18 81.61 672.26 large_vehicle
1270.69 1207.67 1266.77 1212.99 1255.39 1204.61 1259.31 1199.29 medium_vessel
295.07 263.44 299.27 266.26 292.54 276.29 288.34 273.47 small_vessel
1268.31 865.61 1280.89 873.91 1246.32 926.34 1233.74 918.04 large_vessel
331.66 267.6 336.07 268.79 333.12 279.73 328.71 278.54 small_vessel
318.45 576.2 341.77 575.79 341.88 581.99 318.56 582.4 container
315.34 266.79 319.76 269.75 313.23 279.46 308.81 276.5 small_vessel
77.28 610.33 83.64 611.72 78.12 637.03 71.76 635.64 large_vehicle
292.98 576.96 316.23 576.39 316.35 581.33 293.1 581.9 container
