1014.07 222.1 1033.37 227.67 1019.04 277.33 999.74 271.76 large_vessel
1043.68 109.19 1053.17 112.42 1045.75 134.21 1036.26 130.98 medium_vessel
1027.23 172.59 1033.44 175.14 1026.67 191.65 1020.46 189.1 medium_vessel
1030.26 198.31 1034.96 200.24 1028.57 215.81 1023.87 213.88 medium_vessel
1026.33 196.06 1030.86 197.92 1024.7 212.94 1020.17 211.08 medium_vessel
1020.35 193.77 1025.57 195.16 1021.12 211.89 1015.9 210.5 medium_vessel
1015.66 212.82 1020.46 214.25 1017.06 225.65 1012.26 224.22 medium_vessel
1180.53 517.54 1200.58 524.29 1181.53 580.89 1161.48 574.14 large_vessel
1197.74 525.73 1218.14 532.09 1199.66 591.42 1179.26 585.06 large_vessel
1213.2 536.89 1237.31 544.44 1213.63 620.02 1189.52 612.47 large_vessel
1222.63 427.1 1243.22 433.12 1218.12 518.96 1197.53 512.94 large_vessel
1240.77 430.15 1264.82 437.32 1233.17 543.5 1209.12 536.33 large_vessel
1258.02 396.79 1269.22 399.3 1261.43 434.13 1250.23 431.62 medium_vessel
1250.04 392.81 1262.87 395.67 1255.54 428.46 1242.71 425.6 medium_vessel
854.16 23.97 876.73 32.59 873.81 40.24 851.24 31.62 medium_vessel
855.84 17.1 877.43 25.35 874.28 33.59 852.69 25.34 medium_vessel
855.36 11.8 877.7 18.46 875.54 25.69 853.2 19.03 medium_vessel
863.29 9.82 876.37 13.59 874.68 19.45 861.6 15.68 medium_vessel
863.59 3.12 877.18 7.05 875.37 13.32 861.78 9.39 medium_vessel
864.33 -1.45 877.59 2.37 876.05 7.7 862.79 3.87 medium_vessel
890.7 -0.46 896.1 -0.16 895.68 7.47 890.28 7.17 medium_vessel
990.61 178.94 1011.96 193.23 1008.27 198.73 986.92 184.44 medium_vessel
946.62 222.97 961.72 228.4 959.65 234.15 944.55 228.72 medium_vessel
943.41 217.2 958.51 222.63 956.66 227.77 941.56 222.34 medium_vessel
945.3 212.06 959.26 218.66 956.82 223.82 942.86 217.22 medium_vessel
944.25 206.94 957.16 211.59 955.36 216.58 942.45 211.93 medium_vessel
947.56 198.93 958.71 209.33 955.52 212.76 944.37 202.36 medium_vessel
951.35 196.16 963.09 204.08 960.04 208.62 948.3 200.7 medium_vessel
816.02 536.68 822.04 541.82 819.57 544.72 813.55 539.58 small_vessel
954.38 193.13 967.36 198.53 965.33 203.41 952.35 198.01 medium_vessel
