1188.95 169.05 1195.34 168.85 1196.04 191.04 1189.65 191.24 medium_vessel
730.88 464.96 755.61 464.83 755.66 473.88 730.93 474.01 medium_vessel
641.82 412.46 690.99 411.51 691.37 431.42 642.2 432.37 large_vessel
655.06 429.51 693.97 420.81 698.06 439.12 659.15 447.82 large_vessel
662.88 441.57 701.07 437.69 703.12 457.84 664.93 461.72 medium_vessel
673.92 455.64 707.43 452.24 709.11 468.77 675.6 472.17 medium_vessel
677.65 470.66 713.57 467.01 715.04 481.43 679.12 485.08 medium_vessel
672.24 393.78 720.83 392.42 721.36 411.4 672.77 412.76 large_vessel
737.72 512.13 755.73 503.96 777.37 551.66 759.36 559.83 large_vessel
724.23 517.87 746.96 506.09 769.55 549.67 746.82 561.45 large_vessel
765.87 590.01 798.41 574.84 872.86 734.51 840.32 749.68 large_vessel
875.89 815.35 906.96 800.27 983.37 957.63 952.3 972.71 large_vessel
856.8 820.83 887.85 805.76 964.76 964.15 933.71 979.22 large_vessel
1039.29 1034.87 1193.36 1064.26 1186.31 1101.24 1032.24 1071.85 large_vessel
1122.27 1195.14 1274.26 1228.0 1266.42 1264.29 1114.43 1231.43 large_vessel
1176.49 211.67 1192.4 216.08 1190.91 221.49 1175.0 217.08 medium_vessel
1269.7 271.63 1276.61 271.64 1276.58 293.4 1269.67 293.39 medium_vessel
1259.95 272.77 1266.25 272.82 1266.14 285.32 1259.84 285.27 medium_vessel
1254.16 271.53 1259.95 271.58 1259.82 286.22 1254.03 286.17 medium_vessel
1247.91 274.88 1251.41 273.98 1253.55 282.26 1250.05 283.16 small_vessel
811.32 441.43 816.18 442.63 813.29 454.38 808.43 453.18 medium_vehicle
141.62 577.25 155.85 589.98 151.29 595.08 137.06 582.35 large_vehicle
185.03 571.85 190.29 576.49 176.45 592.18 171.19 587.54 large_vehicle
272.0 930.5 283.87 930.5 283.87 936.62 272.0 936.62 medium_vehicle
1237.15 607.35 1243.05 606.26 1245.38 618.84 1239.48 619.93 medium_vehicle
1226.67 612.03 1232.42 611.6 1233.48 626.08 1227.73 626.51 medium_vehicle
1110.67 681.21 1132.12 686.17 1130.44 693.44 1108.99 688.48 container
272.47 374.58 278.46 372.21 289.54 400.17 283.55 402.54 large_vehicle
328.85 448.15 337.86 443.8 349.74 468.38 340.73 472.73 medium_vessel
404.93 929.21 409.32 929.0 409.98 943.08 405.59 943.29 medium_vessel
420.71 690.9 425.76 686.47 440.65 703.41 435.6 707.84 medium_vessel
280.69 489.34 362.88 491.2 362.31 515.94 280.12 514.08 large_vessel
287.35 528.24 292.73 532.17 281.82 547.14 276.44 543.21 large_vehicle
340.96 688.03 355.33 687.17 355.64 692.46 341.27 693.32 medium_vessel
373.11 828.77 387.5 835.73 385.31 840.25 370.92 833.29 medium_vessel
357.97 825.18 371.66 830.8 369.57 835.89 355.88 830.27 medium_vessel
358.44 831.79 374.23 839.42 371.35 845.36 355.56 837.73 medium_vessel
374.67 840.17 388.26 846.14 385.6 852.18 372.01 846.21 medium_vessel
371.9 844.74 393.43 855.05 390.62 860.92 369.09 850.61 medium_vessel
348.4 838.08 370.42 844.77 368.67 850.54 346.65 843.85 medium_vessel
437.97 824.05 458.59 825.49 454.69 881.34 434.07 879.9 large_vessel
426.35 815.83 441.76 816.9 437.7 874.98 422.29 873.91 large_vessel
434.85 932.82 439.63 930.7 446.17 945.38 441.39 947.5 small_vessel
428.17 924.1 436.92 923.07 440.07 949.88 431.32 950.91 medium_vessel
420.91 923.22 429.23 922.24 432.47 949.81 424.15 950.79 medium_vessel
413.44 922.37 421.77 921.39 424.94 948.41 416.61 949.39 medium_vessel
407.83 925.75 418.24 925.26 419.36 949.03 408.95 949.52 medium_vessel
1194.12 176.79 1199.94 176.61 1200.42 191.8 1194.6 191.98 medium_vessel
1199.22 177.57 1204.56 177.4 1205.03 192.32 1199.69 192.49 medium_vessel
1174.84 222.25 1189.71 220.4 1190.35 225.55 1175.48 227.4 medium_vessel
