1139.71 397.41 1143.66 401.88 1133.72 410.65 1129.77 406.18 medium_vessel
714.81 1113.53 808.52 1133.11 802.37 1162.56 708.66 1142.98 large_vessel
999.48 1153.39 1022.69 1155.46 1021.87 1164.62 998.66 1162.55 medium_vessel
1002.34 1160.85 1023.98 1162.36 1023.36 1171.14 1001.72 1169.63 medium_vessel
1002.24 1168.09 1025.22 1170.35 1024.24 1180.4 1001.26 1178.14 medium_vessel
1058.54 1259.98 1112.34 1267.54 1109.72 1286.21 1055.92 1278.65 large_vessel
1057.38 1245.24 1106.76 1250.08 1105.02 1267.79 1055.64 1262.95 large_vessel
1048.99 1227.59 1099.81 1232.93 1097.7 1253.05 1046.88 1247.71 large_vessel
1048.9 1204.99 1102.84 1215.18 1098.59 1237.69 1044.65 1227.5 large_vessel
1043.07 1186.59 1096.76 1198.69 1092.46 1217.8 1038.77 1205.7 large_vessel
1034.24 1172.72 1088.71 1180.37 1086.17 1198.47 1031.7 1190.82 large_vessel
1038.13 1155.33 1090.14 1162.64 1087.38 1182.21 1035.37 1174.9 large_vessel
1200.32 928.9 1206.8 928.18 1208.81 946.15 1202.33 946.87 heavy_equipment
1100.87 1005.42 1108.23 1004.59 1110.72 1026.76 1103.36 1027.59 heavy_equipment
1046.22 987.15 1053.62 986.32 1055.82 1005.92 1048.42 1006.75 heavy_equipment
1021.7 984.79 1029.35 983.93 1031.59 1003.96 1023.94 1004.82 heavy_equipment
1160.11 1162.04 1186.12 1165.56 1185.31 1171.53 1159.3 1168.01 large_vehicle
1160.74 1166.84 1188.63 1170.61 1187.68 1177.66 1159.79 1173.89 large_vehicle
1207.74 1169.04 1235.76 1175.71 1234.03 1182.95 1206.01 1176.28 large_vehicle
1235.55 1080.02 1265.93 1086.14 1264.45 1093.45 1234.07 1087.33 large_vehicle
1229.21 1073.31 1259.04 1077.34 1257.92 1085.58 1228.09 1081.55 large_vehicle
1134.79 1117.13 1298.65 1143.96 1280.88 1252.46 1117.02 1225.63 large_vessel
648.92 25.24 656.09 24.42 657.62 37.85 650.45 38.67 heavy_equipment
1107.99 656.3 1115.14 655.08 1117.88 671.12 1110.73 672.34 medium_vessel
1092.43 609.49 1098.29 606.42 1106.9 622.81 1101.04 625.88 medium_vessel
1178.32 543.77 1193.96 557.75 1190.27 561.87 1174.63 547.89 medium_vessel
1011.7 333.66 1018.53 335.17 1014.11 355.26 1007.28 353.75 medium_vessel
262.36 209.04 285.16 222.58 281.47 228.81 258.67 215.27 medium_vessel
376.12 30.89 394.06 36.93 392.38 41.91 374.44 35.87 medium_vessel
377.43 38.47 395.92 45.57 394.03 50.49 375.54 43.39 medium_vessel
385.48 100.01 396.23 104.57 394.33 109.03 383.58 104.47 small_vessel
382.19 96.03 395.0 98.22 394.59 100.59 381.78 98.4 medium_vessel
380.97 80.29 394.97 83.44 393.67 89.18 379.67 86.03 medium_vessel
358.46 69.45 372.39 70.92 371.94 75.19 358.01 73.72 medium_vessel
362.44 89.39 376.98 91.87 376.2 96.46 361.66 93.98 medium_vessel
360.47 96.53 374.7 97.88 374.26 102.51 360.03 101.16 medium_vessel
384.5 114.04 397.54 117.41 396.44 121.68 383.4 118.31 medium_vessel
363.53 110.06 375.6 112.45 374.76 116.71 362.69 114.32 small_vessel
363.49 116.8 376.6 119.05 375.9 123.16 362.79 120.91 medium_vessel
224.84 91.9 236.64 92.03 236.59 97.36 224.79 97.23 small_vessel
219.07 82.67 238.72 85.43 237.96 90.84 218.31 88.08 medium_vessel
214.04 41.89 233.96 44.59 233.27 49.75 213.35 47.05 medium_vessel
214.74 50.33 233.43 50.06 233.51 55.76 214.82 56.03 medium_vessel
339.71 17.43 369.9 25.13 367.12 36.05 336.93 28.35 medium_vessel
355.09 46.4 371.52 49.74 370.19 56.27 353.76 52.93 medium_vessel
202.71 6.76 225.44 6.83 225.41 16.33 202.68 16.26 medium_vessel
155.62 764.38 172.27 760.38 181.16 797.4 164.51 801.4 medium_vessel
169.25 763.46 272.85 770.7 270.8 800.06 167.2 792.82 large_vessel
296.16 774.81 553.46 812.81 546.02 863.22 288.72 825.22 large_vessel
690.99 1059.47 702.23 1058.33 706.79 1103.21 695.55 1104.35 large_vessel
667.08 1049.87 693.73 1045.17 710.21 1138.58 683.56 1143.28 large_vessel
153.54 516.27 158.83 515.62 161.2 534.99 155.91 535.64 large_vehicle
173.93 650.26 188.08 652.4 187.17 658.41 173.02 656.27 medium_vehicle
135.16 625.92 150.38 627.74 149.56 634.59 134.34 632.77 large_vehicle
140.49 639.28 155.43 643.62 153.44 650.49 138.5 646.15 large_vehicle
340.44 8.99 367.13 14.13 365.85 20.74 339.16 15.6 medium_vessel
532.5 727.2 545.4 727.2 545.4 732.9 532.5 732.9 medium_vessel
106.83 644.64 126.16 646.3 125.56 653.21 106.23 651.55 heavy_equipment
616.26 128.5 622.02 128.71 621.56 141.29 615.8 141.08 medium_vehicle
663.89 121.42 676.16 122.24 675.8 127.72 663.53 126.9 medium_vehicle
113.13 111.46 139.61 118.12 118.02 204.07 91.54 197.41 large_vessel
218.99 60.58 237.01 63.69 235.9 70.1 217.88 66.99 medium_vessel
340.17 -3.64 366.65 1.84 364.7 11.24 338.22 5.75 medium_vessel
240.32 10.52 264.79 17.26 262.51 25.51 238.04 18.77 medium_vessel
341.37 12.05 367.66 17.64 365.88 26.0 339.59 20.41 medium_vessel
77.74 219.05 111.04 238.59 104.82 249.2 71.52 229.66 medium_vessel
369.9 3.04 392.41 5.8 391.67 11.75 369.16 8.99 medium_vessel
371.62 7.32 392.81 9.92 391.98 16.71 370.79 14.11 medium_vessel
709.49 1095.71 804.44 1115.55 799.46 1139.39 704.51 1119.55 large_vessel
