13.25 251.11 38.07 253.37 37.46 260.14 12.64 257.88 container
11.24 245.16 35.65 247.12 35.04 254.6 10.63 252.64 container
40.21 261.69 65.2 262.39 64.98 269.93 39.99 269.23 container
43.07 254.06 68.45 255.17 68.12 262.65 42.74 261.54 container
40.66 247.68 66.16 248.8 65.81 256.84 40.31 255.72 container
47.82 282.93 72.33 282.46 72.47 289.76 47.96 290.23 container
56.09 314.05 81.81 315.8 81.28 323.55 55.56 321.8 container
68.85 342.83 93.74 342.48 93.84 349.53 68.95 349.88 container
77.4 365.72 101.9 365.77 101.89 373.12 77.39 373.07 container
83.88 384.37 108.57 384.93 108.41 391.98 83.72 391.42 container
81.59 378.7 106.3 378.7 106.3 385.9 81.59 385.9 container
92.05 416.82 116.49 416.77 116.5 424.17 92.06 424.22 container
89.72 410.97 114.11 410.42 114.27 417.42 89.88 417.97 container
86.98 402.64 111.96 403.73 111.61 411.83 86.63 410.74 container
85.83 395.55 111.55 396.67 111.22 404.15 85.5 403.03 container
130.2 420.88 137.61 419.43 142.53 444.51 135.12 445.96 container
155.92 420.51 179.58 421.95 179.18 428.46 155.52 427.02 container
147.97 391.68 172.26 392.15 172.12 399.54 147.83 399.07 container
143.78 382.27 168.78 382.84 168.61 390.46 143.61 389.89 container
141.89 376.69 165.96 376.48 166.03 383.7 141.96 383.91 container
139.33 365.4 163.85 367.37 163.26 374.68 138.74 372.71 container
137.11 359.49 162.42 361.26 161.89 368.87 136.58 367.1 container
130.02 345.39 154.48 345.94 154.3 353.67 129.84 353.12 container
124.69 322.65 149.02 324.35 148.49 331.97 124.16 330.27 container
122.97 317.19 147.72 318.92 147.23 326.0 122.48 324.27 container
119.7 305.66 144.2 305.71 144.19 313.42 119.69 313.37 container
118.71 296.29 145.93 298.2 145.4 305.79 118.18 303.88 container
109.6 267.13 134.44 268.21 134.12 275.52 109.28 274.44 container
683.64 849.28 690.64 873.06 686.58 874.26 679.58 850.48 container
106.57 255.26 131.14 256.34 130.82 263.65 106.25 262.57 container
102.95 245.63 126.95 245.38 127.04 253.17 103.04 253.42 container
101.59 238.72 127.14 239.84 126.83 246.95 101.28 245.83 container
100.27 232.07 124.43 233.13 124.11 240.48 99.95 239.42 container
97.75 225.71 122.04 226.04 121.94 233.06 97.65 232.73 container
95.87 219.53 120.85 220.62 120.52 228.05 95.54 226.96 container
92.97 213.82 118.72 214.94 118.4 222.25 92.65 221.13 container
330.2 932.73 343.25 933.94 342.52 941.76 329.47 940.55 medium_vehicle
314.18 920.19 343.57 924.48 342.41 932.43 313.02 928.14 large_vehicle
695.24 921.53 703.39 918.76 712.62 946.03 704.47 948.8 large_vehicle
710.89 925.1 737.61 929.0 736.68 935.41 709.96 931.51 large_vehicle
711.75 932.44 737.12 933.5 736.84 940.19 711.47 939.13 large_vehicle
719.93 939.27 747.26 941.66 746.69 948.22 719.36 945.83 large_vehicle
717.67 956.01 741.74 959.52 740.64 967.03 716.57 963.52 large_vehicle
719.42 963.54 744.76 965.9 744.12 972.77 718.78 970.41 large_vehicle
741.94 958.76 764.55 963.6 763.13 970.22 740.52 965.38 large_vehicle
796.05 967.74 821.14 973.3 819.66 980.0 794.57 974.44 large_vehicle
746.25 934.78 771.43 941.57 769.52 948.67 744.34 941.88 large_vehicle
751.02 941.22 778.57 949.06 776.51 956.29 748.96 948.45 large_vehicle
774.93 942.42 802.54 948.34 800.94 955.78 773.33 949.86 large_vehicle
768.41 962.53 793.89 964.89 793.23 971.98 767.75 969.62 large_vehicle
780.42 949.24 806.65 956.81 804.67 963.68 778.44 956.11 large_vehicle
772.35 955.55 799.37 961.29 797.9 968.22 770.88 962.48 large_vehicle
745.32 966.44 768.44 968.58 767.83 975.25 744.71 973.11 large_vehicle
771.15 969.3 795.65 971.58 795.05 978.04 770.55 975.76 large_vehicle
720.3 998.97 744.3 1002.17 743.24 1010.11 719.24 1006.91 bus
773.42 1006.73 797.51 1008.97 796.77 1016.95 772.68 1014.71 bus
788.25 1032.61 816.64 1035.25 815.9 1043.23 787.51 1040.59 large_vehicle
1269.41 475.2 1275.21 470.13 1284.41 480.64 1278.61 485.71 large_vehicle
1235.88 441.63 1242.55 435.8 1263.89 460.26 1257.22 466.09 large_vehicle
1209.91 371.96 1215.81 368.79 1230.72 396.48 1224.82 399.65 large_vehicle
1169.12 272.34 1176.38 269.35 1188.72 299.31 1181.46 302.3 large_vehicle
1134.8 190.28 1142.47 187.06 1152.03 209.8 1144.36 213.02 large_vehicle
1074.45 116.12 1081.11 113.35 1090.99 137.09 1084.33 139.86 large_vehicle
1022.32 13.81 1030.19 10.74 1039.96 35.79 1032.09 38.86 large_vehicle
1035.28 18.02 1041.37 15.65 1050.53 39.15 1044.44 41.52 large_vehicle
581.08 761.31 588.27 758.85 597.51 785.84 590.32 788.3 large_vehicle
52.47 308.67 77.17 308.54 77.22 316.33 52.52 316.46 container
50.82 301.81 75.71 301.98 75.66 309.58 50.77 309.41 container
47.62 293.41 72.21 294.18 71.97 301.98 47.38 301.21 container
62.63 333.96 86.93 333.53 87.06 340.98 62.76 341.41 container
60.24 326.55 85.45 326.94 85.34 333.99 60.13 333.6 container
71.93 355.55 97.13 355.82 97.06 363.32 71.86 363.05 container
70.1 348.3 95.39 349.01 95.19 356.45 69.9 355.74 container
107.8 261.58 133.1 261.58 133.1 268.39 107.8 268.39 container
687.74 849.86 694.78 873.79 690.72 874.98 683.68 851.05 container
691.69 850.17 698.5 873.31 694.44 874.51 687.63 851.37 container
696.19 850.13 702.83 872.69 698.62 873.92 691.98 851.36 container
286.77 816.23 293.68 812.85 305.57 837.12 298.66 840.5 container
286.1 789.64 292.91 787.63 300.49 813.21 293.68 815.22 container
308.57 819.7 315.26 817.11 324.79 841.69 318.1 844.28 container
297.93 870.85 305.26 868.9 310.82 889.81 303.49 891.76 container
409.27 831.6 416.46 828.63 426.64 853.33 419.45 856.3 container
428.47 686.74 436.06 686.29 437.6 712.12 430.01 712.57 container
595.78 762.83 603.53 760.13 613.84 789.74 606.09 792.44 large_vehicle
587.89 760.28 595.26 757.85 604.68 786.33 597.31 788.76 large_vehicle
603.71 765.65 611.53 763.07 620.89 791.36 613.07 793.94 large_vehicle
748.4 613.57 753.94 612.02 760.27 634.7 754.73 636.25 container
735.87 584.06 741.02 582.79 746.76 606.0 741.61 607.27 container
743.63 610.26 748.73 608.83 755.32 632.42 750.22 633.85 container
741.29 584.22 746.03 583.26 750.69 606.38 745.95 607.34 container
747.55 610.09 752.65 608.67 758.98 631.32 753.88 632.74 container
753.6 611.32 758.45 610.12 762.15 625.08 757.3 626.28 medium_vehicle
889.19 789.17 896.87 787.27 902.91 811.65 895.23 813.55 container
1000.05 680.69 1003.83 684.1 990.37 698.99 986.59 695.58 container
1007.33 688.01 1010.96 691.33 997.52 706.06 993.89 702.74 container
1014.98 694.83 1018.64 697.81 1006.09 713.19 1002.43 710.21 container
1004.52 684.49 1008.02 687.8 993.58 703.07 990.08 699.76 container
1011.2 691.61 1014.49 694.52 1000.71 710.1 997.42 707.19 container
1018.28 697.57 1021.93 700.37 1009.48 716.59 1005.83 713.79 container
1005.09 661.6 1009.68 664.4 999.32 681.37 994.73 678.57 container
1011.93 668.51 1016.14 670.94 1007.14 686.53 1002.93 684.1 container
1019.11 674.79 1023.68 677.43 1014.36 693.57 1009.79 690.93 container
1025.83 681.32 1030.18 683.83 1020.9 699.91 1016.55 697.4 container
1033.2 687.4 1037.77 690.04 1027.61 707.63 1023.04 704.99 container
1000.87 656.56 1006.18 659.62 995.72 677.73 990.41 674.67 container
1008.66 665.16 1012.86 667.8 1003.21 683.12 999.01 680.48 container
1015.63 672.03 1019.84 674.65 1010.35 689.9 1006.14 687.28 container
1022.85 679.2 1026.77 681.65 1017.41 696.63 1013.49 694.18 container
1030.03 684.75 1034.21 687.25 1023.71 704.8 1019.53 702.3 container
1037.05 690.14 1041.63 692.78 1031.6 710.15 1027.02 707.51 container
863.43 856.74 884.68 852.19 885.97 858.2 864.72 862.75 container
865.79 861.2 886.58 857.42 887.73 863.77 866.94 867.55 container
724.56 851.25 746.93 850.19 747.23 856.46 724.86 857.52 container
725.58 855.61 747.26 854.17 747.72 861.07 726.04 862.51 container
587.2 704.66 593.51 702.8 600.26 725.74 593.95 727.6 container
619.08 628.31 645.46 628.86 645.3 636.27 618.92 635.72 large_vehicle
613.36 639.67 637.33 640.51 637.05 648.4 613.08 647.56 container
646.8 641.83 671.18 642.56 670.99 648.96 646.61 648.23 container
561.08 652.82 584.77 654.39 584.35 660.68 560.66 659.11 container
563.3 661.51 587.08 663.09 586.68 669.08 562.9 667.5 container
562.29 657.61 585.73 659.17 585.35 664.97 561.91 663.41 container
564.03 666.42 587.47 667.98 587.05 674.25 563.61 672.69 container
525.36 656.93 531.36 655.04 536.84 672.44 530.84 674.33 large_vehicle
518.89 652.92 523.39 651.68 529.85 675.31 525.35 676.55 container
550.39 652.59 555.22 651.74 559.5 676.0 554.67 676.85 container
542.01 652.1 547.08 651.05 552.08 675.17 547.01 676.22 container
533.72 651.63 539.15 650.47 544.32 674.57 538.89 675.73 container
553.71 653.45 558.5 652.25 564.26 675.34 559.47 676.54 container
545.31 652.83 550.31 651.46 556.81 675.22 551.81 676.59 container
537.64 652.04 542.44 650.84 548.38 674.47 543.58 675.67 container
528.68 652.43 534.83 650.84 540.64 673.31 534.49 674.9 container
512.38 654.35 518.86 652.21 526.41 675.03 519.93 677.17 container
510.19 697.57 532.09 700.89 531.13 707.22 509.23 703.9 container
512.27 705.79 534.6 708.45 533.8 715.17 511.47 712.51 container
497.29 687.7 503.88 685.43 512.63 710.84 506.04 713.11 container
484.37 690.23 491.92 687.61 500.87 713.45 493.32 716.07 container
471.45 690.5 478.38 688.71 485.14 714.84 478.21 716.63 container
457.16 691.88 464.54 689.89 471.47 715.55 464.09 717.54 container
491.51 692.08 498.52 689.78 506.67 714.56 499.66 716.86 container
478.43 691.77 485.12 689.79 492.78 715.66 486.09 717.64 container
465.65 690.57 472.75 688.85 479.07 714.97 471.97 716.69 container
451.0 689.16 458.08 687.86 462.83 713.7 455.75 715.0 container
443.19 687.74 448.97 686.54 454.29 711.99 448.51 713.19 container
436.87 687.37 444.25 686.16 448.5 712.13 441.12 713.34 container
569.85 885.82 583.54 887.42 582.69 894.69 569.0 893.09 medium_vehicle
560.73 872.43 577.23 872.69 577.12 879.62 560.62 879.36 large_vehicle
512.16 891.07 518.93 888.53 524.74 903.98 517.97 906.52 large_vehicle
493.71 850.92 500.84 849.41 504.11 864.96 496.98 866.47 large_vehicle
482.21 854.85 490.04 853.55 492.86 870.6 485.03 871.9 large_vehicle
477.71 854.92 483.87 854.25 485.67 870.85 479.51 871.52 large_vehicle
470.35 853.06 476.76 851.84 480.03 868.98 473.62 870.2 large_vehicle
464.71 855.76 471.0 855.08 472.61 869.87 466.32 870.55 large_vehicle
465.75 892.65 473.02 891.86 474.93 909.38 467.66 910.17 large_vehicle
452.61 832.15 465.78 834.45 464.55 841.45 451.38 839.15 large_vehicle
450.88 824.89 467.26 828.02 465.58 836.84 449.2 833.71 large_vehicle
450.48 816.61 466.74 821.58 464.36 829.36 448.1 824.39 large_vehicle
449.87 810.01 464.11 814.36 461.85 821.72 447.61 817.37 large_vehicle
501.4 804.05 509.18 801.77 514.1 818.6 506.32 820.88 large_vehicle
405.62 735.33 412.97 733.35 419.84 758.83 412.49 760.81 container
419.17 738.94 426.61 737.48 431.6 762.91 424.16 764.37 container
425.47 738.19 433.85 736.85 438.05 763.09 429.67 764.43 container
412.31 735.56 419.95 733.85 425.73 759.72 418.09 761.43 container
399.1 734.31 406.25 732.24 413.73 758.13 406.58 760.2 container
405.23 804.28 412.18 801.78 421.16 826.71 414.21 829.21 container
411.22 803.82 418.03 801.23 427.67 826.47 420.86 829.06 container
388.59 803.87 396.02 801.16 405.07 826.01 397.64 828.72 container
394.74 804.98 401.11 802.69 411.72 832.18 405.35 834.47 large_vehicle
380.84 800.1 387.95 798.03 396.1 826.07 388.99 828.14 large_vehicle
374.9 799.8 382.02 797.73 390.3 826.24 383.18 828.31 large_vehicle
389.65 834.95 396.71 833.22 402.45 856.62 395.39 858.35 large_vehicle
362.14 798.28 369.06 795.9 377.75 821.12 370.83 823.5 container
368.1 795.99 374.41 793.72 383.41 818.71 377.1 820.98 container
363.58 827.01 371.17 824.7 378.96 850.32 371.37 852.63 container
312.36 877.15 318.83 875.16 325.08 895.48 318.61 897.47 container
319.05 875.62 324.23 874.12 331.85 900.33 326.67 901.83 container
304.96 871.47 310.7 869.93 317.15 893.98 311.41 895.52 large_vehicle
341.78 792.07 347.78 790.14 356.09 816.01 350.09 817.94 container
336.57 791.95 343.16 789.9 351.32 816.12 344.73 818.17 container
329.92 795.0 337.55 792.71 345.2 818.2 337.57 820.49 container
328.25 826.32 335.6 823.47 345.63 849.32 338.28 852.17 container
316.16 791.36 322.99 789.27 330.79 814.78 323.96 816.87 container
304.7 788.5 311.38 786.77 318.11 812.76 311.43 814.49 container
311.06 790.4 317.41 788.6 324.67 814.24 318.32 816.04 container
297.23 791.86 304.22 789.63 312.36 815.16 305.37 817.39 container
302.78 429.54 309.68 427.85 315.48 451.48 308.58 453.17 container
310.71 430.23 317.1 429.19 320.95 452.98 314.56 454.02 container
316.29 430.77 323.06 429.32 328.48 454.58 321.71 456.03 container
324.08 433.3 331.05 431.43 337.13 454.13 330.16 456.0 container
329.49 434.01 335.98 431.61 344.65 455.05 338.16 457.45 container
336.37 432.33 342.7 429.78 352.01 452.94 345.68 455.49 container
342.95 433.02 349.13 430.53 358.3 453.24 352.12 455.73 container
348.87 431.81 356.11 428.87 365.49 451.97 358.25 454.91 container
354.83 433.79 361.82 430.53 372.49 453.42 365.5 456.68 container
362.2 434.64 369.22 431.37 379.63 453.71 372.61 456.98 container
369.6 434.77 375.7 432.11 386.01 455.71 379.91 458.37 container
376.85 436.38 383.47 433.29 394.15 456.19 387.53 459.28 container
381.92 435.32 388.42 432.29 399.18 455.36 392.68 458.39 container
388.61 433.85 394.89 430.73 406.03 453.17 399.75 456.29 container
394.91 432.22 400.02 429.65 411.46 452.39 406.35 454.96 container
406.11 431.07 412.55 427.73 424.22 450.24 417.78 453.58 container
451.68 306.66 476.39 304.75 476.9 311.36 452.19 313.27 container
449.79 301.19 474.2 299.44 474.7 306.41 450.29 308.16 container
454.06 312.36 478.62 311.24 478.94 318.24 454.38 319.36 container
444.1 289.52 467.83 285.8 468.99 293.15 445.26 296.87 container
355.86 228.94 362.94 225.64 374.58 250.6 367.5 253.9 container
365.66 229.14 372.47 226.12 383.56 251.13 376.75 254.15 container
297.28 352.48 303.87 350.44 311.25 374.28 304.66 376.32 container
289.91 353.4 297.19 350.72 305.64 373.69 298.36 376.37 container
-1.23 284.53 6.42 283.02 11.4 308.39 3.74 309.9 container
-0.43 339.81 12.24 338.97 12.72 346.3 0.04 347.14 container
-0.42 346.58 15.27 346.88 15.12 354.81 -0.57 354.51 container
27.3 362.01 34.81 359.65 42.74 384.93 35.23 387.29 container
61.7 425.09 86.19 427.15 85.51 435.32 61.02 433.26 container
61.33 404.61 85.94 408.42 84.74 416.18 60.13 412.37 container
53.79 373.42 78.3 374.88 77.83 382.72 53.32 381.26 container
49.87 364.45 74.16 364.92 74.02 372.43 49.73 371.96 container
32.94 322.65 57.18 324.85 56.51 332.31 32.27 330.11 container
27.87 308.21 52.24 309.27 51.92 316.65 27.55 315.59 container
26.25 301.59 51.3 303.21 50.84 310.4 25.79 308.78 container
21.11 288.44 46.84 288.75 46.75 296.25 21.02 295.94 container
16.3 281.9 40.89 281.21 41.09 288.59 16.5 289.28 container
13.4 264.1 37.64 265.83 37.09 273.41 12.85 271.68 container
13.34 257.26 37.88 259.45 37.26 266.38 12.72 264.19 container
