962.94 956.86 969.26 958.31 962.57 987.5 956.25 986.05 large_vehicle
765.51 1268.83 797.9 1265.2 798.68 1272.14 766.29 1275.77 large_vehicle
897.54 1016.59 904.35 1017.96 898.56 1046.66 891.75 1045.29 large_vehicle
858.38 1030.63 864.33 1033.2 852.64 1060.21 846.69 1057.64 large_vehicle
70.02 1015.61 69.81 1021.9 64.72 1021.73 64.93 1015.44 bus
79.77 80.0 85.27 79.99 85.32 92.59 79.82 92.6 small_vessel
798.8 1254.53 798.4 1260.51 781.27 1259.37 781.67 1253.39 medium_vehicle
918.17 1271.81 916.8 1280.01 900.66 1277.31 902.03 1269.11 heavy_equipment
985.99 959.42 992.14 960.19 988.59 988.3 982.44 987.53 large_vehicle
803.67 1200.92 809.2 1205.09 799.65 1217.76 794.12 1213.59 container
123.83 997.36 130.06 998.19 127.47 1017.6 121.24 1016.77 bus
944.05 761.0 978.02 777.86 972.93 788.11 938.96 771.25 double_trailer_truck
134.2 1020.2 140.19 1020.64 138.83 1039.11 132.84 1038.67 bus
114.72 1066.68 114.42 1073.51 90.98 1072.49 91.28 1065.66 bus
889.28 1078.86 895.15 1079.88 890.39 1107.4 884.52 1106.38 large_vehicle
869.52 1271.28 868.1 1280.18 854.76 1278.04 856.18 1269.14 heavy_equipment
970.1 958.57 976.86 960.23 969.93 988.44 963.17 986.78 large_vehicle
973.84 764.97 1012.49 769.71 1011.61 776.86 972.96 772.12 double_trailer_truck
708.84 787.13 714.04 788.17 711.25 802.16 706.05 801.12 medium_vehicle
986.79 758.93 1015.74 762.48 1014.75 770.55 985.8 767.0 large_vehicle
120.81 1044.81 126.49 1045.5 124.22 1064.27 118.54 1063.58 bus
992.65 959.52 998.72 960.33 994.83 989.47 988.76 988.66 large_vehicle
122.7 1018.05 122.46 1025.22 116.62 1025.03 116.86 1017.86 bus
977.76 959.24 983.82 960.36 978.67 988.13 972.61 987.01 large_vehicle
972.25 772.29 1010.75 775.32 1010.16 782.71 971.66 779.68 double_trailer_truck
58.83 1061.7 58.71 1069.17 34.93 1068.8 35.05 1061.33 bus
787.42 1210.86 793.7 1211.43 791.47 1235.93 785.19 1235.36 container
988.33 755.25 1016.66 757.33 1016.16 764.13 987.83 762.05 large_vehicle
90.25 1012.56 96.12 1013.5 92.71 1034.8 86.84 1033.86 bus
864.06 976.46 871.01 977.94 865.02 1006.12 858.07 1004.64 large_vehicle
1212.95 497.86 1217.59 499.06 1214.03 512.81 1209.39 511.61 medium_vehicle
73.42 971.5 73.13 978.85 48.85 977.87 49.14 970.52 bus
988.81 739.2 1018.45 744.01 1017.21 751.67 987.57 746.86 large_vehicle
800.69 1215.34 806.57 1215.46 806.01 1242.25 800.13 1242.13 container
813.89 1263.97 813.0 1269.71 795.77 1267.04 796.66 1261.3 medium_vehicle
950.49 779.86 988.47 784.52 987.57 791.83 949.59 787.17 double_trailer_truck
795.62 1248.63 795.17 1255.41 776.93 1254.2 777.38 1247.42 medium_vehicle
66.31 1030.85 66.07 1038.29 61.65 1038.14 61.89 1030.7 bus
776.5 803.89 782.09 801.74 787.62 816.14 782.03 818.29 medium_vehicle
928.06 1254.65 926.74 1262.89 899.24 1258.49 900.56 1250.25 heavy_equipment
934.59 1265.42 932.59 1272.54 918.24 1268.51 920.24 1261.39 heavy_equipment
125.51 972.03 131.38 972.98 128.37 991.75 122.5 990.8 bus
976.23 747.23 1015.38 750.79 1014.67 758.64 975.52 755.08 double_trailer_truck
774.4 783.24 778.64 780.9 785.65 793.59 781.41 795.93 medium_vehicle
73.73 963.28 73.46 971.4 49.64 970.61 49.91 962.49 bus
