1211.57 991.6 1217.66 978.77 1230.88 985.05 1224.79 997.88 small_aircraft
1203.38 876.09 1222.79 880.33 1218.61 899.49 1199.2 895.25 small_aircraft
1236.26 909.74 1254.55 910.47 1253.63 933.25 1235.34 932.52 small_aircraft
1229.65 868.16 1269.11 871.27 1266.56 903.6 1227.1 900.49 small_aircraft
1201.02 1067.62 1224.94 1096.33 1199.04 1117.91 1175.12 1089.2 small_aircraft
1240.17 1210.25 1287.62 1255.76 1243.09 1302.2 1195.64 1256.69 large_aircraft
805.26 816.22 821.42 815.38 821.77 822.17 805.61 823.01 medium_vehicle
625.58 789.06 636.73 788.42 637.04 793.76 625.89 794.4 medium_vehicle
383.0 17.74 400.4 17.23 400.57 22.91 383.17 23.42 medium_vehicle
1092.34 1031.96 1115.61 1023.3 1126.68 1053.08 1103.41 1061.74 small_aircraft
