377.79 103.55 406.55 38.34 439.01 52.65 410.25 117.86 small_aircraft
1184.4 519.8 1196.88 517.82 1197.75 523.32 1185.27 525.3 medium_vehicle
1155.79 575.89 1168.99 575.84 1169.0 581.41 1155.8 581.46 medium_vehicle
915.75 758.02 922.65 758.17 922.34 773.07 915.44 772.92 large_vehicle
819.35 227.5 827.39 218.84 831.76 222.9 823.72 231.56 medium_vehicle
564.97 646.1 567.18 641.08 583.73 648.38 581.52 653.4 container
579.23 630.2 583.62 618.22 588.84 620.13 584.45 632.11 medium_vehicle
201.31 1262.04 193.79 1269.72 189.87 1265.88 197.39 1258.2 medium_vehicle
396.7 564.47 401.72 567.1 395.71 578.55 390.69 575.92 medium_vehicle
389.02 582.99 382.05 579.61 384.1 575.37 391.07 578.75 medium_vehicle
390.35 564.82 382.0 559.34 384.79 555.09 393.14 560.57 medium_vehicle
98.6 864.21 120.85 917.65 51.64 946.46 29.39 893.02 large_aircraft
62.49 793.36 127.69 785.36 137.07 861.68 71.87 869.68 large_aircraft
580.79 606.7 582.26 596.74 587.28 597.48 585.81 607.44 medium_vehicle
187.97 805.19 197.07 808.68 195.44 812.93 186.34 809.44 medium_vehicle
492.4 785.72 482.54 783.84 483.51 778.74 493.37 780.62 medium_vehicle
531.67 942.49 549.33 949.38 547.08 955.15 529.42 948.26 bus
529.41 949.22 547.23 956.86 544.73 962.69 526.91 955.05 bus
541.66 972.24 523.77 964.54 526.15 959.0 544.04 966.7 bus
512.06 956.48 494.17 948.78 496.55 943.24 514.44 950.94 bus
492.48 944.56 473.97 936.9 476.16 931.62 494.67 939.28 bus
329.43 218.97 351.82 171.61 377.22 183.62 354.83 230.98 small_aircraft
356.2 171.39 377.33 123.46 403.25 134.89 382.12 182.82 small_aircraft
1208.83 578.28 1218.94 581.84 1217.26 586.61 1207.15 583.05 medium_vehicle
506.8 142.56 527.94 94.63 553.86 106.06 532.72 153.99 small_aircraft
470.7 215.16 491.84 167.23 517.76 178.66 496.62 226.59 small_aircraft
436.3 289.66 457.44 241.73 483.36 253.16 462.22 301.09 small_aircraft
807.08 37.83 807.08 -0.4 837.79 -0.4 837.79 37.83 small_aircraft
869.43 10.52 872.5 59.32 840.34 61.34 837.27 12.54 small_aircraft
849.28 64.53 852.3 112.53 819.68 114.58 816.66 66.58 small_aircraft
821.96 33.45 824.95 81.03 792.33 83.08 789.34 35.5 small_aircraft
970.45 66.45 973.39 84.02 943.43 89.03 940.49 71.46 small_aircraft
100.38 166.63 129.35 100.63 162.17 115.04 133.2 181.04 small_aircraft
65.63 239.36 94.6 173.35 127.42 187.76 98.45 253.77 small_aircraft
31.31 312.65 59.98 247.33 92.51 261.61 63.84 326.93 small_aircraft
28.02 49.59 52.97 -7.22 86.15 7.34 61.2 64.16 small_aircraft
121.74 84.14 127.97 72.94 133.19 75.84 126.96 87.04 medium_vehicle
971.0 507.32 977.9 507.47 977.55 523.97 970.65 523.82 large_vehicle
1205.14 484.45 1210.55 483.39 1212.52 493.56 1207.11 494.62 medium_vehicle
1219.75 477.07 1225.63 477.22 1225.36 488.07 1219.48 487.92 medium_vehicle
1194.72 482.76 1200.62 482.91 1200.33 494.86 1194.43 494.71 medium_vehicle
133.58 93.53 162.55 27.52 195.37 41.93 166.4 107.94 small_aircraft
176.45 22.3 191.26 -11.43 216.57 -0.32 201.76 33.41 small_aircraft
277.46 331.14 298.31 283.64 323.83 294.84 302.98 342.34 small_aircraft
305.62 269.55 328.01 222.19 353.42 234.2 331.03 281.56 small_aircraft
