22.35 1250.34 29.64 1250.19 29.74 1255.04 22.45 1255.19 medium_vehicle
20.7 1255.26 29.71 1255.26 29.71 1260.69 20.7 1260.69 medium_vehicle
111.31 904.98 128.76 908.56 127.47 914.84 110.02 911.26 bus
501.82 1062.16 512.47 1064.7 511.18 1070.1 500.53 1067.56 medium_vehicle
722.3 1071.76 733.44 1074.83 731.83 1080.69 720.69 1077.62 medium_vehicle
798.97 1244.53 806.15 1247.15 797.62 1270.47 790.44 1267.85 bus
1261.64 1188.39 1280.59 1192.21 1279.44 1197.95 1260.49 1194.13 bus
1131.21 1196.97 1149.98 1200.52 1148.94 1206.02 1130.17 1202.47 bus
1114.02 1154.85 1124.78 1156.84 1123.88 1161.69 1113.12 1159.7 medium_vehicle
1241.44 886.24 1298.07 922.32 1259.94 982.18 1203.31 946.1 large_aircraft
1077.4 899.5 1092.2 899.5 1092.2 905.3 1077.4 905.3 medium_vehicle
1215.09 858.82 1263.5 805.99 1305.28 844.28 1256.87 897.11 large_aircraft
1179.82 1024.48 1238.32 967.99 1277.95 1009.03 1219.45 1065.52 large_aircraft
1230.83 1036.32 1268.52 1004.01 1292.68 1032.2 1254.99 1064.51 large_aircraft
1176.43 859.41 1229.72 817.47 1253.09 847.17 1199.8 889.11 small_aircraft
1127.05 869.61 1178.38 822.91 1201.85 848.71 1150.52 895.41 small_aircraft
1224.71 356.91 1233.14 307.08 1264.4 312.37 1255.97 362.2 small_aircraft
1184.69 267.25 1188.6 211.34 1242.39 215.1 1238.48 271.01 large_aircraft
1068.6 874.06 1120.89 830.35 1144.74 858.87 1092.45 902.58 small_aircraft
895.49 977.72 877.67 976.88 878.82 952.46 896.64 953.3 small_aircraft
886.73 919.12 902.66 920.76 900.15 945.08 884.22 943.44 small_aircraft
759.58 791.31 766.74 792.75 764.08 805.92 756.92 804.48 heavy_equipment
419.31 1241.28 429.2 1243.08 428.34 1247.82 418.45 1246.02 medium_vehicle
434.77 1244.64 444.2 1246.17 443.47 1250.7 434.04 1249.17 medium_vehicle
470.13 1252.82 479.94 1252.26 480.2 1256.82 470.39 1257.38 medium_vehicle
454.66 1239.71 459.06 1249.06 453.66 1251.6 449.26 1242.25 medium_vehicle
604.02 1048.19 614.67 1048.89 614.3 1054.52 603.65 1053.82 medium_vehicle
464.97 1189.93 470.92 1192.28 465.58 1205.75 459.63 1203.4 heavy_equipment
458.72 1189.95 464.55 1191.71 460.06 1206.55 454.23 1204.79 large_vehicle
454.12 1187.26 460.56 1189.49 455.19 1205.0 448.75 1202.77 large_vehicle
447.5 1187.86 453.16 1189.53 448.99 1203.72 443.33 1202.05 large_vehicle
402.25 1183.75 406.8 1187.34 399.05 1197.15 394.5 1193.56 medium_vehicle
