289.8 350.79 298.89 354.65 297.07 358.93 287.98 355.07 medium_vehicle
618.36 507.63 649.29 521.86 629.62 564.64 598.69 550.41 small_aircraft
669.08 518.57 699.82 532.7 680.28 575.17 649.54 561.04 small_aircraft
718.97 531.19 760.53 550.31 734.97 605.88 693.41 586.76 large_aircraft
767.97 551.29 809.53 570.41 784.67 624.46 743.11 605.34 large_aircraft
821.33 570.02 862.7 589.05 837.56 643.71 796.19 624.68 large_aircraft
1067.95 673.9 1101.17 690.32 1078.34 736.51 1045.12 720.09 small_aircraft
891.74 1023.13 910.15 1032.88 896.17 1059.28 877.76 1049.53 small_aircraft
844.26 1002.34 864.03 1011.43 851.33 1039.03 831.56 1029.94 small_aircraft
903.18 891.68 980.14 927.08 935.82 1023.45 858.86 988.05 large_aircraft
818.1 1066.44 895.06 1101.84 850.72 1198.22 773.76 1162.82 large_aircraft
771.83 1215.68 802.92 1229.98 775.8 1288.95 744.71 1274.65 small_aircraft
714.2 1107.39 766.31 1131.36 733.13 1203.5 681.02 1179.53 large_aircraft
674.96 1184.71 720.02 1205.43 692.03 1266.29 646.97 1245.57 large_aircraft
513.83 1110.57 591.79 1146.43 547.55 1242.62 469.59 1206.76 large_aircraft
566.68 991.74 643.3 1026.98 598.8 1123.73 522.18 1088.49 large_aircraft
619.92 892.14 670.51 915.41 637.22 987.79 586.63 964.52 large_aircraft
453.16 850.98 503.74 874.24 470.45 946.61 419.87 923.35 large_aircraft
401.91 960.54 452.57 983.84 419.18 1056.43 368.52 1033.13 large_aircraft
351.87 1050.81 430.44 1084.98 388.13 1182.29 309.56 1148.12 large_aircraft
251.05 515.01 301.01 536.73 280.96 582.86 231.0 561.14 large_aircraft
232.51 1183.62 276.66 1202.82 254.39 1254.04 210.24 1234.84 large_aircraft
116.47 1124.67 157.02 1156.81 115.7 1208.94 75.15 1176.8 large_aircraft
79.42 1191.32 30.38 1170.61 56.56 1108.63 105.6 1129.34 large_aircraft
20.23 1167.4 -14.3 1152.88 12.03 1090.21 46.57 1104.73 large_aircraft
82.59 1118.85 13.06 1113.98 17.08 1056.38 86.61 1061.25 large_aircraft
34.35 1014.73 93.22 1037.68 72.62 1090.52 13.75 1067.57 large_aircraft
171.62 503.65 177.0 507.03 169.04 519.72 163.66 516.34 large_vehicle
175.86 504.88 182.15 507.69 175.5 522.57 169.21 519.76 large_vehicle
187.17 474.11 193.4 477.08 188.12 488.15 181.89 485.18 medium_vehicle
240.9 410.34 247.06 413.28 240.37 427.32 234.21 424.38 large_vehicle
332.01 420.21 344.47 425.78 342.21 430.83 329.75 425.26 medium_vehicle
292.47 345.52 300.5 349.35 298.28 354.01 290.25 350.18 medium_vehicle
288.71 362.15 296.86 365.7 294.73 370.62 286.58 367.07 medium_vehicle
288.94 355.82 298.92 359.69 296.99 364.68 287.01 360.81 medium_vehicle
259.5 322.17 264.31 323.98 259.69 336.28 254.88 334.47 medium_vehicle
24.95 764.7 30.98 767.43 21.7 787.98 15.67 785.25 bus
41.18 734.61 47.18 737.44 38.22 756.48 32.22 753.65 bus
35.7 644.34 40.57 645.45 38.08 656.32 33.21 655.21 medium_vehicle
31.16 645.11 35.78 646.56 32.75 656.25 28.13 654.8 medium_vehicle
32.26 570.04 38.41 572.49 33.73 584.26 27.58 581.81 medium_vehicle
72.48 460.42 78.48 463.23 72.08 476.9 66.08 474.09 heavy_equipment
67.46 457.04 73.46 459.85 66.97 473.71 60.97 470.9 heavy_equipment
146.75 187.07 149.71 191.87 138.92 198.51 135.96 193.71 medium_vehicle
143.12 168.35 149.54 170.0 146.01 183.75 139.59 182.1 medium_vehicle
