333.45 773.16 418.99 806.17 380.83 905.08 295.29 872.07 large_aircraft
836.33 849.97 873.99 866.81 852.95 913.85 815.29 897.01 small_aircraft
877.63 761.93 914.56 778.44 893.39 825.76 856.46 809.25 small_aircraft
598.39 936.13 650.4 957.77 619.63 1031.7 567.62 1010.06 large_aircraft
637.77 842.63 691.6 865.03 660.82 938.97 606.99 916.57 large_aircraft
391.47 665.05 470.54 700.42 426.84 798.11 347.77 762.74 large_aircraft
447.47 569.65 499.49 592.91 466.84 665.9 414.82 642.64 large_aircraft
69.5 429.47 111.18 448.11 86.57 503.15 44.89 484.51 large_aircraft
17.87 552.28 46.81 565.23 27.67 608.03 -1.26 595.08 small_aircraft
241.39 511.77 272.61 525.73 258.04 558.32 226.82 544.36 small_aircraft
