834.15 90.26 843.98 93.66 842.5 97.92 832.67 94.52 medium_vehicle
38.21 162.86 44.1 166.1 37.05 178.92 31.16 175.68 heavy_equipment
56.13 157.34 64.85 155.31 68.44 170.72 59.72 172.75 heavy_equipment
60.82 209.58 67.33 207.9 70.69 220.9 64.18 222.58 medium_vehicle
357.35 147.56 367.59 159.22 354.22 170.96 343.98 159.3 small_aircraft
349.49 163.93 359.87 174.84 347.78 186.36 337.4 175.45 small_aircraft
357.7 158.7 376.29 167.72 367.99 184.81 349.4 175.79 small_aircraft
442.46 67.45 464.79 70.9 460.65 97.63 438.32 94.18 small_aircraft
442.61 78.11 477.89 83.57 470.24 132.98 434.96 127.52 large_aircraft
515.74 223.16 528.94 223.53 528.78 229.14 515.58 228.77 medium_vehicle
514.13 233.11 526.09 233.08 526.1 238.2 514.14 238.23 medium_vehicle
513.92 238.4 525.33 237.74 525.64 242.98 514.23 243.64 medium_vehicle
844.03 66.18 854.66 70.37 852.83 75.02 842.2 70.83 medium_vehicle
836.86 79.79 851.94 81.16 851.43 86.78 836.35 85.41 medium_vehicle
611.99 3.56 622.32 4.85 621.67 10.03 611.34 8.74 medium_vehicle
1184.49 229.16 1198.63 229.88 1198.36 235.31 1184.22 234.59 medium_vehicle
1189.72 210.16 1201.73 210.77 1201.46 216.0 1189.45 215.39 medium_vehicle
1190.74 202.04 1202.77 201.64 1202.94 206.85 1190.91 207.25 medium_vehicle
1192.64 195.93 1203.31 195.58 1203.48 200.8 1192.81 201.15 medium_vehicle
631.7 137.66 701.3 160.81 673.4 244.71 603.8 221.56 large_aircraft
834.39 161.74 878.95 175.87 852.21 260.14 807.65 246.01 large_aircraft
845.76 72.18 902.32 102.0 863.95 174.79 807.39 144.97 large_aircraft
837.29 261.36 906.87 263.55 904.21 348.36 834.63 346.17 large_aircraft
973.87 289.37 1044.0 291.58 1041.37 375.39 971.24 373.18 large_aircraft
1071.37 307.5 1142.61 303.39 1147.44 387.11 1076.2 391.22 large_aircraft
1070.14 125.52 1122.52 162.33 1073.93 231.47 1021.55 194.66 large_aircraft
1144.05 120.92 1209.45 133.52 1199.94 182.88 1134.54 170.28 large_aircraft
1226.83 163.99 1271.37 169.15 1262.83 242.95 1218.29 237.79 large_aircraft
1029.4 70.95 1074.2 104.83 1045.84 142.34 1001.04 108.46 large_aircraft
1204.49 335.53 1214.38 367.26 1180.44 377.83 1170.55 346.1 small_aircraft
1122.01 179.01 1164.44 187.03 1156.09 231.21 1113.66 223.19 large_aircraft
1030.33 191.99 998.21 168.05 1028.22 127.79 1060.34 151.73 large_aircraft
1011.32 164.39 974.78 147.97 994.41 104.28 1030.95 120.7 large_aircraft
949.57 97.2 988.76 110.84 972.62 157.18 933.43 143.54 large_aircraft
923.0 96.45 947.57 105.01 930.69 153.47 906.12 144.91 large_aircraft
892.0 110.13 917.63 117.87 904.52 161.32 878.89 153.58 large_aircraft
888.51 298.25 931.27 302.3 926.59 351.78 883.83 347.73 large_aircraft
815.93 274.09 854.43 287.35 837.87 335.44 799.37 322.18 large_aircraft
761.48 273.27 806.18 275.22 804.01 324.93 759.31 322.98 large_aircraft
