234.1 942.3 240.7 942.3 240.7 954.51 234.1 954.51 medium_vehicle
356.08 833.38 361.87 834.73 359.1 846.62 353.31 845.27 medium_vehicle
370.69 841.07 376.07 841.73 374.72 852.72 369.34 852.06 medium_vehicle
360.16 832.1 360.26 836.83 350.19 837.04 350.09 832.31 medium_vehicle
990.38 469.67 999.8 462.07 1003.68 466.87 994.26 474.47 medium_vehicle
600.66 925.23 602.61 920.91 612.89 925.57 610.94 929.89 medium_vehicle
653.8 936.22 652.87 942.61 636.54 940.23 637.47 933.84 medium_vehicle
1009.36 573.79 1017.47 580.79 1013.78 585.06 1005.67 578.06 medium_vehicle
1054.2 585.73 1060.81 593.73 1056.31 597.46 1049.7 589.46 medium_vehicle
1005.13 659.36 1011.02 664.32 997.2 680.74 991.31 675.78 bus
466.66 826.43 453.77 814.33 458.71 809.06 471.6 821.16 bus
527.48 859.02 518.93 840.06 525.51 837.09 534.06 856.05 bus
503.53 948.07 495.91 929.41 501.58 927.1 509.2 945.76 bus
135.82 727.68 145.3 724.75 146.99 730.21 137.51 733.14 medium_vehicle
175.27 709.05 195.43 702.23 197.78 709.16 177.62 715.98 bus
254.6 722.2 267.61 721.79 267.8 727.79 254.79 728.2 medium_vehicle
279.83 747.6 291.12 747.25 291.29 752.73 280.0 753.08 medium_vehicle
281.03 725.59 292.24 724.93 292.54 729.98 281.33 730.64 medium_vehicle
236.13 795.01 237.65 782.28 244.08 783.05 242.56 795.78 medium_vehicle
413.27 637.92 433.43 631.48 435.54 638.11 415.38 644.55 bus
