738.53 1061.48 730.09 1058.6 731.72 1053.86 740.16 1056.74 medium_vehicle
750.31 1046.03 744.66 1056.26 739.51 1053.42 745.16 1043.19 medium_vehicle
1051.98 1098.41 1062.67 1102.75 1060.69 1107.63 1050.0 1103.29 medium_vehicle
1057.07 1181.38 1069.42 1198.81 1063.9 1202.71 1051.55 1185.28 bus
962.62 1066.17 980.22 1072.43 978.09 1078.39 960.49 1072.13 bus
875.01 1065.55 870.08 1077.32 865.24 1075.29 870.17 1063.52 medium_vehicle
871.8 1060.79 863.09 1081.61 856.34 1078.79 865.05 1057.97 bus
863.3 1061.86 854.01 1082.42 847.35 1079.42 856.64 1058.86 bus
846.98 1053.16 839.56 1073.1 832.95 1070.64 840.37 1050.7 bus
817.33 1068.68 826.29 1049.38 832.68 1052.35 823.72 1071.65 bus
873.08 571.56 873.22 567.48 881.13 567.74 880.99 571.82 medium_vehicle
871.1 575.25 871.41 571.2 879.96 571.86 879.65 575.91 medium_vehicle
868.51 579.32 868.93 575.1 877.46 575.95 877.04 580.17 medium_vehicle
862.41 582.79 862.94 578.44 872.78 579.63 872.25 583.98 medium_vehicle
1037.79 1283.17 1030.07 1265.33 1037.74 1262.01 1045.46 1279.85 bus
859.33 595.72 859.85 591.37 869.16 592.49 868.64 596.84 medium_vehicle
882.26 556.0 882.73 551.11 893.38 552.14 892.91 557.03 medium_vehicle
880.69 573.41 881.02 569.05 890.79 569.8 890.46 574.16 medium_vehicle
878.11 577.87 878.7 573.39 888.43 574.67 887.84 579.15 medium_vehicle
876.24 581.85 876.83 577.38 888.1 578.86 887.51 583.33 medium_vehicle
871.94 585.05 873.12 580.28 884.54 583.1 883.36 587.87 medium_vehicle
870.93 589.79 872.11 585.03 883.52 587.85 882.34 592.61 medium_vehicle
869.28 594.65 870.15 590.21 881.2 592.38 880.33 596.82 medium_vehicle
789.56 506.76 795.66 484.13 804.09 486.4 797.99 509.03 heavy_equipment
755.69 393.46 757.29 388.11 767.86 391.26 766.26 396.61 medium_vehicle
491.43 991.27 487.38 970.29 494.49 968.92 498.54 989.9 bus
28.54 732.13 47.9 735.76 46.62 742.61 27.26 738.98 bus
497.33 777.96 501.19 757.13 509.42 758.66 505.56 779.49 bus
517.7 699.56 523.5 678.94 530.61 680.94 524.81 701.56 bus
548.11 690.24 555.48 668.82 562.06 671.09 554.69 692.51 bus
556.61 665.8 564.83 644.04 572.22 646.83 564.0 668.59 bus
656.69 276.89 665.05 273.42 666.87 277.81 658.51 281.28 medium_vehicle
939.66 292.5 947.12 272.78 954.4 275.53 946.94 295.25 bus
947.58 271.03 957.69 252.56 964.58 256.33 954.47 274.8 bus
920.41 231.66 939.96 235.49 938.73 241.75 919.18 237.92 bus
903.51 223.5 921.27 226.57 920.26 232.4 902.5 229.33 bus
866.26 232.09 885.53 229.93 886.34 237.13 867.07 239.29 bus
860.32 591.69 860.84 587.34 870.15 588.46 869.63 592.81 medium_vehicle
1049.61 1275.15 1041.41 1257.8 1047.33 1255.0 1055.53 1272.35 bus
1000.43 1279.78 991.12 1260.08 997.95 1256.85 1007.26 1276.55 bus
1019.99 1240.2 1027.53 1258.07 1020.57 1261.01 1013.03 1243.14 bus
1040.58 1223.33 1048.95 1240.8 1043.68 1243.33 1035.31 1225.86 bus
724.86 1134.58 716.12 1131.96 717.41 1127.66 726.15 1130.28 medium_vehicle
720.87 1125.08 711.36 1124.28 711.76 1119.54 721.27 1120.34 medium_vehicle
724.02 1098.61 714.49 1097.28 715.09 1092.97 724.62 1094.3 medium_vehicle
765.52 1114.41 752.4 1112.54 753.2 1106.9 766.32 1108.77 medium_vehicle
768.17 1107.97 751.2 1103.83 752.47 1098.59 769.44 1102.73 medium_vehicle
450.01 1032.4 457.35 1042.96 452.68 1046.2 445.34 1035.64 medium_vehicle
391.18 830.26 378.58 827.68 379.49 823.24 392.09 825.82 medium_vehicle
701.44 1223.06 690.73 1221.54 691.51 1216.11 702.22 1217.63 medium_vehicle
751.14 1259.0 741.4 1240.6 748.15 1237.03 757.89 1255.43 bus
763.41 1257.45 751.19 1241.64 756.65 1237.42 768.87 1253.23 bus
682.4 1218.16 665.52 1209.64 668.34 1204.06 685.22 1212.58 bus
595.83 1266.83 587.4 1259.22 591.14 1255.09 599.57 1262.7 medium_vehicle
592.5 1177.1 579.06 1163.28 583.97 1158.51 597.41 1172.33 bus
591.89 1131.39 578.55 1115.04 584.16 1110.46 597.5 1126.81 bus
981.2 1282.08 976.7 1271.68 981.86 1269.45 986.36 1279.85 bus
987.92 1283.23 981.19 1267.66 989.07 1264.25 995.8 1279.82 bus
