563.01 63.58 567.28 67.51 559.12 76.38 554.85 72.45 medium_vehicle
529.02 79.68 533.55 83.85 525.14 92.99 520.61 88.82 medium_vehicle
684.94 203.83 702.29 212.71 699.32 218.5 681.97 209.62 bus
620.75 139.23 609.3 123.6 614.54 119.76 625.99 135.39 bus
624.46 134.99 613.65 118.9 619.73 114.82 630.54 130.91 bus
560.39 279.53 571.77 257.2 579.08 260.93 567.7 283.26 bus
175.32 217.08 162.65 225.85 158.9 220.43 171.57 211.66 medium_vehicle
174.45 211.15 161.76 219.29 158.19 213.73 170.88 205.59 medium_vehicle
59.42 276.86 53.12 288.32 47.89 285.44 54.19 273.98 medium_vehicle
53.51 274.55 47.4 285.68 42.66 283.07 48.77 271.94 medium_vehicle
48.75 268.05 40.69 278.48 36.2 275.0 44.26 264.57 medium_vehicle
48.7 261.56 33.21 281.6 27.04 276.83 42.53 256.79 bus
43.94 257.32 28.88 276.81 22.98 272.25 38.04 252.76 bus
8.66 266.6 25.62 248.22 31.17 253.34 14.21 271.72 bus
2.84 264.91 19.81 246.52 25.37 251.64 8.4 270.03 bus
-1.66 260.63 15.19 242.36 21.27 247.97 4.41 266.24 bus
-4.59 255.16 11.79 237.4 18.03 243.16 1.64 260.92 bus
-6.75 238.77 3.66 227.48 10.06 233.39 -0.35 244.68 bus
33.01 195.43 50.39 178.41 56.49 184.63 39.11 201.65 bus
41.55 210.19 59.07 194.64 64.76 201.05 47.24 216.6 bus
141.54 300.39 160.89 309.91 157.61 316.56 138.26 307.04 bus
1245.38 137.25 1249.95 133.46 1257.75 142.85 1253.18 146.64 medium_vehicle
1250.59 131.7 1255.03 128.02 1262.87 137.45 1258.43 141.13 medium_vehicle
681.66 136.08 686.81 131.79 696.29 143.17 691.14 147.46 large_vehicle
718.36 100.71 723.84 105.1 713.03 118.6 707.55 114.21 large_vehicle
771.8 35.05 776.85 39.93 758.81 58.62 753.76 53.74 large_vehicle
779.63 25.51 781.24 31.56 753.98 38.81 752.37 32.76 large_vehicle
805.69 47.78 809.5 51.04 802.59 59.14 798.78 55.88 medium_vehicle
817.64 33.89 821.78 37.43 813.6 47.01 809.46 43.47 medium_vehicle
830.29 261.49 831.15 256.2 843.88 258.28 843.02 263.57 medium_vehicle
1111.38 489.6 1115.06 485.31 1122.0 491.28 1118.32 495.57 medium_vehicle
1260.49 2.47 1265.31 -0.85 1272.17 9.09 1267.35 12.42 medium_vehicle
1171.98 733.3 1173.07 729.24 1183.57 732.06 1182.48 736.12 medium_vehicle
28.97 1212.55 44.46 1219.22 42.03 1224.85 26.54 1218.18 large_vehicle
397.55 369.91 438.75 388.34 413.48 444.83 372.28 426.4 large_aircraft
464.93 370.84 504.68 388.62 471.44 462.93 431.69 445.15 large_aircraft
520.98 392.27 561.22 410.27 528.0 484.54 487.76 466.54 large_aircraft
785.66 527.98 825.91 546.67 800.65 601.09 760.4 582.4 large_aircraft
867.64 336.47 906.55 354.54 873.67 425.39 834.76 407.32 large_aircraft
1120.85 629.75 1125.99 632.54 1120.55 642.55 1115.41 639.76 medium_vehicle
76.34 232.41 80.13 237.51 68.11 246.44 64.32 241.34 medium_vehicle
77.67 237.37 81.46 242.47 71.51 249.85 67.72 244.75 medium_vehicle
459.07 31.6 459.07 27.38 470.08 27.38 470.08 31.6 medium_vehicle
625.36 177.77 635.66 182.75 633.45 187.32 623.15 182.34 medium_vehicle
534.04 112.77 538.89 115.27 534.01 124.73 529.16 122.23 medium_vehicle
537.91 115.62 542.87 117.92 538.46 127.43 533.5 125.13 medium_vehicle
542.34 117.63 546.81 119.81 542.2 129.22 537.73 127.04 medium_vehicle
546.75 119.63 551.57 122.21 546.63 131.46 541.81 128.88 medium_vehicle
551.53 120.76 556.41 123.21 551.34 133.34 546.46 130.89 medium_vehicle
556.03 122.26 562.03 125.27 556.95 135.41 550.95 132.4 medium_vehicle
