478.25 787.3 482.36 789.47 478.08 797.59 473.97 795.42 small_vessel
1254.31 783.04 1255.98 786.49 1248.85 789.93 1247.18 786.48 medium_vessel
1151.82 1007.11 1156.5 1007.11 1156.5 1016.9 1151.82 1016.9 medium_vehicle
741.55 1135.93 743.87 1139.7 736.17 1144.44 733.85 1140.67 heavy_equipment
1039.03 981.34 1042.89 981.34 1042.89 991.1 1039.03 991.1 medium_vehicle
1256.09 786.22 1257.97 790.24 1249.73 794.08 1247.85 790.06 medium_vessel
1273.75 765.46 1276.07 769.22 1266.84 774.9 1264.52 771.14 medium_vessel
1266.46 782.89 1268.38 786.87 1259.15 791.33 1257.23 787.35 medium_vessel
1028.88 980.3 1033.88 980.3 1033.88 993.93 1028.88 993.93 large_vehicle
1213.06 884.7 1215.5 886.47 1211.8 891.56 1209.36 889.79 small_vessel
1259.06 789.2 1260.98 793.19 1252.86 797.11 1250.94 793.12 medium_vessel
1165.09 1168.5 1168.99 1177.16 1162.97 1179.87 1159.07 1171.21 heavy_equipment
711.35 665.76 714.22 669.4 707.0 675.08 704.13 671.44 small_vessel
722.43 665.37 722.6 669.18 714.88 669.53 714.71 665.72 small_vessel
1033.08 983.0 1037.8 983.0 1037.8 991.83 1033.08 991.83 medium_vehicle
1274.46 760.31 1276.77 764.07 1268.55 769.13 1266.24 765.37 medium_vessel
1042.2 981.12 1046.7 981.12 1046.7 991.5 1042.2 991.5 medium_vehicle
725.97 1174.55 727.69 1178.78 717.77 1182.8 716.05 1178.57 medium_vehicle
