56.18 1163.42 119.28 1203.0 77.53 1269.56 14.43 1229.98 large_aircraft
940.95 85.69 941.3 78.1 945.26 78.28 944.91 85.87 medium_vehicle
1138.26 261.16 1149.9 252.89 1153.29 257.65 1141.65 265.92 medium_vehicle
1202.37 159.84 1212.7 160.82 1212.2 166.07 1201.87 165.09 medium_vehicle
355.06 1097.27 366.28 1098.01 365.91 1103.66 354.69 1102.92 medium_vehicle
887.3 629.9 945.3 629.9 945.3 671.5 887.3 671.5 large_aircraft
753.82 1078.23 771.0 1079.16 770.66 1085.36 753.48 1084.43 large_vehicle
1196.54 163.88 1209.04 164.09 1208.95 169.21 1196.45 169.0 medium_vehicle
757.8 1062.79 768.59 1062.79 768.59 1068.98 757.8 1068.98 medium_vehicle
1209.46 153.12 1219.55 155.19 1218.43 160.64 1208.34 158.57 medium_vehicle
950.65 84.79 951.0 77.2 954.96 77.38 954.61 84.97 medium_vehicle
148.79 788.64 224.48 744.23 255.66 797.37 179.97 841.78 large_aircraft
1018.7 49.68 1030.3 49.71 1030.29 55.41 1018.69 55.38 medium_vehicle
946.17 84.99 946.5 77.8 950.46 77.98 950.13 85.17 medium_vehicle
362.62 1084.1 372.91 1083.93 373.0 1089.93 362.71 1090.1 medium_vehicle
1205.64 156.64 1215.44 158.09 1214.67 163.29 1204.87 161.84 medium_vehicle
228.9 1195.4 280.5 1195.4 280.5 1242.6 228.9 1242.6 large_aircraft
1213.56 150.59 1223.25 152.58 1222.13 158.03 1212.44 156.04 medium_vehicle
295.57 1101.73 305.85 1101.37 306.06 1107.36 295.78 1107.72 medium_vehicle
360.83 1087.83 372.18 1087.94 372.11 1094.37 360.76 1094.26 medium_vehicle
785.76 1066.35 789.33 1059.22 794.41 1061.76 790.84 1068.89 medium_vehicle
541.22 23.71 550.96 26.52 549.27 32.38 539.53 29.57 medium_vehicle
935.99 86.11 936.33 78.52 940.29 78.7 939.95 86.29 medium_vehicle
1104.61 14.53 1114.79 13.77 1115.16 18.7 1104.98 19.46 medium_vehicle
1134.04 255.2 1142.19 246.33 1147.15 250.9 1139.0 259.77 heavy_equipment
