1082.36 635.05 1107.57 634.39 1107.85 645.27 1082.64 645.93 heavy_equipment
227.47 1106.21 232.51 1106.18 232.58 1115.47 227.54 1115.5 heavy_equipment
1219.95 728.14 1234.87 730.82 1233.18 740.22 1218.26 737.54 heavy_equipment
1125.85 589.69 1130.48 579.14 1136.0 581.57 1131.37 592.12 medium_vehicle
1070.06 590.65 1072.28 578.64 1078.48 579.79 1076.26 591.8 medium_vehicle
201.29 1001.92 209.29 1002.12 208.9 1018.19 200.9 1017.99 heavy_equipment
1193.59 608.6 1208.09 608.6 1208.09 616.6 1193.59 616.6 heavy_equipment
200.67 1111.31 206.07 1111.28 206.14 1122.62 200.74 1122.65 heavy_equipment
1242.07 603.89 1254.97 604.1 1254.84 612.29 1241.94 612.08 heavy_equipment
320.56 1108.21 320.71 1096.95 335.73 1097.16 335.58 1108.42 medium_vehicle
280.89 1049.62 293.35 1052.98 291.78 1058.78 279.32 1055.42 medium_vehicle
