488.07 569.28 500.0 568.89 500.19 574.66 488.26 575.05 medium_vehicle
442.66 581.25 456.87 581.2 456.88 586.17 442.67 586.22 large_vehicle
172.01 556.27 181.32 555.54 181.7 560.42 172.39 561.15 medium_vehicle
716.55 597.16 729.9 593.86 731.19 599.06 717.84 602.36 large_vehicle
687.68 19.63 711.57 18.88 711.99 32.22 688.1 32.97 small_aircraft
666.01 510.76 680.53 508.51 681.48 514.63 666.96 516.88 large_vehicle
124.35 563.13 138.49 561.67 139.25 569.05 125.11 570.51 large_vehicle
809.07 590.67 818.06 588.46 819.24 593.29 810.25 595.5 medium_vehicle
421.86 1033.13 435.93 1024.33 439.19 1029.55 425.12 1038.35 heavy_equipment
1.37 87.56 57.68 91.01 53.0 167.54 -3.3 164.09 large_aircraft
1197.71 514.9 1213.1 516.03 1212.65 522.08 1197.26 520.95 heavy_equipment
648.71 25.85 673.04 24.02 674.08 37.76 649.75 39.59 small_aircraft
1213.02 509.0 1225.64 509.17 1225.55 515.09 1212.93 514.92 heavy_equipment
161.43 553.53 176.76 547.98 179.28 554.95 163.95 560.5 large_vehicle
475.88 1015.2 491.06 1011.66 493.07 1020.31 477.89 1023.85 heavy_equipment
178.35 71.61 229.65 74.75 226.78 121.65 175.48 118.51 large_aircraft
118.18 73.21 169.48 76.35 166.61 123.26 115.31 120.12 large_aircraft
125.72 573.55 139.86 572.09 140.62 579.47 126.48 580.93 heavy_equipment
346.76 538.44 366.05 537.4 366.34 542.77 347.05 543.81 large_vehicle
617.1 504.7 629.0 504.7 629.0 510.72 617.1 510.72 heavy_equipment
445.2 503.4 460.3 503.4 460.3 509.1 445.2 509.1 large_vehicle
248.5 58.17 299.01 61.25 296.09 109.0 245.58 105.92 large_aircraft
289.99 542.65 306.04 541.44 306.5 547.62 290.45 548.83 large_vehicle
527.75 1014.01 542.02 1003.25 546.37 1009.02 532.1 1019.78 heavy_equipment
350.27 543.41 363.03 542.4 363.5 548.35 350.74 549.36 medium_vehicle
166.48 78.65 167.69 66.58 172.64 67.07 171.43 79.14 large_vehicle
178.27 1120.83 193.32 1112.31 197.36 1119.44 182.31 1127.96 heavy_equipment
649.72 532.0 649.39 519.4 654.22 519.27 654.55 531.87 medium_vehicle
94.7 612.95 108.87 612.06 109.27 618.51 95.1 619.4 large_vehicle
