1201.8 462.03 1243.52 453.31 1246.09 465.58 1204.37 474.3 large_vessel
1211.9 524.33 1229.23 524.58 1229.16 529.63 1211.83 529.38 medium_vessel
1150.15 613.51 1164.47 614.11 1164.25 619.19 1149.93 618.59 large_vehicle
1213.45 527.35 1243.31 521.06 1245.22 530.15 1215.36 536.44 large_vessel
1222.06 555.24 1232.26 554.95 1232.34 557.94 1222.14 558.23 medium_vessel
1218.64 539.97 1244.56 536.28 1245.65 543.94 1219.73 547.63 large_vessel
1212.24 514.15 1244.62 507.39 1246.67 517.18 1214.29 523.94 large_vessel
1163.5 590.21 1180.72 584.28 1182.56 589.63 1165.34 595.56 container
1206.83 506.0 1229.25 499.7 1231.07 506.19 1208.65 512.49 medium_vessel
1204.78 482.37 1259.73 470.89 1262.86 485.87 1207.91 497.35 large_vessel
1221.54 550.15 1233.95 549.8 1234.07 554.05 1221.66 554.4 medium_vessel
1150.35 617.6 1164.87 618.21 1164.67 623.0 1150.15 622.39 large_vehicle
1219.04 531.85 1252.99 527.02 1254.12 535.0 1220.17 539.83 large_vessel
1209.66 510.56 1238.54 504.53 1239.83 510.7 1210.95 516.73 large_vessel
1201.47 443.82 1245.56 439.42 1247.24 456.25 1203.15 460.65 large_vessel
1205.82 498.73 1233.46 492.95 1235.07 500.62 1207.43 506.4 large_vessel
1220.32 423.89 1224.22 423.71 1224.6 431.81 1220.7 431.99 medium_vessel
1202.19 469.8 1238.17 462.28 1241.04 476.02 1205.06 483.54 large_vessel
1151.48 610.46 1164.78 611.02 1164.62 614.69 1151.32 614.13 large_vehicle
1212.97 520.11 1228.35 519.39 1228.62 524.98 1213.24 525.7 medium_vessel
