530.53 279.19 601.39 297.91 590.25 340.06 519.39 321.34 pylon
523.14 765.42 585.06 781.78 575.49 817.98 513.57 801.62 pylon
502.65 452.26 509.65 453.35 509.13 456.68 502.13 455.59 small_vehicle
1234.53 597.37 1240.52 597.42 1240.49 600.34 1234.5 600.29 small_vehicle
1157.6 578.62 1164.54 579.72 1163.97 583.3 1157.03 582.2 small_vehicle
737.51 497.79 743.16 498.67 742.58 502.41 736.93 501.53 small_vehicle
287.92 408.52 299.45 410.32 298.6 415.69 287.07 413.89 bus
141.76 252.96 144.72 255.42 140.38 260.64 137.42 258.18 medium_vehicle
537.24 467.2 544.24 468.29 543.72 471.61 536.72 470.52 small_vehicle
739.44 508.18 746.28 509.25 745.75 512.6 738.91 511.53 small_vehicle
612.69 -10.42 652.3 0.04 644.87 28.14 605.26 17.67 pylon
220.09 404.8 226.77 405.85 226.31 408.78 219.63 407.73 small_vehicle
415.42 859.14 494.18 879.95 482.82 922.95 404.06 902.14 pylon
733.8 422.24 737.17 422.44 736.86 427.55 733.49 427.35 small_vehicle
503.68 461.87 510.69 462.96 510.14 466.48 503.13 465.39 small_vehicle
1271.41 601.07 1277.4 601.12 1277.37 604.67 1271.38 604.62 small_vehicle
1095.77 575.04 1101.79 575.99 1101.28 579.25 1095.26 578.3 small_vehicle
1091.13 576.03 1097.38 577.01 1096.79 580.76 1090.54 579.78 small_vehicle
602.01 190.01 693.58 214.2 681.09 261.47 589.52 237.28 pylon
479.66 559.47 549.46 577.91 537.98 621.37 468.18 602.93 pylon
739.21 420.5 742.59 420.7 742.28 425.81 738.9 425.61 small_vehicle
155.46 393.81 163.07 395.0 162.35 399.62 154.74 398.43 small_vehicle
