1083.58 325.95 1083.36 307.82 1090.02 307.74 1090.24 325.87 heavy_equipment
1094.19 351.0 1094.11 342.1 1097.46 342.08 1097.54 350.98 heavy_equipment
1028.24 338.42 1040.65 331.4 1044.41 338.04 1032.0 345.06 heavy_equipment
902.7 1158.38 908.65 1157.65 910.64 1173.89 904.69 1174.62 heavy_equipment
982.96 400.88 999.92 391.29 1003.43 397.49 986.47 407.08 heavy_equipment
899.97 1198.03 884.24 1169.18 892.84 1164.49 908.57 1193.34 heavy_equipment
733.95 1165.95 751.37 1161.8 753.41 1170.37 735.99 1174.52 heavy_equipment
773.56 533.72 788.28 532.9 788.69 540.23 773.97 541.05 medium_vehicle
941.05 1185.8 937.41 1176.36 959.58 1167.8 963.22 1177.24 heavy_equipment
1102.76 328.86 1104.82 316.39 1110.49 317.32 1108.43 329.79 heavy_equipment
816.52 1142.97 834.12 1138.78 835.64 1145.16 818.04 1149.35 heavy_equipment
1079.21 336.29 1088.41 332.98 1090.61 339.1 1081.41 342.41 heavy_equipment
