703.63 79.71 706.38 79.66 706.49 85.97 703.74 86.02 small_vehicle
771.32 732.63 774.43 732.37 774.99 739.04 771.88 739.3 small_vehicle
708.78 181.72 712.13 181.6 712.38 188.54 709.03 188.66 small_vehicle
747.46 632.96 751.17 632.5 751.92 638.51 748.21 638.97 small_vehicle
833.41 999.67 837.67 999.14 838.61 1006.71 834.35 1007.24 small_vehicle
849.24 1080.17 854.53 1079.51 855.56 1087.78 850.27 1088.44 small_vehicle
843.9 1015.86 847.01 1015.47 847.68 1020.88 844.57 1021.27 small_vehicle
731.59 530.85 736.54 530.67 736.85 539.07 731.9 539.25 medium_vehicle
744.84 609.61 748.56 609.47 748.78 615.52 745.06 615.66 small_vehicle
730.11 346.04 736.21 345.79 736.98 364.92 730.88 365.17 large_vehicle
799.72 969.6 860.92 969.6 860.92 984.5 799.72 984.5 pylon
714.67 233.2 717.63 233.09 717.84 238.93 714.88 239.04 small_vehicle
687.22 270.87 748.42 270.87 748.42 285.77 687.22 285.77 pylon
754.43 658.69 758.95 658.21 759.91 667.24 755.39 667.72 medium_vehicle
757.47 593.64 760.59 593.37 761.11 599.55 757.99 599.82 small_vehicle
1041.03 1058.7 1044.13 1058.82 1043.88 1065.45 1040.78 1065.33 small_vehicle
1022.03 1156.42 1025.62 1156.56 1025.39 1162.56 1021.8 1162.42 small_vehicle
1065.63 906.92 1069.02 907.05 1068.75 914.26 1065.36 914.13 small_vehicle
1093.51 760.88 1099.33 761.66 1096.25 784.77 1090.43 783.99 double_trailer_truck
726.87 436.4 730.22 436.28 730.47 443.22 727.12 443.34 small_vehicle
