374.16 1002.55 377.12 1008.09 374.2 1009.65 371.24 1004.11 small_vehicle
449.41 93.69 454.01 96.61 452.19 99.49 447.59 96.57 small_vehicle
461.5 1199.45 464.19 1204.49 461.2 1206.09 458.51 1201.05 small_vehicle
417.34 1114.69 420.1 1119.47 416.9 1121.32 414.14 1116.54 small_vehicle
192.24 726.16 198.0 722.92 207.56 739.89 201.8 743.13 double_trailer_truck
16.09 315.89 18.48 320.02 15.39 321.81 13.0 317.68 small_vehicle
264.95 836.13 267.9 841.67 264.98 843.23 262.03 837.69 small_vehicle
225.8 94.33 230.17 93.74 230.52 96.32 226.15 96.91 small_vehicle
196.46 99.82 200.78 100.74 200.24 103.29 195.92 102.37 small_vehicle
963.15 374.92 965.48 376.84 961.88 381.19 959.55 379.27 small_vehicle
180.25 705.1 186.29 701.69 195.97 718.86 189.93 722.27 double_trailer_truck
416.59 1079.77 419.15 1084.57 416.26 1086.12 413.7 1081.32 small_vehicle
352.8 995.99 355.48 1000.65 352.28 1002.5 349.6 997.84 small_vehicle
45.5 429.8 102.2 429.8 102.2 444.51 45.5 444.51 pylon
378.44 1035.69 380.71 1039.95 378.1 1041.34 375.83 1037.08 small_vehicle
148.13 618.3 151.34 623.85 148.13 625.7 144.92 620.15 small_vehicle
574.71 161.11 577.64 161.74 576.88 165.29 573.95 164.66 small_vehicle
260.62 70.8 264.54 70.04 265.04 72.59 261.12 73.35 small_vehicle
424.79 1105.06 426.87 1108.94 424.26 1110.33 422.18 1106.45 small_vehicle
414.74 1084.15 416.97 1088.34 414.07 1089.89 411.84 1085.7 small_vehicle
322.55 940.77 325.04 945.42 322.11 946.98 319.62 942.33 small_vehicle
727.69 243.52 730.46 246.01 728.84 247.82 726.07 245.33 small_vehicle
473.71 1117.0 476.29 1122.48 473.21 1123.93 470.63 1118.45 small_vehicle
444.97 1135.94 447.52 1140.73 444.31 1142.45 441.76 1137.66 small_vehicle
434.45 1192.19 441.05 1189.71 448.61 1209.85 442.01 1212.33 large_vehicle
149.16 629.14 151.92 633.92 148.72 635.77 145.96 630.99 small_vehicle
