678.55 945.68 708.98 956.52 701.76 976.79 671.33 965.95 pylon
572.8 1170.5 602.33 1181.02 595.54 1200.08 566.01 1189.56 pylon
669.14 651.51 702.54 662.49 694.51 686.91 661.11 675.93 pylon
660.75 360.11 694.93 371.35 686.78 396.14 652.6 384.9 pylon
469.94 109.54 501.26 119.84 494.82 139.43 463.5 129.13 pylon
686.04 1240.61 720.22 1251.85 715.27 1266.92 681.09 1255.68 pylon
549.01 943.7 578.04 950.02 574.05 968.35 545.02 962.03 pylon
16.57 788.56 22.07 790.8 14.94 808.37 9.44 806.13 large_vehicle
506.04 445.53 536.73 455.63 530.06 475.93 499.37 465.83 pylon
646.8 94.18 679.23 104.84 672.19 126.27 639.76 115.61 pylon
526.79 692.19 555.34 701.58 549.13 720.47 520.58 711.08 pylon
