1159.43 998.97 1163.63 1000.83 1160.11 1008.74 1155.91 1006.88 medium_vehicle
148.4 1130.14 185.19 1143.24 179.23 1159.98 142.44 1146.88 pylon
1181.78 942.65 1186.96 944.96 1178.12 964.79 1172.94 962.48 large_vehicle
289.34 736.96 318.83 747.46 312.16 766.2 282.67 755.7 pylon
376.86 337.89 414.85 351.42 406.08 376.03 368.09 362.5 pylon
1079.62 1170.95 1083.82 1172.82 1080.42 1180.46 1076.22 1178.59 medium_vehicle
121.66 1222.34 150.52 1232.62 144.09 1250.69 115.23 1240.41 pylon
1128.55 1121.22 1133.73 1123.53 1129.95 1132.04 1124.77 1129.73 medium_vehicle
1272.38 756.98 1276.17 758.97 1271.67 767.54 1267.88 765.55 medium_vehicle
1169.6 973.43 1174.11 975.44 1169.27 986.32 1164.76 984.31 large_vehicle
446.85 166.29 476.38 176.81 469.39 196.44 439.86 185.92 pylon
368.94 440.78 400.03 451.85 392.95 471.72 361.86 460.65 pylon
181.9 985.7 211.71 996.32 205.3 1014.33 175.49 1003.71 pylon
1120.51 1093.04 1124.7 1094.91 1121.33 1102.46 1117.14 1100.59 medium_vehicle
1228.31 900.41 1232.77 902.4 1228.08 912.95 1223.62 910.96 large_vehicle
1200.26 901.74 1205.3 903.98 1196.85 922.95 1191.81 920.71 large_vehicle
241.51 814.69 260.76 821.54 256.49 833.54 237.24 826.69 pylon
247.86 793.83 281.12 805.67 272.65 829.44 239.39 817.6 pylon
1231.23 834.89 1235.43 836.76 1232.33 843.72 1228.13 841.85 medium_vehicle
