563.95 832.29 570.67 832.44 570.36 846.37 563.64 846.22 medium_vehicle
630.56 787.73 636.96 787.6 637.23 801.84 630.83 801.97 medium_vehicle
551.75 576.23 557.75 576.36 557.46 589.45 551.46 589.32 medium_vehicle
614.07 73.69 619.76 74.07 618.83 87.69 613.14 87.31 medium_vehicle
129.93 33.44 135.51 33.78 134.63 48.07 129.05 47.73 medium_vehicle
127.77 61.65 134.84 61.81 134.49 77.36 127.42 77.2 medium_vehicle
43.38 79.52 58.67 79.87 58.5 87.48 43.21 87.13 medium_vehicle
618.65 1199.68 625.94 1199.31 627.24 1225.12 619.95 1225.49 bus
186.17 125.67 192.57 125.94 191.62 148.67 185.22 148.4 bus
183.0 202.87 189.31 203.14 188.26 228.24 181.95 227.97 bus
129.78 205.26 136.9 205.56 135.86 230.51 128.74 230.21 bus
137.53 195.36 144.43 195.65 143.36 221.21 136.46 220.92 bus
177.24 190.14 184.48 190.79 182.22 216.19 174.98 215.54 bus
168.43 195.07 175.55 195.36 174.59 218.23 167.47 217.94 bus
162.26 178.36 169.39 178.66 168.36 203.21 161.23 202.91 bus
169.33 172.27 176.45 172.56 175.49 195.33 168.37 195.04 bus
156.21 121.26 163.21 121.55 162.15 146.71 155.15 146.42 bus
242.26 83.32 248.93 83.73 247.41 108.52 240.74 108.11 bus
232.45 87.95 239.31 88.04 239.0 113.37 232.14 113.28 bus
223.94 88.46 230.54 88.8 229.26 113.11 222.66 112.77 bus
214.15 88.75 221.05 88.84 220.74 114.37 213.84 114.28 bus
205.04 84.65 211.91 84.74 211.6 109.67 204.73 109.58 bus
221.73 113.54 228.59 113.84 227.49 139.03 220.63 138.73 bus
214.44 114.96 221.09 115.04 220.8 139.03 214.15 138.95 bus
229.36 163.36 236.23 163.45 235.92 188.14 229.05 188.05 bus
128.65 230.66 135.51 230.89 134.67 256.3 127.81 256.07 bus
120.22 241.2 127.35 241.44 126.52 266.31 119.39 266.07 bus
135.54 248.28 142.78 248.52 141.97 272.87 134.73 272.63 bus
133.98 272.81 141.71 273.07 140.93 296.62 133.2 296.36 bus
231.35 138.05 238.14 138.41 236.82 163.46 230.03 163.1 bus
212.94 139.97 219.58 140.21 218.7 164.14 212.06 163.9 bus
240.54 109.33 247.41 109.42 247.12 133.36 240.25 133.27 bus
235.02 251.33 241.86 251.62 240.82 276.34 233.98 276.05 bus
236.01 225.86 242.92 226.15 241.86 251.47 234.95 251.18 bus
175.43 31.26 182.56 31.56 181.53 56.21 174.4 55.91 bus
174.43 56.37 181.01 56.64 180.03 80.12 173.45 79.85 bus
172.96 79.46 180.08 79.75 179.12 102.51 172.0 102.22 bus
218.01 227.17 224.69 227.45 223.63 252.61 216.95 252.33 bus
216.83 253.08 223.51 253.36 222.44 278.81 215.76 278.53 bus
216.2 278.54 222.73 278.91 221.33 303.15 214.8 302.78 bus
198.18 286.49 204.53 286.76 203.57 309.74 197.22 309.47 bus
198.26 262.31 204.92 262.51 204.19 287.28 197.53 287.08 bus
150.28 254.8 157.4 255.09 156.42 278.33 149.3 278.04 bus
151.6 230.88 158.35 231.17 157.34 255.34 150.59 255.05 bus
152.09 205.36 159.21 205.66 158.15 230.81 151.03 230.51 bus
170.29 146.86 177.41 147.16 176.35 172.41 169.23 172.11 bus
154.72 146.07 161.85 146.36 160.84 170.43 153.71 170.14 bus
157.52 78.97 163.6 79.22 162.59 103.39 156.51 103.14 bus
158.13 53.96 164.9 54.25 163.88 78.62 157.11 78.33 bus
158.93 27.35 166.24 27.66 165.14 54.02 157.83 53.71 bus
129.96 3.64 136.51 6.55 126.4 29.37 119.85 26.46 bus
143.73 37.37 150.85 37.66 149.89 60.43 142.77 60.14 bus
144.29 12.36 151.41 12.66 150.35 37.81 143.23 37.51 bus
25.71 142.85 33.24 143.16 32.14 169.45 24.61 169.14 bus
26.15 116.26 33.34 116.56 32.26 142.23 25.07 141.93 bus
27.75 90.18 35.03 90.67 33.32 116.4 26.04 115.91 bus
58.02 49.89 64.39 50.16 63.34 75.19 56.97 74.92 bus
53.3 20.7 60.0 20.7 60.0 47.2 53.3 47.2 bus
60.15 -0.04 67.14 0.24 66.04 26.39 59.05 26.1 bus
43.28 4.99 50.4 5.29 49.3 31.43 42.18 31.13 bus
174.53 118.45 180.87 121.07 171.12 144.74 164.78 142.12 bus
194.62 127.15 202.07 127.46 201.01 152.78 193.56 152.47 bus
220.01 167.27 226.64 167.54 225.59 192.51 218.96 192.24 bus
637.81 15.24 643.78 17.72 638.72 29.88 632.75 27.4 medium_vehicle
231.75 335.03 258.41 336.15 258.03 345.25 231.37 344.13 bus
171.79 312.3 196.88 320.79 193.83 329.78 168.74 321.29 bus
157.88 290.06 164.64 289.33 167.31 313.89 160.55 314.62 bus
166.74 238.97 173.43 239.25 172.35 264.89 165.66 264.61 bus
181.0 237.98 187.71 238.1 187.28 262.45 180.57 262.33 bus
219.02 197.57 225.74 197.85 224.7 222.72 217.98 222.44 bus
201.69 189.15 208.28 189.47 207.06 214.42 200.47 214.1 bus
184.71 162.16 191.45 162.45 190.4 187.52 183.66 187.23 bus
188.62 61.76 195.47 62.05 194.41 87.28 187.56 86.99 bus
141.84 82.86 148.79 83.15 147.71 108.78 140.76 108.49 bus
125.33 109.86 132.39 109.93 132.12 135.53 125.06 135.46 bus
139.98 129.35 147.33 129.66 146.21 156.38 138.86 156.07 bus
139.01 165.16 145.95 165.45 144.9 190.53 137.96 190.24 bus
123.39 170.13 130.13 170.47 128.85 195.75 122.11 195.41 bus
119.04 275.56 126.14 275.86 125.06 301.51 117.96 301.21 bus
50.39 220.6 57.08 220.88 55.8 251.42 49.11 251.14 bus
54.27 189.69 61.18 189.98 60.04 217.22 53.13 216.93 bus
14.63 255.89 41.67 255.7 41.72 264.08 14.68 264.27 bus
-0.45 229.63 19.07 230.45 18.71 239.01 -0.81 238.19 bus
-0.76 248.64 12.66 251.03 11.12 259.72 -2.3 257.33 bus
19.59 391.47 45.29 391.42 45.3 399.58 19.6 399.63 bus
100.01 365.75 126.61 365.84 126.58 374.04 99.98 373.95 bus
237.25 365.37 263.37 365.42 263.36 374.62 237.24 374.57 bus
303.71 366.89 330.43 367.5 330.24 375.9 303.52 375.29 bus
298.1 380.7 324.94 380.7 324.94 389.1 298.1 389.1 bus
403.79 382.21 430.31 382.81 430.12 391.2 403.6 390.6 bus
460.14 365.01 486.88 363.24 487.45 371.82 460.71 373.59 bus
517.03 78.61 523.43 75.93 533.3 99.4 526.9 102.08 bus
613.02 66.19 619.65 41.8 626.58 43.68 619.95 68.07 bus
604.56 339.52 611.42 339.28 612.28 363.97 605.42 364.21 bus
548.84 417.25 556.41 417.58 555.33 442.27 547.76 441.94 bus
549.86 867.22 556.71 863.62 568.12 885.35 561.27 888.95 bus
116.44 335.03 143.31 335.36 143.22 343.09 116.35 342.76 bus
146.54 336.24 172.61 336.55 172.52 344.29 146.45 343.98 bus
175.44 336.23 201.81 336.56 201.72 344.2 175.35 343.87 bus
157.67 329.42 184.35 329.98 184.19 337.87 157.51 337.31 bus
187.86 329.93 214.55 330.26 214.46 338.26 187.77 337.93 bus
205.65 335.45 231.32 335.76 231.21 344.35 205.54 344.04 bus
186.92 99.28 193.5 99.55 192.45 124.58 185.87 124.31 bus
130.39 325.57 156.25 327.79 155.55 335.96 129.69 333.74 bus
442.56 390.69 453.36 390.94 453.23 396.38 442.43 396.13 medium_vehicle
0.43 786.86 17.55 775.31 22.21 782.21 5.09 793.76 bus
253.58 810.59 271.47 811.0 271.3 818.6 253.41 818.19 medium_vehicle
682.56 1237.78 689.15 1237.93 688.82 1252.27 682.23 1252.12 medium_vehicle
667.66 1095.03 673.73 1095.17 673.4 1109.36 667.33 1109.22 medium_vehicle
