232.52 923.79 240.86 935.57 234.97 939.74 226.63 927.96 medium_vehicle
63.82 1024.19 67.29 1016.77 91.75 1028.23 88.28 1035.65 bus
360.48 783.43 364.3 791.31 339.25 803.47 335.43 795.59 bus
37.12 1042.83 42.31 1035.52 68.04 1053.81 62.85 1061.12 bus
351.22 826.0 359.37 825.13 362.15 851.16 354.0 852.03 bus
47.96 1010.98 51.83 1016.41 40.08 1024.78 36.21 1019.35 medium_vehicle
244.69 916.39 252.81 927.86 246.73 932.17 238.61 920.7 medium_vehicle
240.6 985.54 246.19 994.08 221.94 1009.94 216.35 1001.4 bus
588.18 250.44 664.6 271.34 648.02 331.97 571.6 311.07 large_aircraft
127.72 1052.77 132.83 1061.28 107.36 1076.58 102.25 1068.07 bus
259.75 34.16 264.64 39.69 247.54 54.82 242.65 49.29 large_vehicle
41.8 1032.52 47.34 1024.72 73.42 1043.25 67.88 1051.05 bus
73.56 993.06 78.02 998.02 67.04 1007.9 62.58 1002.94 medium_vehicle
226.34 236.52 228.21 229.34 241.39 232.78 239.52 239.96 medium_vehicle
369.61 821.76 370.22 836.96 363.17 837.25 362.56 822.05 medium_vehicle
167.17 222.92 177.48 231.95 173.11 236.94 162.8 227.91 medium_vehicle
194.43 229.68 204.21 238.25 200.16 242.88 190.38 234.31 medium_vehicle
363.99 794.51 368.39 802.1 344.29 816.07 339.89 808.48 bus
421.12 11.27 475.91 26.26 462.49 75.31 407.7 60.32 large_aircraft
387.09 83.46 455.39 102.14 440.31 157.26 372.01 138.58 large_aircraft
528.52 408.43 603.93 432.79 584.3 493.58 508.89 469.22 large_aircraft
309.92 841.36 316.02 837.33 330.24 858.82 324.14 862.85 bus
375.37 819.38 376.7 834.52 370.0 835.1 368.67 819.96 medium_vehicle
278.2 111.26 284.42 107.28 293.75 121.86 287.53 125.84 medium_vehicle
212.96 1.34 218.33 -3.73 231.44 10.12 226.07 15.2 large_vehicle
180.05 262.03 191.12 270.11 187.39 275.23 176.32 267.15 medium_vehicle
237.21 210.03 239.12 202.69 252.48 206.17 250.57 213.51 medium_vehicle
223.75 928.99 230.46 941.34 224.41 944.62 217.7 932.27 medium_vehicle
240.71 922.48 247.88 934.57 240.93 938.7 233.76 926.61 medium_vehicle
76.02 1078.68 79.25 1083.99 67.37 1091.22 64.14 1085.91 medium_vehicle
384.26 575.87 390.06 570.07 411.85 591.86 406.05 597.66 bus
89.55 982.44 93.69 987.66 83.37 995.84 79.23 990.62 medium_vehicle
238.8 202.24 241.07 195.01 254.25 199.17 251.98 206.4 medium_vehicle
573.71 609.7 613.63 674.09 563.34 705.27 523.42 640.88 large_aircraft
287.46 324.29 358.33 343.68 341.38 405.63 270.51 386.24 large_aircraft
223.6 244.0 225.4 237.11 238.57 240.54 236.77 247.43 medium_vehicle
318.39 248.93 394.37 269.71 379.43 324.31 303.45 303.53 large_aircraft
122.31 507.38 128.28 506.84 129.48 519.99 123.51 520.53 medium_vehicle
167.56 276.19 176.58 284.08 172.69 288.52 163.67 280.63 medium_vehicle
338.43 832.75 345.01 831.96 347.96 856.33 341.38 857.12 bus
198.6 16.89 205.53 14.37 213.85 37.23 206.92 39.75 large_vehicle
211.14 273.28 223.07 278.4 220.49 284.41 208.56 279.29 medium_vehicle
190.37 234.1 199.51 242.09 195.46 246.72 186.32 238.73 medium_vehicle
327.65 835.14 335.75 833.83 340.18 861.18 332.08 862.49 bus
86.63 1005.33 90.7 996.63 119.02 1009.9 114.95 1018.6 bus
69.91 1015.69 74.42 1006.06 100.66 1018.35 96.15 1027.98 bus
336.88 807.03 340.7 814.91 325.59 822.24 321.77 814.36 bus
302.69 842.95 308.84 839.34 322.68 862.93 316.53 866.54 bus
