20.72 318.44 26.53 323.69 9.56 342.46 3.75 337.21 bus
433.0 419.94 433.23 434.59 426.76 434.69 426.53 420.04 medium_vehicle
10.15 665.35 23.87 670.5 21.23 677.52 7.51 672.37 medium_vehicle
1197.16 64.4 1204.23 64.2 1204.98 91.11 1197.91 91.31 bus
1205.82 65.0 1212.89 64.8 1213.64 91.88 1206.57 92.08 bus
997.07 32.31 1003.96 32.72 1002.42 58.56 995.53 58.15 bus
781.73 370.75 807.09 371.24 806.93 379.54 781.57 379.05 bus
222.98 843.94 248.49 846.04 247.8 854.43 222.29 852.33 container
219.48 850.03 248.17 852.39 247.5 860.53 218.81 858.17 container
219.1 858.77 248.39 858.82 248.38 865.65 219.09 865.6 container
1120.66 215.71 1126.96 209.3 1145.08 227.11 1138.78 233.52 bus
1206.78 217.37 1211.93 210.88 1234.73 228.95 1229.58 235.44 bus
341.2 850.3 367.58 850.3 367.58 858.59 341.2 858.59 bus
799.33 33.0 804.95 27.1 824.49 45.72 818.87 51.62 bus
900.22 24.71 922.17 43.13 916.39 50.01 894.44 31.59 bus
914.49 28.16 935.19 45.22 929.7 51.88 909.0 34.82 bus
930.91 29.34 951.67 48.83 946.15 54.71 925.39 35.22 bus
307.31 918.32 313.91 918.27 314.08 942.87 307.48 942.92 bus
296.34 915.76 302.94 917.4 296.65 942.81 290.05 941.17 bus
276.47 919.73 283.27 919.82 282.92 944.5 276.12 944.41 bus
503.13 448.7 529.56 449.49 529.3 458.04 502.87 457.25 bus
527.04 444.12 552.74 444.88 552.5 453.17 526.8 452.41 bus
609.61 410.49 617.11 410.31 617.72 435.5 610.22 435.68 bus
913.88 378.23 927.82 378.36 927.77 384.97 913.83 384.84 medium_vehicle
919.53 372.72 936.08 372.87 936.01 380.27 919.46 380.12 medium_vehicle
1168.25 362.72 1186.08 362.87 1186.01 370.47 1168.18 370.32 medium_vehicle
1214.76 317.47 1221.46 317.52 1221.31 334.52 1214.61 334.47 medium_vehicle
228.16 832.22 253.23 834.32 252.59 842.02 227.52 839.92 bus
227.89 838.68 254.79 841.55 254.07 848.29 227.17 845.42 bus
348.22 876.97 374.53 878.25 374.11 886.72 347.8 885.44 bus
347.41 885.43 374.0 886.17 373.78 893.96 347.19 893.22 bus
368.08 707.44 395.27 710.83 394.31 718.6 367.12 715.21 bus
367.9 715.68 395.55 718.54 394.87 725.14 367.22 722.28 bus
370.07 722.43 394.9 725.39 394.11 732.04 369.28 729.08 bus
370.33 729.05 393.81 733.1 392.65 739.78 369.17 735.73 bus
368.14 735.35 392.06 741.05 390.58 747.3 366.66 741.6 bus
365.62 741.12 390.82 747.87 389.04 754.5 363.84 747.75 bus
364.55 752.6 389.32 760.31 387.37 766.58 362.6 758.87 bus
361.03 758.63 386.43 766.54 384.68 772.15 359.28 764.24 bus
294.49 665.08 320.52 673.59 318.12 680.94 292.09 672.43 bus
299.03 657.76 323.88 666.91 321.08 674.5 296.23 665.35 bus
367.35 608.52 393.06 608.87 392.95 616.89 367.24 616.54 bus
366.29 615.76 392.29 619.09 391.31 626.77 365.31 623.44 bus
367.02 624.05 393.6 625.35 393.2 633.56 366.62 632.26 bus
366.1 631.44 392.67 632.74 392.29 640.43 365.72 639.13 bus
501.7 417.4 508.96 417.4 508.96 443.25 501.7 443.25 bus
512.42 422.03 519.32 421.61 521.01 449.26 514.11 449.68 bus
523.68 414.96 531.28 415.24 530.33 441.03 522.73 440.75 bus
539.7 414.4 546.62 414.4 546.62 440.04 539.7 440.04 bus
549.59 416.7 556.39 416.7 556.39 440.13 549.59 440.13 bus
559.7 417.5 565.8 417.5 565.8 443.33 559.7 443.33 bus
566.59 420.16 573.13 419.5 575.37 441.5 568.83 442.16 bus
583.45 415.17 590.25 415.17 590.25 441.23 583.45 441.23 bus
590.4 415.26 597.19 415.26 597.19 441.33 590.4 441.33 bus
1193.15 178.65 1198.38 172.33 1219.92 190.15 1214.69 196.47 bus
1180.06 176.96 1184.64 171.1 1206.67 188.31 1202.09 194.17 bus
1162.5 177.11 1168.12 170.74 1188.57 188.77 1182.95 195.14 bus
1149.85 176.5 1154.84 170.74 1175.22 188.39 1170.23 194.15 bus
1134.97 178.31 1140.01 172.21 1160.09 188.82 1155.05 194.92 bus
1107.5 151.6 1127.19 133.36 1132.51 139.1 1112.82 157.34 bus
1125.62 150.41 1144.53 133.21 1149.83 139.03 1130.92 156.23 bus
1137.5 152.12 1156.28 131.97 1162.17 137.46 1143.39 157.61 bus
1153.2 150.6 1172.8 133.32 1178.06 139.29 1158.46 156.57 bus
1167.17 150.64 1183.71 134.16 1188.33 138.79 1171.79 155.27 bus
1173.4 115.85 1178.09 109.77 1198.41 125.48 1193.72 131.56 bus
1159.68 114.24 1165.49 107.33 1186.16 124.67 1180.35 131.58 bus
1147.25 113.29 1152.81 107.26 1173.54 126.39 1167.98 132.42 bus
1257.55 77.35 1263.64 77.5 1262.99 103.87 1256.9 103.72 bus
1249.07 79.8 1255.47 79.79 1255.52 109.26 1249.12 109.27 bus
1241.5 77.7 1247.5 77.7 1247.5 103.5 1241.5 103.5 bus
1231.72 78.58 1238.32 78.42 1238.97 105.14 1232.37 105.3 bus
624.15 24.0 629.95 18.71 648.55 39.08 642.75 44.37 bus
632.72 21.0 638.2 15.38 659.2 35.8 653.72 41.42 bus
652.21 28.93 657.49 23.13 678.01 41.8 672.73 47.6 bus
660.24 24.87 666.36 18.28 686.68 37.17 680.56 43.76 bus
678.61 26.1 683.87 20.28 704.2 38.65 698.94 44.47 bus
692.41 28.49 698.13 21.68 720.0 40.03 714.28 46.84 bus
715.45 31.38 721.09 24.94 742.59 43.76 736.95 50.2 bus
725.92 28.45 731.49 22.49 751.15 40.88 745.58 46.84 bus
741.7 28.82 747.25 22.72 769.98 43.4 764.43 49.5 bus
755.03 30.63 760.53 24.86 780.74 44.1 775.24 49.87 bus
767.17 33.0 772.9 27.02 793.19 46.48 787.46 52.46 bus
776.61 32.95 781.93 27.19 802.36 46.03 797.04 51.79 bus
783.14 30.99 788.19 24.98 811.82 44.8 806.77 50.81 bus
863.5 6.6 875.65 -6.33 882.01 -0.36 869.86 12.57 bus
895.92 -0.47 902.09 -7.03 913.71 3.87 907.54 10.43 bus
910.52 -0.27 916.69 -6.83 928.31 4.07 922.14 10.63 bus
924.76 -0.34 931.42 -7.44 943.03 3.45 936.37 10.55 bus
563.62 469.64 589.22 469.15 589.37 477.17 563.77 477.66 bus
568.0 459.4 593.2 459.4 593.2 467.0 568.0 467.0 bus
357.27 769.31 383.23 777.7 380.68 785.61 354.72 777.22 bus
289.67 678.75 314.67 688.35 311.78 695.9 286.78 686.3 bus
289.78 697.15 312.4 709.58 308.34 716.96 285.72 704.53 bus
246.21 734.31 271.24 740.88 269.08 749.1 244.05 742.53 bus
279.57 710.58 303.74 719.57 300.77 727.53 276.6 718.54 bus
340.71 709.37 348.42 710.67 344.32 734.9 336.61 733.6 bus
363.68 645.2 390.25 646.18 389.92 655.12 363.35 654.14 bus
315.34 621.55 341.86 630.32 339.08 638.72 312.56 629.95 bus
348.15 578.29 354.94 583.79 339.08 603.38 332.29 597.88 bus
495.09 469.65 520.86 468.35 521.3 477.15 495.53 478.45 bus
527.15 469.46 552.94 468.56 553.24 477.25 527.45 478.15 bus
23.09 158.28 30.59 158.33 30.4 185.41 22.9 185.36 bus
560.4 368.98 586.38 369.61 586.18 377.78 560.2 377.15 bus
800.6 377.11 827.18 377.76 826.98 386.26 800.4 385.61 bus
1000.63 379.28 1026.23 379.51 1026.16 387.51 1000.56 387.28 bus
1052.14 378.22 1080.03 378.47 1079.95 387.52 1052.06 387.27 bus
1228.3 385.85 1254.02 387.97 1253.33 396.4 1227.61 394.28 bus
1271.73 228.79 1280.09 229.0 1279.88 237.57 1271.52 237.36 bus
1255.4 261.79 1280.11 262.4 1279.9 270.9 1255.19 270.29 bus
1262.21 244.09 1285.04 249.27 1282.99 258.29 1260.16 253.11 bus
1239.52 232.35 1246.98 232.84 1245.15 260.46 1237.69 259.97 bus
1259.4 203.61 1267.39 203.61 1267.39 234.1 1259.4 234.1 bus
1056.9 205.96 1083.94 205.96 1083.94 215.16 1056.9 215.16 bus
1139.88 205.96 1157.57 226.98 1151.14 232.39 1133.45 211.37 bus
1173.15 210.53 1194.63 228.88 1188.73 235.79 1167.25 217.44 bus
1207.33 165.55 1238.23 165.82 1238.16 174.5 1207.26 174.23 bus
1105.06 92.71 1122.98 75.11 1128.97 81.21 1111.05 98.81 bus
1136.84 92.45 1156.05 74.91 1161.7 81.1 1142.49 98.64 bus
1109.59 25.64 1135.58 26.19 1135.4 34.59 1109.41 34.04 bus
1135.4 34.4 1163.0 34.4 1163.0 43.59 1135.4 43.59 bus
1217.99 6.96 1224.77 8.71 1218.06 34.67 1211.28 32.92 bus
433.77 111.99 439.75 105.39 461.35 124.98 455.37 131.58 bus
451.28 98.4 457.46 92.19 477.49 112.14 471.31 118.35 bus
462.37 89.75 467.98 83.82 488.08 102.82 482.47 108.75 bus
480.55 73.68 486.29 67.61 507.32 87.49 501.58 93.56 bus
493.5 61.84 499.24 55.77 520.27 75.65 514.53 81.72 bus
529.85 26.56 535.79 20.73 556.04 41.34 550.1 47.17 bus
563.71 50.85 589.44 61.62 586.05 69.74 560.32 58.97 bus
623.19 66.42 649.88 66.98 649.69 75.86 623.0 75.3 bus
691.51 67.02 719.2 67.75 718.98 75.95 691.29 75.22 bus
864.69 74.51 891.58 75.08 891.4 83.88 864.51 83.31 bus
813.18 31.6 819.13 25.76 839.55 46.54 833.6 52.38 bus
830.9 36.36 836.25 30.14 857.76 48.65 852.41 54.87 bus
857.36 25.82 865.46 25.56 866.33 53.26 858.23 53.52 bus
869.6 24.62 876.9 24.57 877.09 52.24 869.79 52.29 bus
881.4 25.7 888.7 25.7 888.7 52.68 881.4 52.68 bus
980.36 -1.83 986.66 0.8 977.28 23.13 970.98 20.49 bus
950.37 30.4 969.21 50.89 963.23 56.39 944.39 35.9 bus
963.14 25.46 980.07 47.68 973.4 52.76 956.47 30.54 bus
267.47 918.1 274.97 918.09 275.02 946.39 267.52 946.4 large_vehicle
301.12 918.15 306.82 918.03 307.17 935.02 301.47 935.14 medium_vehicle
233.09 825.51 251.56 825.68 251.49 832.78 233.02 832.61 medium_vehicle
314.05 700.07 320.31 700.12 320.2 712.31 313.94 712.26 medium_vehicle
377.43 585.47 383.11 585.52 383.0 598.53 377.32 598.48 medium_vehicle
