723.04 149.79 733.94 124.86 740.52 127.74 729.62 152.67 bus
688.34 113.08 704.37 119.95 701.23 127.3 685.2 120.43 medium_vehicle
788.47 129.03 773.76 104.94 781.35 100.31 796.06 124.4 bus
546.19 977.22 635.59 1011.53 613.14 1070.02 523.74 1035.71 large_aircraft
454.93 1218.37 461.46 1220.41 456.78 1235.42 450.25 1233.38 medium_vehicle
713.16 145.19 724.25 119.81 731.39 122.93 720.3 148.31 bus
887.47 213.52 883.12 188.36 890.95 187.0 895.3 212.16 bus
873.34 208.73 873.0 181.48 881.4 181.38 881.74 208.63 bus
918.24 223.87 917.77 196.68 925.67 196.54 926.14 223.73 bus
669.48 141.19 683.87 147.63 681.09 153.85 666.7 147.41 medium_vehicle
676.75 133.4 692.77 140.27 690.51 145.53 674.49 138.66 medium_vehicle
819.43 880.34 909.27 914.83 887.33 971.97 797.49 937.48 large_aircraft
808.55 966.65 884.64 995.86 861.58 1055.92 785.49 1026.71 large_aircraft
792.41 178.8 788.24 149.88 796.62 148.68 800.79 177.6 bus
987.23 383.05 1017.0 395.07 1007.99 417.36 978.22 405.34 small_aircraft
913.43 627.79 926.94 632.57 924.69 638.91 911.18 634.13 medium_vehicle
949.59 190.89 956.8 193.82 950.48 209.38 943.27 206.45 medium_vehicle
679.45 126.74 695.48 133.61 692.52 140.54 676.49 133.67 medium_vehicle
1028.06 595.11 1033.27 596.76 1028.2 612.83 1022.99 611.18 medium_vehicle
769.18 106.23 741.0 107.81 740.5 98.92 768.68 97.34 bus
452.45 1209.62 523.4 1236.86 504.56 1285.95 433.61 1258.71 large_aircraft
951.3 163.61 958.21 165.59 953.88 180.7 946.97 178.72 medium_vehicle
150.19 1203.12 155.12 1197.76 180.72 1221.31 175.79 1226.67 large_vehicle
658.41 159.55 671.77 165.28 669.15 171.39 655.79 165.66 medium_vehicle
606.72 829.2 661.05 850.05 641.75 900.34 587.42 879.49 large_aircraft
564.82 808.81 570.12 811.84 563.58 823.25 558.28 820.22 medium_vehicle
898.24 218.32 894.66 191.17 902.85 190.09 906.43 217.24 bus
585.32 1084.45 593.58 1085.64 589.48 1114.12 581.22 1112.93 bus
702.74 1204.13 790.49 1237.81 767.78 1296.98 680.03 1263.3 large_aircraft
673.1 138.07 689.31 145.01 687.0 150.41 670.79 143.47 medium_vehicle
960.45 160.82 967.37 162.8 963.21 177.3 956.29 175.32 medium_vehicle
101.25 1190.55 110.65 1190.14 112.15 1224.44 102.75 1224.85 large_vehicle
439.01 1062.23 444.9 1064.73 439.72 1076.92 433.83 1074.42 medium_vehicle
745.4 141.27 750.84 143.6 743.79 160.04 738.35 157.71 medium_vehicle
655.25 166.38 668.61 172.11 666.54 176.95 653.18 171.22 medium_vehicle
138.3 1228.42 143.77 1222.01 161.69 1237.31 156.22 1243.72 large_vehicle
825.15 190.37 821.58 163.27 830.17 162.14 833.74 189.24 bus
857.17 203.37 853.48 175.39 862.29 174.23 865.98 202.21 bus
769.0 167.72 769.69 141.28 778.18 141.51 777.49 167.95 bus
1032.01 313.55 1037.63 316.04 1031.64 329.56 1026.02 327.07 medium_vehicle
776.92 128.07 751.83 119.38 754.36 112.09 779.45 120.78 bus
652.39 170.41 665.4 176.31 662.79 182.05 649.78 176.15 medium_vehicle
751.9 143.44 757.41 145.62 750.71 162.54 745.2 160.36 medium_vehicle
842.53 198.09 840.33 170.16 848.42 169.53 850.62 197.46 bus
1039.03 316.38 1044.59 319.03 1037.96 332.94 1032.4 330.29 medium_vehicle
807.63 183.92 805.44 156.71 813.32 156.08 815.51 183.29 bus
941.11 490.72 983.65 507.9 964.36 555.63 921.82 538.45 small_aircraft
120.48 1221.53 129.48 1221.31 130.31 1255.34 121.31 1255.56 large_vehicle
