1025.16 12.9 1032.5 11.92 1036.01 38.24 1028.67 39.22 bus
979.21 93.29 985.32 94.18 981.8 118.28 975.69 117.39 bus
993.35 105.13 1018.57 108.01 1017.63 116.27 992.41 113.39 bus
743.1 663.49 749.7 663.49 749.7 687.8 743.1 687.8 bus
984.74 121.23 980.16 117.45 987.85 108.16 992.43 111.94 medium_vehicle
1188.83 537.41 1272.67 524.73 1292.18 653.73 1208.34 666.41 large_aircraft
1209.18 623.35 1279.47 622.13 1280.7 692.63 1210.41 693.85 large_aircraft
990.69 118.12 990.83 112.15 1002.89 112.43 1002.75 118.4 medium_vehicle
1055.89 135.38 1056.02 129.44 1068.08 129.71 1067.95 135.65 medium_vehicle
114.64 407.61 114.62 399.36 140.82 399.32 140.84 407.57 bus
1070.76 230.55 1076.64 232.56 1071.48 247.64 1065.6 245.63 medium_vehicle
1019.85 90.77 1045.16 91.22 1045.05 97.54 1019.74 97.09 bus
1047.66 12.25 1054.55 10.09 1061.95 33.69 1055.06 35.85 bus
1019.84 84.92 1045.25 85.27 1045.16 91.79 1019.75 91.44 bus
1019.39 77.72 1045.39 77.67 1045.4 84.29 1019.4 84.34 bus
1019.52 70.23 1045.32 70.36 1045.27 78.38 1019.47 78.25 bus
1048.76 111.5 1061.38 112.12 1061.06 118.64 1048.44 118.02 medium_vehicle
984.59 94.98 990.43 94.26 991.97 106.78 986.13 107.5 medium_vehicle
989.86 93.76 996.08 93.08 997.45 105.7 991.23 106.38 medium_vehicle
775.61 155.98 781.31 155.82 781.7 169.78 776.0 169.94 medium_vehicle
1044.11 119.78 1069.48 120.62 1069.2 129.11 1043.83 128.27 bus
1016.35 121.07 1042.24 120.52 1042.39 127.62 1016.5 128.17 bus
1018.44 115.85 1042.54 115.34 1042.68 121.84 1018.58 122.35 bus
1021.44 110.16 1047.04 109.63 1047.18 116.24 1021.58 116.77 bus
1020.9 103.63 1045.81 104.76 1045.54 110.8 1020.63 109.67 bus
1018.84 96.65 1045.23 97.57 1044.98 104.66 1018.59 103.74 bus
960.15 13.24 988.23 12.95 988.32 21.05 960.24 21.34 bus
695.16 439.44 700.43 433.71 719.11 450.89 713.84 456.62 bus
