265.86 473.06 280.58 474.09 280.08 481.28 265.36 480.25 medium_vehicle
265.2 479.94 280.57 481.85 279.84 487.7 264.47 485.79 medium_vehicle
316.66 533.47 323.19 535.88 319.07 547.0 312.54 544.59 medium_vehicle
1184.7 356.4 1210.2 356.4 1210.2 365.29 1184.7 365.29 bus
1154.7 356.8 1180.89 356.8 1180.89 365.36 1154.7 365.36 bus
1121.59 357.4 1147.88 357.4 1147.88 365.46 1121.59 365.46 bus
1137.9 297.7 1164.95 297.7 1164.95 305.44 1137.9 305.44 bus
1036.4 357.63 1062.19 356.96 1062.41 365.43 1036.62 366.1 bus
1203.7 381.4 1229.99 381.4 1229.99 389.34 1203.7 389.34 bus
1139.9 380.7 1167.39 380.7 1167.39 389.44 1139.9 389.44 bus
1108.7 380.6 1135.09 380.6 1135.09 389.54 1108.7 389.54 bus
1071.5 381.2 1097.69 381.2 1097.69 389.24 1071.5 389.24 bus
1035.9 380.8 1061.79 380.8 1061.79 389.34 1035.9 389.34 bus
1008.27 380.27 1034.26 380.72 1034.11 389.62 1008.12 389.17 bus
951.2 381.0 977.49 381.0 977.49 389.54 951.2 389.54 bus
921.7 380.8 948.99 380.8 948.99 389.44 921.7 389.44 bus
889.9 381.3 915.79 381.3 915.79 389.64 889.9 389.64 bus
857.3 380.5 883.69 380.5 883.69 389.74 857.3 389.74 bus
826.1 380.6 852.89 380.6 852.89 389.44 826.1 389.44 bus
794.9 381.4 822.08 381.4 822.08 389.6 794.9 389.6 bus
706.4 381.2 733.18 381.2 733.18 389.7 706.4 389.7 bus
586.25 441.58 603.15 422.21 609.75 427.96 592.85 447.33 bus
549.68 470.05 571.32 453.74 576.95 461.22 555.31 477.53 bus
459.89 487.16 487.59 487.83 487.39 496.32 459.69 495.65 bus
253.88 314.46 261.67 316.06 256.7 340.24 248.91 338.64 bus
401.11 207.81 428.49 210.21 427.73 218.85 400.35 216.45 bus
346.6 180.8 374.23 188.46 371.79 197.26 344.16 189.6 bus
285.16 393.34 291.24 387.79 309.55 407.85 303.47 413.4 bus
266.74 368.11 273.31 363.32 289.16 385.06 282.59 389.85 bus
186.22 312.42 193.73 315.13 185.1 339.1 177.59 336.39 bus
65.9 235.97 73.01 238.45 63.97 264.41 56.86 261.93 bus
160.02 204.98 167.42 207.64 159.01 231.01 151.61 228.35 bus
59.11 102.81 65.2 97.88 82.49 119.24 76.4 124.17 bus
466.4 100.81 472.3 94.48 492.3 113.13 486.4 119.46 bus
181.92 472.91 187.7 478.48 168.4 498.47 162.62 492.9 bus
161.19 502.54 168.14 508.09 151.57 528.86 144.62 523.31 bus
258.05 502.77 284.24 511.33 281.39 520.06 255.2 511.5 bus
45.71 163.59 69.62 172.2 66.77 180.11 42.86 171.5 bus
44.92 171.6 69.77 180.1 67.05 188.06 42.2 179.56 bus
30.6 228.57 56.52 231.39 55.68 239.08 29.76 236.26 bus
29.68 236.63 55.57 238.99 54.96 245.71 29.07 243.35 bus
26.68 242.55 51.8 245.68 50.91 252.83 25.79 249.7 bus
1008.91 237.44 1015.43 237.17 1016.15 254.33 1009.63 254.6 medium_vehicle
912.61 263.74 917.2 261.49 923.75 274.85 919.16 277.1 medium_vehicle
476.11 221.05 488.8 227.43 485.52 233.95 472.83 227.57 medium_vehicle
162.29 151.67 167.16 156.25 156.45 167.65 151.58 163.07 medium_vehicle
148.9 147.64 153.78 152.22 143.55 163.12 138.67 158.54 medium_vehicle
81.26 243.83 87.62 246.26 79.34 267.93 72.98 265.5 medium_vehicle
88.04 247.01 94.41 249.44 86.13 271.12 79.76 268.69 medium_vehicle
204.1 793.18 219.17 793.41 219.06 800.75 203.99 800.52 medium_vehicle
1007.43 172.06 1013.1 171.32 1014.85 184.78 1009.18 185.52 medium_vehicle
102.0 114.25 107.08 118.52 97.81 129.53 92.73 125.26 medium_vehicle
38.4 190.82 41.14 183.36 64.56 191.97 61.82 199.43 bus
269.88 466.73 283.86 467.41 283.51 474.61 269.53 473.93 medium_vehicle
