-3.61 615.98 74.13 608.63 81.85 690.26 4.1 697.61 large_aircraft
1128.29 175.22 1264.73 184.04 1257.65 293.48 1121.21 284.66 large_aircraft
255.61 383.59 268.66 382.43 269.28 389.45 256.23 390.61 medium_vehicle
13.52 583.06 67.81 566.87 89.74 640.43 35.45 656.62 large_aircraft
168.35 230.51 184.13 231.81 183.54 238.99 167.76 237.69 medium_vehicle
552.69 644.23 622.66 570.49 691.39 635.71 621.42 709.45 large_aircraft
641.03 310.75 713.57 324.2 702.06 386.28 629.52 372.83 large_aircraft
260.77 367.55 275.29 367.55 275.29 375.25 260.77 375.25 medium_vehicle
685.48 211.13 757.67 217.83 751.49 284.48 679.3 277.78 large_aircraft
606.99 267.82 666.31 253.47 682.01 318.34 622.69 332.69 large_aircraft
735.57 243.39 808.56 257.97 795.57 322.94 722.58 308.36 large_aircraft
114.54 339.27 122.26 339.9 120.7 358.95 112.98 358.32 medium_vehicle
813.98 644.9 819.27 645.15 818.51 661.33 813.22 661.08 medium_vehicle
804.3 231.29 878.97 246.21 863.59 323.17 788.92 308.25 large_aircraft
774.08 181.16 814.64 177.89 817.66 215.53 777.1 218.8 small_aircraft
750.9 315.37 862.15 344.97 840.83 425.11 729.58 395.51 large_aircraft
254.1 374.9 267.2 374.9 267.2 382.6 254.1 382.6 medium_vehicle
387.53 650.22 449.1 648.39 450.51 695.96 388.94 697.79 small_aircraft
1077.66 300.47 1228.55 311.81 1220.24 422.34 1069.35 411.0 large_aircraft
282.47 369.05 299.0 369.05 299.0 376.75 282.47 376.75 medium_vehicle
635.07 677.85 665.79 598.21 755.54 632.84 724.82 712.48 large_aircraft
834.8 174.16 880.11 183.21 871.97 223.93 826.66 214.88 small_aircraft
706.64 87.25 838.68 113.64 817.48 219.71 685.44 193.32 large_aircraft
465.26 577.85 577.73 569.2 584.4 655.87 471.93 664.52 large_aircraft
1222.75 274.25 1241.28 277.25 1239.89 285.85 1221.36 282.85 medium_vehicle
