1168.56 309.13 1182.47 309.44 1182.32 315.83 1168.41 315.52 medium_vehicle
89.89 1261.8 105.83 1253.47 109.52 1260.53 93.58 1268.86 medium_vehicle
397.19 571.81 403.87 567.52 411.8 579.87 405.12 584.16 medium_vehicle
1080.88 535.24 1112.73 536.35 1112.4 545.55 1080.55 544.44 bus
969.82 381.41 974.68 381.52 974.44 392.07 969.58 391.96 medium_vehicle
1229.75 386.8 1235.94 386.94 1235.63 400.56 1229.44 400.42 medium_vehicle
1181.65 375.37 1188.51 375.52 1188.2 389.36 1181.34 389.21 medium_vehicle
1159.35 288.1 1185.17 288.46 1185.06 296.33 1159.24 295.97 bus
341.79 417.43 397.1 399.46 412.26 446.13 356.95 464.1 large_aircraft
340.48 481.13 342.44 458.27 366.29 460.31 364.33 483.17 small_aircraft
523.37 1126.92 530.94 1108.56 557.18 1119.37 549.61 1137.73 small_aircraft
511.61 1074.61 522.76 1065.39 536.49 1081.99 525.34 1091.21 small_aircraft
589.44 1058.47 610.42 1047.46 624.24 1073.79 603.26 1084.8 small_aircraft
540.97 1080.53 566.31 1070.44 575.71 1094.05 550.37 1104.14 small_aircraft
660.78 420.43 675.5 420.76 675.33 428.27 660.61 427.94 medium_vehicle
