661.38 682.31 678.66 669.01 682.92 674.55 665.64 687.85 bus
427.99 3.94 444.08 1.94 444.93 8.8 428.84 10.8 medium_vehicle
177.96 140.41 184.43 139.24 187.06 153.72 180.59 154.89 medium_vehicle
224.66 229.79 231.47 228.93 233.14 242.16 226.33 243.02 medium_vehicle
691.48 1055.86 697.98 1055.94 697.81 1069.58 691.31 1069.5 medium_vehicle
842.15 1165.62 847.38 1161.1 856.66 1171.85 851.43 1176.37 medium_vehicle
1015.53 1249.08 1020.25 1244.85 1028.4 1253.93 1023.68 1258.16 medium_vehicle
470.83 642.99 476.67 637.61 494.96 657.5 489.12 662.88 bus
540.33 659.31 567.08 648.5 570.34 656.56 543.59 667.37 bus
590.07 624.3 596.97 620.39 610.27 643.89 603.37 647.8 bus
599.18 645.26 605.31 647.93 594.79 672.01 588.66 669.34 bus
610.5 638.03 616.63 632.39 634.92 652.28 628.79 657.92 bus
607.51 659.5 614.68 657.65 620.99 682.04 613.82 683.89 bus
799.24 604.27 805.6 604.27 805.6 629.5 799.24 629.5 bus
807.78 605.55 814.37 605.64 814.02 630.14 807.43 630.05 bus
815.1 605.4 821.49 605.7 820.33 630.33 813.94 630.03 bus
839.54 613.37 845.73 613.65 844.61 638.24 838.42 637.96 bus
846.73 613.85 852.51 614.18 851.05 639.54 845.27 639.21 bus
853.91 615.8 859.7 616.08 858.5 641.52 852.71 641.24 bus
860.59 612.61 866.78 612.79 866.02 638.48 859.83 638.3 bus
868.34 612.73 874.82 613.03 873.63 638.23 867.15 637.93 bus
878.2 658.09 903.49 660.84 902.75 667.67 877.46 664.92 bus
878.77 652.04 904.07 654.79 903.4 660.95 878.1 658.2 bus
879.87 645.63 905.29 647.99 904.65 654.84 879.23 652.48 bus
878.36 638.33 903.91 641.11 903.05 648.95 877.5 646.17 bus
827.15 1095.47 832.07 1088.71 853.2 1104.06 848.28 1110.82 bus
708.91 630.57 715.38 629.64 717.81 646.48 711.34 647.41 medium_vehicle
716.19 630.11 722.63 629.23 724.94 646.07 718.5 646.95 medium_vehicle
722.46 629.97 728.83 628.71 731.51 642.23 725.14 643.49 medium_vehicle
729.38 629.22 735.49 626.99 741.15 642.54 735.04 644.77 medium_vehicle
761.08 657.56 765.64 653.28 775.91 664.22 771.35 668.5 medium_vehicle
770.88 650.52 776.45 645.29 786.73 656.24 781.16 661.47 medium_vehicle
765.27 652.81 770.03 648.34 780.93 659.94 776.17 664.41 medium_vehicle
749.1 662.74 754.32 657.84 764.5 668.68 759.28 673.58 medium_vehicle
1262.47 125.37 1268.2 125.88 1266.85 140.97 1261.12 140.46 medium_vehicle
1161.6 916.52 1171.47 909.34 1175.46 914.84 1165.59 922.02 medium_vehicle
427.43 -0.14 441.66 -2.22 442.35 2.5 428.12 4.58 medium_vehicle
435.81 33.97 448.42 32.64 449.1 39.11 436.49 40.44 medium_vehicle
434.22 28.24 449.25 26.72 449.86 32.68 434.83 34.2 medium_vehicle
433.2 21.47 448.4 19.92 449.11 26.97 433.91 28.52 medium_vehicle
430.99 16.2 445.92 13.94 446.82 19.87 431.89 22.13 medium_vehicle
752.51 604.98 758.9 604.84 759.48 630.33 753.09 630.47 bus
691.74 690.46 697.98 684.72 715.43 703.68 709.19 709.42 bus
725.67 667.78 731.43 662.48 749.39 682.0 743.63 687.3 bus
429.96 9.05 445.41 7.48 446.16 14.81 430.71 16.38 medium_vehicle
657.49 676.05 675.19 662.42 679.2 667.64 661.5 681.27 bus
551.56 725.77 558.13 725.66 558.4 741.16 551.83 741.27 medium_vehicle
873.77 671.3 898.35 678.54 895.62 687.81 871.04 680.57 bus
652.78 670.87 670.89 656.92 675.29 662.63 657.18 676.58 bus
650.12 662.56 668.93 651.04 672.93 657.57 654.12 669.09 bus
771.28 604.57 777.23 604.43 777.84 631.01 771.89 631.15 bus
777.72 603.29 784.12 603.24 784.37 631.07 777.97 631.12 bus
784.92 602.26 791.42 602.27 791.37 627.9 784.87 627.89 bus
793.92 602.82 799.85 603.2 798.21 628.56 792.28 628.18 bus
