853.24 779.04 854.32 773.13 865.36 775.13 864.28 781.04 medium_vehicle
255.27 1160.92 268.34 1178.2 254.29 1188.82 241.22 1171.54 small_aircraft
145.21 918.36 115.09 936.6 96.42 905.77 126.54 887.53 small_aircraft
184.94 1188.05 194.19 1206.29 182.2 1212.37 172.95 1194.13 small_aircraft
539.58 321.41 547.55 318.08 555.09 336.11 547.12 339.44 large_vehicle
905.93 526.51 912.56 524.14 917.06 536.69 910.43 539.06 medium_vehicle
369.33 659.83 351.92 657.32 354.13 641.93 371.54 644.44 small_aircraft
162.41 897.61 142.32 909.77 128.74 887.34 148.83 875.18 small_aircraft
818.95 428.41 826.31 426.62 831.63 448.45 824.27 450.24 bus
1152.14 1086.79 1164.13 1081.58 1166.81 1087.73 1154.82 1092.94 medium_vehicle
1007.14 1054.05 1014.16 1052.09 1017.82 1065.19 1010.8 1067.15 medium_vehicle
1269.89 691.79 1270.26 697.34 1256.62 698.25 1256.25 692.7 medium_vehicle
883.0 497.23 890.0 494.36 899.87 518.43 892.87 521.3 large_vehicle
554.79 362.78 560.97 360.21 566.65 373.85 560.47 376.42 medium_vehicle
1021.99 892.07 1027.73 888.79 1034.75 901.05 1029.01 904.33 medium_vehicle
140.5 217.56 144.48 221.75 134.91 230.87 130.93 226.68 medium_vehicle
1105.04 776.76 1105.25 781.52 1093.69 782.02 1093.48 777.26 medium_vehicle
892.27 493.57 899.28 490.7 903.73 501.55 896.72 504.42 medium_vehicle
212.04 832.15 194.29 845.57 184.37 832.46 202.12 819.04 small_aircraft
729.75 394.33 732.84 389.3 744.11 396.23 741.02 401.26 medium_vehicle
236.94 813.62 215.68 829.41 199.91 808.19 221.17 792.4 small_aircraft
714.42 406.5 716.8 401.92 726.47 406.96 724.09 411.54 medium_vehicle
232.95 1145.19 243.43 1161.58 232.44 1168.61 221.96 1152.22 small_aircraft
378.6 638.01 374.29 655.07 363.26 652.28 367.57 635.22 small_aircraft
1116.74 850.86 1121.81 847.86 1129.67 861.15 1124.6 864.15 medium_vehicle
589.54 1209.21 590.0 1202.03 605.62 1203.01 605.16 1210.19 heavy_equipment
1137.79 699.94 1136.94 705.44 1124.11 703.45 1124.96 697.95 medium_vehicle
736.13 390.83 739.22 385.81 750.62 392.83 747.53 397.85 medium_vehicle
61.08 119.39 61.92 125.17 53.13 126.46 52.29 120.68 heavy_equipment
1069.55 800.32 1070.82 807.08 1044.5 812.01 1043.23 805.25 large_vehicle
708.23 655.45 712.91 650.79 722.47 660.38 717.79 665.04 medium_vehicle
349.95 837.05 320.37 855.17 301.49 824.36 331.07 806.24 small_aircraft
836.57 403.67 843.66 400.47 851.08 416.92 843.99 420.12 medium_vehicle
1056.13 1234.98 1061.88 1233.61 1064.87 1246.13 1059.12 1247.5 medium_vehicle
256.37 793.55 235.69 808.91 219.62 787.28 240.3 771.92 small_aircraft
984.49 842.26 988.48 846.45 979.55 854.96 975.56 850.77 medium_vehicle
