1264.52 35.04 1268.52 41.53 1253.23 50.94 1249.23 44.45 large_vehicle
56.4 1229.97 61.31 1231.08 57.86 1246.42 52.95 1245.31 medium_vessel
46.59 1231.04 50.68 1231.72 48.61 1244.06 44.52 1243.38 small_vessel
129.9 1164.47 132.36 1167.22 125.76 1173.14 123.3 1170.39 small_vessel
180.31 1221.86 184.1 1225.05 172.77 1238.49 168.98 1235.3 medium_vessel
126.1 1159.49 128.41 1162.69 120.2 1168.64 117.89 1165.44 small_vessel
37.28 1281.05 31.19 1280.01 33.17 1268.45 39.26 1269.49 medium_vessel
2.0 1226.28 9.33 1221.29 22.08 1240.05 14.75 1245.04 medium_vessel
164.35 1263.87 169.67 1264.97 167.22 1276.8 161.9 1275.7 small_vessel
534.74 1248.68 540.46 1247.14 543.9 1259.98 538.18 1261.52 medium_vehicle
283.77 766.33 289.87 763.24 296.04 775.39 289.94 778.48 medium_vehicle
195.96 1252.41 198.57 1255.35 191.66 1261.47 189.05 1258.53 small_vessel
156.14 1262.85 161.56 1263.36 160.41 1275.58 154.99 1275.07 small_vessel
150.38 1261.57 156.55 1262.07 155.66 1273.24 149.49 1272.74 small_vessel
13.66 1278.27 9.85 1276.19 16.03 1264.85 19.84 1266.93 small_vessel
886.75 624.13 890.67 628.78 880.68 637.22 876.76 632.57 medium_vehicle
0.49 1245.16 2.04 1237.34 19.27 1240.76 17.72 1248.58 medium_vessel
71.62 1233.56 76.02 1234.27 73.54 1249.75 69.14 1249.04 medium_vessel
135.04 1250.48 141.01 1250.96 139.54 1269.26 133.57 1268.78 medium_vessel
58.4 346.11 64.14 343.2 69.66 354.09 63.92 357.0 medium_vehicle
613.21 4.4 616.64 -1.09 630.8 7.75 627.37 13.25 medium_vehicle
151.21 1181.28 155.77 1183.67 148.25 1198.0 143.69 1195.61 medium_vessel
51.15 1229.03 56.11 1229.86 53.51 1245.36 48.55 1244.53 medium_vessel
255.91 708.74 262.01 705.65 268.46 718.35 262.36 721.44 medium_vehicle
1097.78 108.46 1100.28 112.43 1089.66 119.11 1087.16 115.14 medium_vehicle
202.8 1267.43 206.62 1270.36 199.22 1280.0 195.4 1277.07 small_vessel
39.38 1225.04 43.53 1225.98 39.84 1242.34 35.69 1241.4 medium_vessel
897.34 707.76 901.24 712.21 891.1 721.09 887.2 716.64 medium_vehicle
61.4 1230.99 66.24 1232.34 62.01 1247.48 57.17 1246.13 medium_vessel
1268.76 19.64 1274.11 24.63 1261.35 38.32 1256.0 33.33 large_vehicle
28.21 1281.64 19.22 1280.1 21.7 1265.62 30.69 1267.16 medium_vessel
1008.2 153.03 1013.16 159.89 999.04 170.11 994.08 163.25 heavy_equipment
200.18 1260.61 202.51 1263.4 194.26 1270.3 191.93 1267.51 small_vessel
174.43 1211.35 179.11 1215.28 165.95 1230.91 161.27 1226.98 medium_vessel
1095.85 101.53 1099.45 107.24 1085.47 116.04 1081.87 110.33 medium_vehicle
856.5 660.08 860.61 664.14 846.77 678.18 842.66 674.12 large_vehicle
143.08 1251.45 150.96 1252.74 147.56 1273.49 139.68 1272.2 medium_vessel
574.45 32.33 580.68 35.65 574.7 46.91 568.47 43.59 medium_vehicle
133.18 1169.41 137.09 1172.13 129.19 1183.49 125.28 1180.77 medium_vessel
1048.06 72.71 1053.29 67.69 1064.56 79.45 1059.33 84.47 heavy_equipment
45.62 1221.59 51.89 1223.57 45.36 1244.15 39.09 1242.17 medium_vessel
117.68 1246.59 124.19 1247.09 122.81 1265.02 116.3 1264.52 medium_vessel
170.12 1265.61 175.01 1268.0 169.29 1279.68 164.4 1277.29 small_vessel
1115.17 384.02 1119.08 388.65 1107.79 398.19 1103.88 393.56 medium_vehicle
64.51 1232.96 68.74 1234.14 64.75 1248.43 60.52 1247.25 medium_vessel
211.63 1247.91 216.27 1246.39 219.6 1256.56 214.96 1258.08 small_vessel
180.3 1158.25 185.84 1156.73 189.18 1168.87 183.64 1170.39 small_vessel
892.73 630.65 897.3 634.66 888.68 644.5 884.11 640.49 medium_vehicle
158.56 1185.49 163.45 1187.15 158.23 1202.47 153.34 1200.81 medium_vessel
130.64 1250.1 136.6 1250.56 135.17 1269.18 129.21 1268.72 medium_vessel
1028.72 96.22 1034.7 102.23 1020.67 116.22 1014.69 110.21 heavy_equipment
155.16 1182.94 159.89 1185.0 153.43 1199.84 148.7 1197.78 medium_vessel
602.69 6.56 606.65 2.18 615.23 9.94 611.27 14.32 medium_vehicle
1266.15 212.64 1270.09 217.88 1260.66 224.98 1256.72 219.74 medium_vehicle
853.16 655.45 856.77 660.25 846.34 668.08 842.73 663.28 medium_vehicle
143.8 1175.4 147.77 1176.53 144.28 1188.76 140.31 1187.63 small_vessel
97.01 1240.72 102.11 1241.45 99.55 1259.19 94.45 1258.46 medium_vessel
185.11 1233.59 188.77 1236.34 181.06 1246.6 177.4 1243.85 small_vessel
168.42 1199.57 171.47 1202.93 161.21 1212.22 158.16 1208.86 small_vessel
194.35 1248.7 196.96 1251.64 190.07 1257.77 187.46 1254.83 small_vessel
136.68 1171.3 140.65 1172.58 137.92 1181.02 133.95 1179.74 small_vessel
92.88 1239.64 97.98 1240.37 95.42 1258.11 90.32 1257.38 medium_vessel
1126.18 397.2 1130.52 401.46 1116.57 415.7 1112.23 411.44 large_vehicle
139.77 1174.23 143.74 1175.51 139.89 1187.44 135.92 1186.16 small_vessel
172.52 1207.51 175.57 1210.87 166.11 1219.46 163.06 1216.1 small_vessel
130.38 1167.85 133.2 1170.23 127.48 1177.01 124.66 1174.63 small_vessel
21.08 1218.44 27.99 1218.53 27.7 1239.27 20.79 1239.18 medium_vessel
82.99 733.25 87.8 733.6 87.13 742.93 82.32 742.58 small_vessel
67.46 1233.72 71.77 1234.51 69.11 1249.11 64.8 1248.32 medium_vessel
101.75 1241.66 106.83 1242.39 104.34 1259.67 99.26 1258.94 medium_vessel
181.97 1227.03 185.36 1229.58 176.48 1241.4 173.09 1238.85 medium_vessel
105.97 1245.63 109.95 1246.38 107.19 1260.97 103.21 1260.22 medium_vessel
200.54 1264.1 203.65 1266.85 196.06 1275.4 192.95 1272.65 small_vessel
48.45 1281.21 41.41 1280.0 42.6 1273.01 49.64 1274.22 medium_vessel
25.03 1225.49 30.06 1224.35 33.38 1239.06 28.35 1240.2 medium_vessel
1005.54 139.33 1014.04 145.44 999.99 164.99 991.49 158.88 heavy_equipment
173.94 1160.79 181.37 1158.74 186.14 1176.06 178.71 1178.11 medium_vessel
126.06 1250.62 131.77 1251.06 130.49 1267.73 124.78 1267.29 medium_vessel
196.69 1257.21 199.3 1260.15 192.39 1266.27 189.78 1263.33 small_vessel
1121.99 393.4 1126.33 397.65 1115.91 408.29 1111.57 404.04 medium_vehicle
18.77 1278.36 14.84 1277.03 18.6 1265.92 22.53 1267.25 small_vessel
171.41 1202.86 174.46 1206.23 163.14 1216.5 160.09 1213.13 medium_vessel
618.57 13.32 620.97 8.75 631.84 14.45 629.44 19.02 medium_vehicle
1006.55 67.78 1010.63 72.03 1001.19 81.09 997.11 76.84 medium_vehicle
190.0 1241.17 193.14 1243.53 185.96 1253.1 182.82 1250.74 small_vessel
1117.49 390.02 1121.68 394.41 1111.87 403.75 1107.68 399.36 medium_vehicle
182.7 1230.43 186.1 1232.97 178.39 1243.24 174.99 1240.7 small_vessel
0.68 1258.28 -0.5 1252.56 15.93 1249.13 17.12 1254.85 medium_vessel
81.3 1233.88 88.23 1236.7 81.01 1254.46 74.08 1251.64 medium_vessel
121.45 1248.67 126.7 1249.07 125.5 1264.63 120.25 1264.23 medium_vessel
6.8 1272.25 2.09 1267.12 12.71 1257.35 17.42 1262.48 medium_vessel
902.36 581.57 906.52 585.94 894.91 596.99 890.75 592.62 medium_vehicle
124.64 1155.71 126.96 1158.91 119.6 1164.24 117.28 1161.04 small_vessel
177.29 1216.62 181.56 1220.21 168.84 1235.31 164.57 1231.72 medium_vessel
187.93 1237.77 191.07 1240.13 183.89 1249.71 180.75 1247.35 small_vessel
86.62 1237.96 92.88 1238.87 90.12 1258.01 83.86 1257.1 medium_vessel
109.61 1246.45 116.02 1247.67 113.14 1262.94 106.73 1261.72 medium_vessel
978.6 124.7 993.3 124.7 993.3 130.38 978.6 130.38 container
35.1 1224.35 39.25 1225.29 35.56 1241.64 31.41 1240.7 medium_vessel
114.11 1245.65 119.73 1246.71 116.58 1263.4 110.96 1262.34 medium_vessel
