500.26 584.73 583.63 571.68 598.51 666.71 515.14 679.76 large_aircraft
207.65 518.03 224.63 517.26 225.71 541.0 208.73 541.77 small_aircraft
212.67 641.05 228.84 640.32 229.83 662.03 213.66 662.76 small_aircraft
1103.98 1198.57 1117.64 1188.83 1121.35 1194.04 1107.69 1203.78 medium_vehicle
207.87 543.08 225.02 542.3 226.13 566.62 208.98 567.4 small_aircraft
565.29 177.87 574.28 177.41 574.5 181.75 565.51 182.21 medium_vehicle
197.05 354.61 206.64 347.01 216.26 359.14 206.67 366.74 small_aircraft
215.54 530.28 227.03 529.76 227.83 547.3 216.34 547.82 small_aircraft
1170.77 1151.81 1181.04 1160.93 1176.79 1165.72 1166.52 1156.6 medium_vehicle
204.29 699.27 238.41 697.72 240.46 742.98 206.34 744.53 small_aircraft
836.57 1248.74 851.08 1243.69 852.96 1249.07 838.45 1254.12 medium_vehicle
1182.59 1142.9 1188.4 1157.65 1181.95 1160.19 1176.14 1145.44 medium_vehicle
622.88 542.48 668.02 540.19 671.11 601.26 625.97 603.55 large_aircraft
210.06 569.98 221.58 569.45 222.46 588.77 210.94 589.3 small_aircraft
209.21 352.53 217.25 358.68 205.68 373.8 197.64 367.65 small_aircraft
822.65 495.98 867.79 493.69 871.02 557.31 825.88 559.6 large_aircraft
208.73 597.28 231.54 596.24 233.01 628.54 210.2 629.58 small_aircraft
1127.75 1207.7 1139.08 1212.79 1136.5 1218.53 1125.17 1213.44 medium_vehicle
