30.11 859.84 45.71 862.65 42.53 880.32 26.93 877.51 small_aircraft
302.56 978.7 319.45 985.12 313.1 1001.84 296.21 995.42 small_aircraft
321.44 952.82 337.05 960.16 328.42 978.51 312.81 971.17 small_aircraft
10.81 915.93 26.89 919.65 23.11 936.03 7.03 932.31 small_aircraft
1187.25 34.76 1190.85 34.81 1190.74 43.91 1187.14 43.86 large_vehicle
331.31 301.13 342.46 310.93 334.3 320.22 323.15 310.42 small_aircraft
333.93 888.74 342.63 894.67 328.25 915.74 319.55 909.81 small_aircraft
1117.18 82.93 1120.46 82.81 1120.68 88.84 1117.4 88.96 medium_vehicle
1076.51 158.43 1080.27 159.13 1078.49 168.63 1074.73 167.93 large_vehicle
1109.38 86.49 1112.06 86.39 1112.29 92.64 1109.61 92.74 medium_vehicle
1129.94 34.82 1133.54 34.59 1133.99 41.55 1130.39 41.78 medium_vehicle
1114.59 84.57 1117.13 84.48 1117.35 90.51 1114.81 90.6 medium_vehicle
1112.42 85.28 1114.96 85.19 1115.18 91.22 1112.64 91.31 medium_vehicle
354.06 389.35 363.01 392.12 356.98 411.59 348.03 408.82 small_aircraft
42.99 806.79 59.28 806.42 59.67 823.81 43.38 824.18 small_aircraft
