417.89 676.6 421.9 682.5 402.84 695.45 398.83 689.55 large_vehicle
190.4 721.37 187.47 724.3 182.78 719.61 185.71 716.68 medium_vehicle
1237.26 452.37 1238.86 454.44 1225.84 464.54 1224.24 462.47 bus
1267.37 469.64 1270.0 472.87 1257.5 483.07 1254.87 479.84 bus
1142.72 146.99 1146.25 151.83 1137.9 157.91 1134.37 153.07 medium_vehicle
186.31 723.37 183.37 726.31 179.47 722.41 182.41 719.47 medium_vehicle
1265.5 405.38 1267.91 408.49 1260.76 414.03 1258.35 410.92 medium_vehicle
1282.16 414.43 1280.23 418.33 1273.12 414.8 1275.05 410.9 bus
1237.65 491.72 1234.48 487.24 1247.07 478.33 1250.24 482.81 bus
1238.01 493.03 1237.38 497.04 1224.48 495.0 1225.11 490.99 bus
1279.48 424.53 1281.44 426.59 1272.12 435.49 1270.16 433.43 bus
297.72 756.58 301.83 762.4 283.3 775.47 279.19 769.65 large_vehicle
1010.36 296.21 1012.84 292.16 1019.42 296.2 1016.94 300.25 medium_vehicle
1276.99 416.57 1274.62 420.51 1265.13 414.81 1267.5 410.87 bus
1223.55 493.85 1223.02 497.23 1211.42 495.4 1211.95 492.02 bus
1226.12 484.53 1222.76 480.34 1236.13 469.63 1239.49 473.82 bus
172.22 701.93 174.82 698.59 181.28 703.62 178.68 706.96 medium_vehicle
176.57 699.59 179.17 696.25 185.9 701.49 183.3 704.83 medium_vehicle
1272.41 419.01 1270.16 423.63 1259.32 418.34 1261.57 413.72 bus
1203.27 489.34 1200.63 493.06 1193.58 488.03 1196.22 484.31 bus
160.85 710.65 163.61 707.44 173.39 715.85 170.63 719.06 bus
94.6 761.04 92.42 763.65 86.99 759.11 89.17 756.5 medium_vehicle
1247.61 458.41 1249.37 460.56 1236.87 470.75 1235.11 468.6 bus
1254.38 462.6 1257.01 465.82 1244.51 476.02 1241.88 472.8 bus
1177.29 69.51 1180.02 73.25 1172.81 78.5 1170.08 74.76 medium_vehicle
1250.13 460.37 1251.67 462.25 1239.17 472.45 1237.63 470.57 bus
1273.41 475.72 1276.66 479.71 1264.16 489.91 1260.91 485.92 bus
1268.37 432.89 1270.65 435.11 1259.94 446.08 1257.66 443.86 bus
1265.58 467.59 1267.62 470.1 1255.12 480.3 1253.08 477.79 bus
1278.22 422.5 1280.18 424.55 1269.97 434.31 1268.01 432.26 bus
1259.38 463.9 1262.62 467.88 1250.12 478.08 1246.88 474.1 bus
1177.49 477.49 1175.67 473.76 1190.1 466.72 1191.92 470.45 bus
198.9 717.13 196.24 720.32 191.16 716.07 193.82 712.88 medium_vehicle
755.93 390.63 758.37 393.57 752.55 398.4 750.11 395.46 medium_vehicle
1282.2 410.81 1280.06 415.11 1272.53 411.37 1274.67 407.07 bus
149.18 720.02 152.01 716.73 161.79 725.14 158.96 728.43 bus
792.03 279.4 795.87 284.11 782.8 294.73 778.96 290.02 bus
1227.1 487.93 1225.2 485.56 1237.45 475.75 1239.35 478.12 bus
1176.87 495.42 1174.18 490.5 1188.54 482.64 1191.23 487.56 bus
142.32 731.5 144.76 734.41 137.01 740.91 134.57 738.0 medium_vehicle
194.9 719.67 191.97 722.6 187.28 717.91 190.21 714.98 medium_vehicle
1182.78 497.01 1179.29 492.63 1191.27 483.07 1194.76 487.45 bus
152.7 716.63 155.53 713.34 165.31 721.75 162.48 725.04 bus
1212.18 491.04 1211.6 494.72 1201.55 493.13 1202.13 489.45 bus
1279.61 428.04 1281.57 430.09 1274.16 437.17 1272.2 435.12 bus
1170.02 492.34 1167.02 486.86 1181.38 479.0 1184.38 484.48 bus
1228.99 488.89 1227.0 486.42 1239.61 476.32 1241.6 478.79 bus
1240.5 455.66 1242.09 457.73 1229.3 467.54 1227.71 465.47 bus
1239.12 453.95 1240.71 456.02 1227.24 466.36 1225.65 464.29 bus
129.07 542.91 129.26 547.52 118.52 547.95 118.33 543.34 medium_vehicle
360.2 561.63 379.5 572.55 360.75 605.7 341.45 594.78 large_aircraft
144.86 733.08 147.25 736.26 139.86 741.81 137.47 738.63 medium_vehicle
935.23 307.84 937.87 311.45 931.45 316.14 928.81 312.53 medium_vehicle
388.23 669.34 390.8 673.19 380.53 680.04 377.96 676.19 large_vehicle
557.77 573.34 560.41 576.92 553.45 582.06 550.81 578.48 medium_vehicle
1265.36 432.81 1267.56 435.11 1257.69 444.54 1255.49 442.24 bus
1233.45 451.67 1236.43 455.63 1222.85 465.82 1219.87 461.86 bus
1244.72 457.64 1246.47 459.78 1233.97 469.98 1232.22 467.84 bus
501.03 616.42 503.94 620.18 496.42 625.99 493.51 622.23 medium_vehicle
1279.92 439.54 1282.26 441.7 1272.17 452.63 1269.83 450.47 bus
339.39 659.68 343.42 661.35 339.98 669.7 335.95 668.03 medium_vehicle
1275.82 436.64 1278.16 438.8 1268.07 449.73 1265.73 447.57 bus
480.49 808.68 484.58 809.72 481.36 822.33 477.27 821.29 bus
413.8 619.35 414.04 623.91 405.64 624.37 405.4 619.81 medium_vehicle
1235.78 495.92 1235.19 499.65 1222.83 497.69 1223.42 493.96 bus
1258.21 490.87 1261.26 494.61 1249.22 504.43 1246.17 500.69 bus
157.48 713.37 160.49 709.88 170.26 718.29 167.25 721.78 bus
1221.68 481.86 1219.65 479.56 1231.45 469.16 1233.48 471.46 bus
555.33 572.47 557.97 576.06 547.83 583.53 545.19 579.94 large_vehicle
1178.77 481.21 1176.62 477.04 1190.24 470.01 1192.39 474.18 bus
864.4 377.02 867.01 380.6 858.92 386.51 856.31 382.93 large_vehicle
1257.83 431.46 1255.33 435.93 1244.74 429.99 1247.24 425.52 bus
92.01 762.72 89.25 766.03 83.01 760.82 85.77 757.51 medium_vehicle
1278.32 437.04 1280.66 439.2 1270.57 450.13 1268.23 447.97 bus
913.46 374.26 916.41 378.3 910.03 382.94 907.08 378.9 medium_vehicle
1231.14 490.9 1229.15 488.43 1241.76 478.33 1243.75 480.8 bus
1264.29 424.14 1262.03 428.76 1251.2 423.48 1253.46 418.86 bus
1243.03 456.64 1244.38 458.29 1231.87 468.49 1230.52 466.84 bus
758.11 393.34 761.17 397.03 753.72 403.21 750.66 399.52 medium_vehicle
485.37 790.6 489.68 791.76 485.94 805.61 481.63 804.45 bus
1268.88 471.72 1271.92 475.45 1259.41 485.65 1256.37 481.92 bus
1231.55 450.64 1232.94 452.5 1219.36 462.69 1217.97 460.83 bus
88.9 765.95 86.43 768.9 80.78 764.18 83.25 761.23 medium_vehicle
932.45 361.25 935.77 358.31 942.13 365.51 938.81 368.45 large_vehicle
201.99 714.37 199.33 717.55 194.51 713.52 197.17 710.34 medium_vehicle
1270.67 434.47 1273.01 436.63 1262.92 447.56 1260.58 445.4 bus
1008.72 313.61 1011.79 310.77 1015.95 315.27 1012.88 318.11 medium_vehicle
1225.46 490.59 1224.88 494.27 1214.52 492.63 1215.1 488.95 bus
1280.2 443.63 1283.1 446.3 1276.23 453.75 1273.33 451.08 bus
179.78 696.57 182.9 692.57 191.46 699.23 188.34 703.23 large_vehicle
1013.02 311.81 1016.09 308.97 1019.43 312.58 1016.36 315.42 medium_vehicle
467.53 850.71 471.53 851.79 468.26 863.89 464.26 862.81 bus
547.75 247.51 552.27 247.67 551.98 255.87 547.46 255.71 medium_vehicle
1205.86 472.49 1204.11 470.16 1216.52 460.84 1218.27 463.17 bus
1164.14 488.84 1161.37 483.78 1175.72 475.92 1178.49 480.98 bus
1179.63 73.36 1183.05 78.05 1175.07 83.86 1171.65 79.17 medium_vehicle
1214.68 480.54 1210.96 476.33 1222.43 466.22 1226.15 470.43 bus
749.42 388.82 753.16 392.94 745.32 400.05 741.58 395.93 medium_vehicle
1242.69 500.42 1239.84 496.51 1252.39 487.36 1255.24 491.27 bus
497.6 734.82 501.5 735.87 499.19 744.41 495.29 743.36 medium_vehicle
1273.02 435.84 1275.36 438.0 1265.27 448.93 1262.93 446.77 bus
1262.16 428.22 1259.64 432.7 1249.13 426.8 1251.65 422.32 bus
1210.69 476.09 1208.06 472.86 1219.9 463.2 1222.53 466.43 bus
138.84 729.78 141.29 732.69 135.03 737.94 132.58 735.03 medium_vehicle
939.58 358.64 942.74 355.53 948.45 361.34 945.29 364.45 medium_vehicle
1005.13 316.55 1008.19 313.71 1012.62 318.5 1009.56 321.34 medium_vehicle
107.83 536.31 110.22 540.26 101.56 545.5 99.17 541.55 medium_vehicle
411.8 665.97 415.82 671.88 396.77 684.83 392.75 678.92 large_vehicle
1208.36 472.78 1207.01 471.12 1218.85 461.47 1220.2 463.13 bus
1015.89 308.88 1018.87 305.95 1023.18 310.33 1020.2 313.26 medium_vehicle
907.65 366.36 911.23 363.2 916.48 369.13 912.9 372.29 medium_vehicle
433.82 637.84 436.5 641.31 427.74 648.08 425.06 644.61 large_vehicle
1252.28 461.7 1253.82 463.58 1241.32 473.78 1239.78 471.9 bus
761.43 404.43 764.66 408.86 756.05 415.14 752.82 410.71 medium_vehicle
