932.82 114.99 933.53 117.52 929.3 118.71 928.59 116.18 small_vehicle
461.95 53.22 465.24 54.66 462.71 60.44 459.42 59.0 small_vehicle
449.98 81.75 456.08 81.68 456.11 84.53 450.01 84.6 small_vehicle
458.89 61.83 461.62 63.35 458.96 68.16 456.23 66.64 small_vehicle
516.13 32.08 518.07 34.67 513.23 38.3 511.29 35.71 small_vehicle
92.7 140.59 94.9 142.61 91.42 146.42 89.22 144.4 small_vehicle
764.25 195.99 766.65 198.54 762.94 202.03 760.54 199.48 small_vehicle
446.59 87.4 452.68 87.33 452.71 90.18 446.62 90.25 small_vehicle
473.63 396.93 473.83 399.58 467.8 400.03 467.6 397.38 small_vehicle
447.19 84.4 453.28 84.33 453.31 87.18 447.22 87.25 small_vehicle
59.83 288.12 62.66 291.77 52.44 299.71 49.61 296.06 medium_vehicle
31.45 151.4 34.5 151.7 34.0 156.83 30.95 156.53 small_vehicle
26.07 278.81 25.05 281.82 19.68 279.99 20.7 276.98 small_vehicle
343.28 172.1 345.54 174.17 342.36 177.65 340.1 175.58 small_vehicle
45.49 301.13 48.01 302.33 45.95 306.62 43.43 305.42 small_vehicle
435.6 97.72 437.81 98.66 436.29 102.25 434.08 101.31 small_vehicle
