620.13 561.86 627.07 562.25 626.85 566.31 619.91 565.92 small_vehicle
789.29 942.51 794.93 944.99 790.05 956.1 784.41 953.62 heavy_equipment
6.28 614.0 11.62 611.34 13.18 614.47 7.84 617.13 small_vehicle
187.01 1089.02 192.94 1088.49 193.2 1091.42 187.27 1091.95 small_vehicle
574.43 1183.97 577.92 1179.17 580.49 1181.04 577.0 1185.84 small_vehicle
996.47 1159.25 998.07 1164.5 994.94 1165.45 993.34 1160.2 small_vehicle
1040.87 919.52 1047.06 919.35 1047.14 922.3 1040.95 922.47 small_vehicle
797.66 668.97 804.03 667.33 804.87 670.62 798.5 672.26 small_vehicle
175.41 1095.1 178.48 1099.31 176.48 1100.77 173.41 1096.56 small_vehicle
658.4 566.65 664.49 566.65 664.49 569.6 658.4 569.6 small_vehicle
