971.46 815.11 970.93 817.75 964.86 816.53 965.39 813.89 small_vehicle
971.7 812.73 971.17 815.37 965.96 814.33 966.49 811.69 small_vehicle
717.26 402.65 717.11 405.82 711.45 405.55 711.6 402.38 small_vehicle
637.96 409.44 638.02 412.96 631.47 413.08 631.41 409.56 small_vehicle
970.36 817.19 969.84 819.82 963.77 818.61 964.29 815.98 small_vehicle
799.44 464.74 802.09 466.54 799.5 470.37 796.85 468.57 small_vehicle
176.52 189.28 178.56 191.73 174.94 194.74 172.9 192.29 small_vehicle
173.94 187.01 175.97 189.46 171.61 193.09 169.58 190.64 small_vehicle
1172.38 635.98 1174.58 637.54 1171.84 641.43 1169.64 639.87 small_vehicle
1127.45 306.41 1126.93 309.77 1119.98 308.7 1120.5 305.34 small_vehicle
814.59 458.4 813.37 461.35 807.41 458.9 808.63 455.95 small_vehicle
