773.4 674.64 776.86 676.29 771.56 687.39 768.1 685.74 medium_vehicle
1115.23 665.75 1120.9 668.62 1111.93 686.31 1106.26 683.44 bus
989.57 203.88 995.48 206.3 991.35 216.39 985.44 213.97 medium_vehicle
1134.32 672.48 1140.98 675.32 1133.2 693.56 1126.54 690.72 bus
1110.82 621.24 1096.29 615.1 1098.2 610.57 1112.73 616.71 bus
1069.04 690.04 1078.08 692.06 1077.15 696.19 1068.11 694.17 medium_vehicle
1129.52 671.74 1134.15 674.09 1125.18 691.78 1120.55 689.43 bus
488.6 806.37 489.23 811.13 479.75 812.38 479.12 807.62 medium_vehicle
655.39 784.29 659.23 778.91 671.61 787.75 667.77 793.13 heavy_equipment
1084.23 318.31 1086.68 313.85 1097.07 319.55 1094.62 324.01 medium_vehicle
1156.89 517.24 1163.78 516.79 1164.99 535.56 1158.1 536.01 bus
1107.24 627.72 1093.14 623.33 1094.6 618.63 1108.7 623.02 bus
1117.75 558.67 1133.52 565.89 1131.28 570.78 1115.51 563.56 bus
1113.83 614.69 1105.49 610.68 1107.32 606.87 1115.66 610.88 medium_vehicle
1082.4 322.91 1084.85 318.45 1095.24 324.15 1092.79 328.61 medium_vehicle
1118.12 604.38 1102.61 601.59 1103.67 595.66 1119.18 598.45 bus
1115.69 565.38 1131.09 571.23 1129.23 576.11 1113.83 570.26 bus
1122.2 668.28 1126.86 670.64 1117.89 688.32 1113.23 685.96 bus
1084.91 726.62 1088.71 717.88 1093.51 719.97 1089.71 728.71 medium_vehicle
1096.29 727.95 1099.79 719.9 1103.91 721.69 1100.41 729.74 medium_vehicle
1180.15 566.96 1194.42 576.65 1191.31 581.23 1177.04 571.54 bus
983.92 202.48 988.99 204.56 984.67 215.09 979.6 213.01 medium_vehicle
996.91 215.94 1003.13 207.21 1007.9 210.61 1001.68 219.34 medium_vehicle
1204.24 840.78 1209.06 843.08 1205.19 851.2 1200.37 848.9 medium_vehicle
1150.48 867.63 1153.31 863.11 1165.75 870.88 1162.92 875.4 heavy_equipment
1123.85 721.89 1121.47 730.87 1116.19 729.48 1118.57 720.5 medium_vehicle
1109.68 722.66 1107.45 731.13 1103.11 729.98 1105.34 721.51 medium_vehicle
1118.56 279.46 1125.17 279.33 1125.42 292.31 1118.81 292.44 medium_vehicle
917.68 361.85 923.65 364.26 917.11 380.46 911.14 378.05 bus
1114.42 571.65 1129.07 577.22 1127.22 582.1 1112.57 576.53 bus
1203.2 837.17 1206.63 838.8 1201.95 848.59 1198.52 846.96 medium_vehicle
586.02 987.59 587.68 982.58 603.25 987.75 601.59 992.76 bus
1192.87 677.61 1203.24 659.43 1210.11 663.36 1199.74 681.54 bus
768.45 686.11 773.03 688.3 767.74 699.39 763.16 697.2 medium_vehicle
547.95 861.98 551.9 863.46 548.08 873.67 544.13 872.19 medium_vehicle
1115.01 724.26 1112.92 732.17 1108.4 730.98 1110.49 723.07 medium_vehicle
1121.32 597.26 1105.69 595.26 1106.45 589.28 1122.08 591.28 bus
674.42 169.83 675.4 176.14 658.77 178.71 657.79 172.4 bus
715.91 655.85 729.85 661.06 727.98 666.08 714.04 660.87 large_vehicle
1004.86 229.66 1008.21 225.83 1014.82 231.62 1011.47 235.45 medium_vehicle
779.45 676.21 782.9 677.86 777.61 688.95 774.16 687.3 medium_vehicle
1072.77 317.57 1074.35 313.23 1082.3 316.13 1080.72 320.47 medium_vehicle
1125.0 671.13 1128.8 673.06 1119.83 690.74 1116.03 688.81 bus
1001.75 238.13 1007.27 233.08 1020.48 247.55 1014.96 252.6 large_vehicle
1189.91 825.6 1193.03 827.89 1186.67 836.56 1183.55 834.27 medium_vehicle
1112.03 664.15 1115.0 665.66 1106.03 683.35 1103.06 681.84 bus
967.5 222.89 967.75 217.78 976.98 218.23 976.73 223.34 medium_vehicle
1125.29 586.8 1110.46 582.6 1111.88 577.57 1126.71 581.77 bus
1253.9 621.85 1271.27 614.51 1274.31 621.72 1256.94 629.06 bus
1201.26 832.93 1204.15 835.5 1198.94 841.36 1196.05 838.79 medium_vehicle
1192.9 828.26 1196.5 830.91 1189.32 840.68 1185.72 838.03 medium_vehicle
979.53 203.37 984.72 205.11 981.11 215.9 975.92 214.16 medium_vehicle
776.65 675.01 780.1 676.66 774.81 687.75 771.36 686.1 medium_vehicle
1097.49 660.12 1081.9 655.27 1083.49 650.19 1099.08 655.04 bus
653.01 167.06 653.49 172.42 641.82 173.49 641.34 168.13 medium_vehicle
1075.86 313.29 1078.86 309.18 1085.7 314.17 1082.7 318.28 medium_vehicle
516.31 762.39 522.71 762.8 521.49 782.28 515.09 781.87 bus
1187.59 816.57 1192.38 820.31 1184.86 829.94 1180.07 826.2 medium_vehicle
