1247.96 1111.62 1247.93 1101.87 1279.84 1101.76 1279.87 1111.51 large_vehicle
1082.49 950.01 1113.68 949.08 1113.9 956.43 1082.71 957.36 large_vehicle
1179.79 560.06 1188.89 559.97 1189.26 594.55 1180.16 594.64 large_vehicle
1005.33 847.54 1012.7 847.89 1011.23 879.07 1003.86 878.72 large_vehicle
1057.4 960.3 1088.32 958.9 1088.66 966.23 1057.74 967.63 large_vehicle
1190.2 291.86 1197.74 291.79 1197.91 308.35 1190.37 308.42 medium_vehicle
1228.99 732.32 1256.6 731.45 1256.82 738.55 1229.21 739.42 container
1047.79 952.38 1079.88 951.37 1080.11 958.71 1048.02 959.72 large_vehicle
990.61 377.17 998.43 377.02 999.31 422.92 991.49 423.07 double_trailer_truck
1229.21 725.33 1256.5 724.47 1256.72 731.56 1229.43 732.42 container
998.14 92.21 1229.93 122.73 1223.94 168.29 992.15 137.77 large_vessel
380.3 1191.52 433.87 1235.83 360.15 1324.94 306.58 1280.63 large_vessel
1038.88 660.42 1045.74 660.37 1045.85 675.77 1038.99 675.82 heavy_equipment
1009.1 1146.42 1016.8 1146.42 1016.8 1178.8 1009.1 1178.8 large_vehicle
999.84 1140.91 1006.83 1140.27 1009.77 1172.58 1002.78 1173.22 large_vehicle
994.79 857.92 1003.24 857.52 1005.26 900.41 996.81 900.81 double_trailer_truck
1002.93 946.2 1011.14 946.19 1011.19 976.41 1002.98 976.42 large_vehicle
925.3 606.75 982.72 606.75 982.72 873.8 925.3 873.8 large_vessel
941.89 897.23 981.46 896.81 983.65 1105.78 944.08 1106.2 large_vessel
971.92 456.87 979.75 456.72 980.48 494.68 972.65 494.83 large_vehicle
1172.41 313.15 1181.44 314.74 1175.23 349.93 1166.2 348.34 large_vehicle
1006.78 1060.58 1014.99 1060.84 1014.02 1091.62 1005.81 1091.36 large_vehicle
989.86 914.17 998.47 911.96 1006.48 943.17 997.87 945.38 large_vehicle
998.64 903.24 1006.82 902.16 1011.16 935.08 1002.98 936.16 large_vehicle
982.11 387.84 989.94 387.58 991.19 425.37 983.36 425.63 large_vehicle
1172.6 268.33 1181.77 268.24 1182.16 305.96 1172.99 306.05 large_vehicle
1027.77 1006.98 1033.23 1012.25 1022.75 1023.11 1017.29 1017.84 heavy_equipment
976.24 314.69 983.71 314.36 985.47 353.06 978.0 353.39 large_vehicle
986.48 454.77 994.32 454.62 995.07 493.62 987.23 493.77 large_vehicle
1010.11 880.42 1017.47 880.77 1015.91 913.85 1008.55 913.5 large_vehicle
888.13 155.11 965.82 152.67 978.93 569.7 901.24 572.14 large_vessel
1246.79 1154.47 1255.08 1152.31 1264.11 1186.98 1255.82 1189.14 large_vehicle
1014.04 899.95 1022.26 900.69 1018.5 942.04 1010.28 941.3 double_trailer_truck
979.1 456.07 986.93 455.92 987.68 494.92 979.85 495.07 large_vehicle
277.87 193.53 315.71 192.07 316.07 201.38 278.23 202.84 medium_vessel
992.92 446.84 1000.85 446.56 1002.29 487.83 994.36 488.11 double_trailer_truck
979.33 273.47 987.72 274.27 984.17 311.81 975.78 311.01 large_vehicle
1162.89 269.94 1172.06 269.85 1172.45 307.28 1163.28 307.37 large_vehicle
433.29 1259.28 437.33 1266.46 408.68 1282.6 404.64 1275.42 large_vehicle
1258.6 1192.1 1265.78 1189.13 1279.04 1221.16 1271.86 1224.13 large_vehicle
1003.57 983.72 1011.78 983.5 1012.57 1013.43 1004.36 1013.65 large_vehicle
1002.11 1105.25 1009.56 1106.73 1003.71 1136.26 996.26 1134.78 large_vehicle
