451.33 1208.71 460.42 1209.09 459.02 1242.66 449.93 1242.28 large_vehicle
500.02 1240.27 513.84 1236.62 524.77 1277.98 510.95 1281.63 double_trailer_truck
384.79 1176.98 393.98 1176.52 396.0 1216.33 386.81 1216.79 large_vehicle
461.16 1211.35 469.52 1212.27 466.0 1244.2 457.64 1243.28 large_vehicle
1161.59 1208.56 1175.61 1196.11 1220.95 1247.19 1206.93 1259.64 large_vessel
413.55 1184.63 423.01 1184.32 424.32 1223.72 414.86 1224.03 large_vehicle
443.52 1200.67 452.05 1200.76 451.64 1240.55 443.11 1240.46 large_vehicle
70.81 1.8 136.68 -10.88 192.28 277.83 126.41 290.52 large_vessel
402.73 1272.47 410.8 1270.08 413.83 1280.32 405.76 1282.71 container
476.22 1214.43 505.03 1235.2 499.27 1243.18 470.46 1222.41 large_vehicle
404.39 1178.06 413.21 1177.77 414.57 1218.8 405.75 1219.09 large_vehicle
423.34 1190.91 431.98 1190.71 432.85 1228.96 424.21 1229.16 large_vehicle
434.02 1198.85 443.5 1198.95 443.03 1243.03 433.55 1242.93 double_trailer_truck
721.15 0.01 778.12 -10.95 793.71 70.0 736.74 80.97 large_vessel
394.49 1174.36 403.69 1174.05 405.04 1214.83 395.84 1215.14 large_vehicle
