214.07 421.46 238.03 427.57 225.16 478.05 201.2 471.94 large_aircraft
289.38 472.07 313.02 479.25 297.62 529.94 273.98 522.76 large_aircraft
147.8 753.62 154.91 755.47 148.3 780.86 141.19 779.01 large_vehicle
75.52 821.9 81.85 823.24 77.32 844.74 70.99 843.4 large_vehicle
473.97 337.74 491.97 343.55 480.3 379.67 462.3 373.86 small_aircraft
124.11 698.22 131.26 699.82 126.05 723.16 118.9 721.56 large_vehicle
114.01 728.79 120.37 729.96 116.11 753.15 109.75 751.98 large_vehicle
140.96 420.94 154.2 427.29 144.69 447.15 131.45 440.8 small_aircraft
131.25 703.99 138.41 705.59 133.2 728.93 126.04 727.33 large_vehicle
138.88 744.85 146.0 746.7 139.9 770.13 132.78 768.28 large_vehicle
241.03 306.32 264.98 312.42 252.11 362.92 228.16 356.82 large_aircraft
78.21 871.96 87.25 866.22 89.93 870.44 80.89 876.18 medium_vehicle
115.35 695.76 122.6 696.91 119.32 717.62 112.07 716.47 large_vehicle
302.34 413.66 325.98 420.84 310.58 471.52 286.94 464.34 large_aircraft
459.33 395.35 477.34 401.17 465.67 437.3 447.66 431.48 small_aircraft
174.05 774.66 181.16 776.51 174.89 800.61 167.78 798.76 large_vehicle
279.92 130.96 303.39 136.94 290.53 187.43 267.06 181.45 large_aircraft
285.12 943.93 268.77 884.98 307.3 874.29 323.65 933.24 large_aircraft
1252.82 834.17 1263.32 841.28 1257.92 849.25 1247.42 842.14 small_aircraft
128.97 738.25 135.28 739.71 130.15 761.75 123.84 760.29 large_vehicle
94.95 -7.31 132.55 4.1 117.23 54.54 79.63 43.12 large_aircraft
1249.32 846.93 1259.82 854.04 1254.43 862.01 1243.93 854.9 small_aircraft
36.19 269.97 71.72 280.76 54.87 336.23 19.34 325.44 large_aircraft
257.56 955.04 298.54 940.93 315.11 989.06 274.13 1003.17 large_aircraft
758.43 815.86 765.31 815.55 766.07 832.23 759.19 832.54 bus
176.61 739.79 183.15 740.84 179.15 765.81 172.61 764.76 large_vehicle
129.12 1037.54 135.23 1041.41 122.86 1060.98 116.75 1057.11 large_vehicle
362.16 463.24 379.35 467.65 369.86 504.62 352.67 500.21 small_aircraft
253.92 247.9 277.87 254.0 265.0 304.5 241.05 298.4 large_aircraft
266.59 188.84 290.06 194.82 277.2 245.31 253.73 239.33 large_aircraft
121.27 732.38 127.75 733.57 123.73 755.44 117.25 754.25 large_vehicle
159.75 722.7 166.93 724.57 160.79 748.15 153.61 746.28 large_vehicle
432.45 512.13 449.66 516.55 439.8 554.95 422.59 550.53 small_aircraft
165.57 766.27 172.68 768.13 166.19 793.06 159.08 791.2 large_vehicle
125.26 1038.39 126.97 1043.45 110.21 1049.12 108.5 1044.06 large_vehicle
622.05 309.68 639.86 309.09 641.2 349.45 623.39 350.04 small_aircraft
184.6 764.55 190.68 766.27 185.31 785.23 179.23 783.51 large_vehicle
446.23 454.4 463.89 460.11 452.22 496.22 434.56 490.51 small_aircraft
406.25 271.91 416.29 276.72 408.9 292.15 398.86 287.34 small_aircraft
349.35 521.93 366.55 526.34 357.06 563.3 339.86 558.89 small_aircraft
156.19 759.09 163.3 760.94 156.69 786.32 149.58 784.47 large_vehicle
386.02 705.61 403.0 676.19 433.74 693.94 416.76 723.36 large_aircraft
120.91 793.66 123.61 797.41 112.22 805.6 109.52 801.85 large_vehicle
640.63 338.19 658.44 337.6 659.78 377.96 641.97 378.55 small_aircraft
1257.76 812.92 1268.76 820.37 1264.91 826.05 1253.91 818.6 small_aircraft
80.72 822.44 87.85 821.26 92.12 847.04 84.99 848.22 large_vehicle
228.36 364.53 252.31 370.63 239.44 421.13 215.49 415.03 large_aircraft
400.7 296.62 411.02 301.57 403.45 317.36 393.13 312.41 small_aircraft
1254.31 822.27 1263.98 828.81 1258.59 836.78 1248.92 830.24 small_aircraft
56.85 166.29 95.0 177.88 77.8 234.48 39.65 222.89 large_aircraft
125.35 1032.98 126.78 1038.13 107.4 1043.5 105.97 1038.35 large_vehicle
625.51 273.01 643.33 272.42 644.67 312.79 626.85 313.38 small_aircraft
374.9 404.91 391.89 410.07 380.79 446.59 363.8 441.43 small_aircraft
648.06 294.89 665.54 294.76 665.83 335.15 648.35 335.28 small_aircraft
