436.84 241.39 442.62 243.31 438.84 254.69 433.06 252.77 medium_vehicle
1240.66 329.39 1245.26 329.39 1245.26 339.36 1240.66 339.36 medium_vehicle
1035.46 1258.75 1043.73 1251.59 1046.85 1255.19 1038.58 1262.35 medium_vehicle
1222.14 367.9 1228.28 370.6 1226.99 373.53 1220.85 370.83 medium_vehicle
62.58 1052.29 73.42 1033.5 88.14 1042.0 77.3 1060.79 small_aircraft
1098.4 1166.7 1103.9 1166.7 1103.9 1177.4 1098.4 1177.4 medium_vehicle
1208.33 360.42 1219.22 366.26 1217.12 370.17 1206.23 364.33 double_trailer_truck
63.61 1021.13 101.4 955.68 155.72 987.04 117.93 1052.49 large_aircraft
1020.47 119.87 1028.18 122.63 1026.87 126.3 1019.16 123.54 medium_vehicle
480.35 156.54 480.52 161.32 467.71 161.79 467.54 157.01 large_vehicle
1196.27 526.38 1209.39 529.9 1206.12 542.12 1193.0 538.6 small_aircraft
1058.93 554.14 1060.93 548.82 1070.69 552.49 1068.69 557.81 heavy_equipment
997.48 261.7 1003.9 261.7 1003.9 276.52 997.48 276.52 medium_vehicle
1272.45 497.83 1277.53 500.98 1271.56 510.62 1266.48 507.47 medium_vehicle
1194.64 514.47 1203.19 523.01 1195.39 530.81 1186.84 522.27 small_aircraft
0.53 713.53 12.03 670.59 40.77 678.29 29.27 721.23 large_aircraft
-9.84 1173.96 5.29 1117.48 41.33 1127.14 26.19 1183.62 large_aircraft
38.57 1176.79 59.37 1099.15 114.12 1113.82 93.32 1191.46 large_aircraft
-17.46 1228.73 -4.49 1180.31 21.37 1187.24 8.4 1235.66 large_aircraft
1033.03 1254.09 1041.61 1246.66 1045.1 1250.69 1036.52 1258.12 medium_vehicle
1072.24 546.38 1074.17 541.23 1082.17 544.24 1080.24 549.39 heavy_equipment
1221.68 333.8 1226.28 333.8 1226.28 343.77 1221.68 343.77 medium_vehicle
1188.6 527.6 1197.2 529.91 1193.54 543.58 1184.94 541.27 small_aircraft
952.86 555.1 962.27 558.01 960.92 562.36 951.51 559.45 medium_vehicle
1041.03 1260.96 1048.55 1255.0 1051.51 1258.74 1043.99 1264.7 medium_vehicle
72.23 1244.69 95.61 1250.95 86.44 1285.16 63.06 1278.9 large_aircraft
1032.95 474.18 1039.04 471.09 1044.43 481.72 1038.34 484.81 heavy_equipment
451.78 213.02 457.13 215.93 453.04 223.44 447.69 220.53 medium_vehicle
1209.22 442.1 1213.83 442.42 1213.03 454.24 1208.42 453.92 medium_vehicle
212.16 224.92 216.53 218.57 220.9 221.58 216.53 227.93 medium_vehicle
1222.03 350.71 1226.23 350.89 1225.76 361.78 1221.56 361.6 medium_vehicle
1196.9 315.1 1201.18 315.1 1201.18 326.27 1196.9 326.27 medium_vehicle
833.17 29.27 842.09 33.12 840.42 37.0 831.5 33.15 medium_vehicle
92.76 1073.73 103.61 1054.95 117.62 1063.04 106.77 1081.82 small_aircraft
36.47 1258.15 49.88 1208.07 72.78 1214.21 59.37 1264.29 large_aircraft
1067.34 1116.35 1074.62 1117.99 1073.52 1122.87 1066.24 1121.23 medium_vehicle
657.78 377.54 667.38 378.13 666.63 390.27 657.03 389.68 small_aircraft
