860.63 898.59 917.4 916.49 893.6 991.96 836.83 974.06 large_aircraft
1026.7 1062.76 1063.29 1079.9 1038.29 1133.26 1001.7 1116.12 large_aircraft
785.34 965.64 812.26 932.03 840.63 954.76 813.71 988.37 large_aircraft
474.67 125.06 483.22 130.32 480.34 134.99 471.79 129.73 medium_vehicle
410.47 449.53 466.77 480.49 429.97 547.44 373.67 516.48 large_aircraft
371.91 540.25 428.2 571.19 391.4 638.14 335.11 607.2 large_aircraft
1125.33 1189.81 1145.56 1198.2 1134.3 1225.39 1114.07 1217.0 small_aircraft
357.48 631.81 393.84 651.8 366.02 702.4 329.66 682.41 large_aircraft
860.38 19.98 883.33 21.51 880.43 65.13 857.48 63.6 large_aircraft
746.98 811.26 802.22 841.63 765.49 908.43 710.25 878.06 large_aircraft
639.02 735.78 694.87 766.48 657.51 834.44 601.66 803.74 large_aircraft
1214.44 64.84 1238.72 64.84 1238.72 96.35 1214.44 96.35 small_aircraft
1011.25 1138.27 1033.71 1143.33 1021.96 1195.45 999.5 1190.39 large_aircraft
1105.8 1175.06 1105.86 1186.81 1099.98 1186.85 1099.92 1175.1 medium_vehicle
842.54 984.81 898.94 1002.59 875.14 1078.06 818.74 1060.28 large_aircraft
598.02 316.58 606.03 321.5 603.31 325.92 595.3 321.0 medium_vehicle
1248.65 20.85 1273.43 9.72 1289.67 45.86 1264.89 56.99 large_aircraft
366.35 5.15 374.6 12.71 371.75 15.83 363.5 8.27 medium_vehicle
