781.85 1101.36 782.24 1055.92 812.36 1056.19 811.97 1101.63 large_aircraft
303.54 937.01 307.97 900.9 328.55 903.43 324.12 939.54 large_aircraft
233.24 75.11 260.89 55.61 289.05 95.53 261.4 115.03 large_aircraft
833.78 1087.68 834.27 1134.17 801.63 1134.51 801.14 1088.02 large_aircraft
1146.42 877.3 1146.55 884.31 1138.2 884.46 1138.07 877.45 medium_vehicle
535.62 774.3 569.09 804.44 547.61 828.3 514.14 798.16 large_aircraft
254.28 308.82 269.14 300.98 277.99 317.78 263.13 325.62 large_aircraft
691.17 1145.7 701.38 1100.78 730.91 1107.49 720.7 1152.41 large_aircraft
277.05 323.05 287.27 323.05 287.27 337.76 277.05 337.76 small_aircraft
227.8 532.22 266.88 510.82 297.95 567.56 258.87 588.96 large_aircraft
893.1 440.9 898.1 440.9 898.1 450.1 893.1 450.1 medium_vehicle
446.43 1069.99 477.3 1100.86 453.69 1124.47 422.82 1093.6 large_aircraft
1232.35 436.4 1236.21 435.91 1238.34 452.77 1234.48 453.26 container
240.1 383.36 267.46 371.91 288.57 422.37 261.21 433.82 large_aircraft
667.51 456.86 675.7 442.2 688.36 449.27 680.17 463.93 small_aircraft
711.85 650.5 718.26 694.99 674.11 701.36 667.7 656.87 large_aircraft
703.16 1261.32 703.69 1199.64 740.18 1199.96 739.65 1261.64 large_aircraft
1226.1 438.55 1229.98 438.06 1232.08 454.68 1228.2 455.17 container
761.08 1073.85 761.42 1034.77 785.09 1034.97 784.75 1074.05 large_aircraft
722.32 1145.67 722.74 1098.5 755.62 1098.78 755.2 1145.95 large_aircraft
233.33 174.85 265.72 161.1 288.59 214.99 256.2 228.74 large_aircraft
720.64 707.18 721.49 646.55 756.17 647.03 755.32 707.66 large_aircraft
312.15 977.89 317.08 937.8 334.37 939.92 329.44 980.01 large_aircraft
251.89 286.52 265.71 275.57 275.73 288.21 261.91 299.16 large_aircraft
384.2 869.4 396.38 869.4 396.38 895.6 384.2 895.6 small_aircraft
339.33 1130.83 351.97 1130.83 351.97 1135.61 339.33 1135.61 medium_vehicle
1271.82 8.16 1280.15 18.49 1275.5 22.25 1267.17 11.92 bus
279.09 310.41 287.37 318.02 277.97 328.24 269.69 320.63 small_aircraft
753.05 731.21 750.43 690.81 778.88 688.97 781.5 729.37 large_aircraft
1137.98 676.05 1138.13 684.26 1133.22 684.35 1133.07 676.14 medium_vehicle
462.9 875.6 477.79 875.6 477.79 901.8 462.9 901.8 small_aircraft
311.87 913.42 316.46 876.1 333.76 878.22 329.17 915.54 large_aircraft
1229.3 437.45 1233.17 436.96 1235.31 453.83 1231.44 454.32 container
801.96 733.85 802.59 688.89 830.83 689.29 830.2 734.25 large_aircraft
759.03 696.52 759.68 650.4 786.36 650.77 785.71 696.89 large_aircraft
274.54 895.39 282.82 852.02 315.56 858.27 307.28 901.64 large_aircraft
569.31 768.54 606.86 794.73 577.04 837.48 539.49 811.29 large_aircraft
331.86 895.97 333.1 856.37 348.97 856.86 347.73 896.46 large_aircraft
891.85 313.81 896.85 313.81 896.85 322.02 891.85 322.02 medium_vehicle
1135.03 667.17 1135.17 675.36 1130.04 675.45 1129.9 667.26 medium_vehicle
227.28 448.01 265.22 427.24 296.32 484.05 258.38 504.82 large_aircraft
841.48 468.4 841.61 475.74 837.39 475.81 837.26 468.47 medium_vehicle
237.7 328.1 266.34 313.0 290.53 358.87 261.89 373.97 large_aircraft
231.29 117.24 263.68 103.49 287.05 158.55 254.66 172.3 large_aircraft
437.64 819.57 457.65 797.03 474.94 812.38 454.93 834.92 large_aircraft
835.94 1038.25 837.97 1084.71 803.43 1086.22 801.4 1039.76 large_aircraft
767.68 1142.87 768.08 1096.76 797.86 1097.02 797.46 1143.13 large_aircraft
317.63 1039.38 337.06 1015.04 357.74 1031.56 338.31 1055.9 large_aircraft
301.89 1053.58 322.82 1037.52 341.42 1061.76 320.49 1077.82 large_aircraft
781.58 747.7 778.8 704.62 806.8 702.81 809.58 745.89 large_aircraft
241.92 244.64 265.34 232.85 283.97 269.89 260.55 281.68 large_aircraft
790.97 697.53 791.55 655.87 822.47 656.3 821.89 697.96 large_aircraft
