219.02 642.74 230.27 636.04 239.81 652.05 228.56 658.75 small_aircraft
141.73 713.56 179.19 701.82 200.42 769.58 162.96 781.32 large_aircraft
148.41 654.18 185.87 642.44 207.1 710.19 169.64 721.93 large_aircraft
163.64 924.48 212.53 895.33 254.99 966.55 206.1 995.7 large_aircraft
450.79 596.9 450.81 601.03 445.91 601.05 445.89 596.92 medium_vehicle
160.74 605.68 163.18 586.89 174.14 588.32 171.7 607.11 small_aircraft
454.42 607.63 454.49 611.77 446.19 611.92 446.12 607.78 medium_vehicle
375.25 399.46 375.33 404.1 362.7 404.32 362.62 399.68 bus
465.38 749.32 465.45 753.45 456.06 753.62 455.99 749.49 medium_vehicle
412.63 799.65 412.71 804.66 399.35 804.9 399.27 799.89 bus
486.29 228.24 486.44 236.92 482.08 236.99 481.93 228.31 medium_vehicle
646.99 1237.13 660.79 1237.28 660.6 1255.27 646.8 1255.12 small_aircraft
476.49 569.26 476.56 573.62 468.1 573.77 468.03 569.41 bus
251.98 378.76 252.06 383.24 237.61 383.49 237.53 379.01 bus
476.07 558.33 476.18 563.1 466.49 563.33 466.38 558.56 bus
171.0 1222.35 200.1 1227.27 191.62 1277.37 162.52 1272.45 large_aircraft
93.88 849.99 115.57 850.83 114.08 889.47 92.39 888.63 large_aircraft
280.92 663.9 303.68 708.19 258.93 731.18 236.17 686.89 large_aircraft
194.0 769.46 225.4 757.47 246.04 811.52 214.64 823.51 large_aircraft
1100.01 339.64 1100.09 344.0 1086.76 344.24 1086.68 339.88 bus
100.38 524.77 112.49 527.84 108.33 544.28 96.22 541.21 small_aircraft
479.83 533.43 479.88 536.41 472.62 536.54 472.57 533.56 medium_vehicle
126.88 841.72 158.63 818.73 193.81 867.33 162.06 890.32 large_aircraft
119.47 890.85 150.95 867.48 185.34 913.78 153.86 937.15 large_aircraft
434.01 587.68 434.09 591.96 426.34 592.1 426.26 587.82 medium_vehicle
674.82 124.98 681.17 124.91 681.38 142.28 675.03 142.35 bus
61.06 639.22 73.89 664.75 57.8 672.84 44.97 647.31 large_aircraft
452.54 366.1 452.61 370.23 439.12 370.46 439.05 366.33 bus
616.5 1232.45 640.65 1232.54 640.54 1264.54 616.39 1264.45 large_aircraft
479.8 525.43 479.87 529.04 472.42 529.17 472.35 525.56 medium_vehicle
995.15 330.08 995.22 334.39 986.53 334.54 986.46 330.23 medium_vehicle
207.6 672.55 228.24 661.39 241.5 685.92 220.86 697.08 large_aircraft
202.23 740.5 225.2 728.08 241.78 758.75 218.81 771.17 large_aircraft
291.78 343.56 291.85 348.01 279.18 348.24 279.11 343.79 bus
476.83 552.44 476.9 556.65 467.49 556.82 467.42 552.61 bus
128.48 403.92 128.58 409.37 114.7 409.61 114.6 404.16 bus
114.15 522.54 138.09 524.72 135.58 552.33 111.64 550.15 large_aircraft
206.45 705.91 227.42 694.57 243.96 725.16 222.99 736.5 large_aircraft
1165.77 738.63 1165.89 745.47 1160.56 745.56 1160.44 738.72 medium_vehicle
861.25 349.51 861.34 354.2 852.63 354.35 852.54 349.66 medium_vehicle
1246.27 340.57 1246.35 345.22 1232.91 345.46 1232.83 340.81 bus
450.53 580.71 450.54 584.84 445.91 584.85 445.9 580.72 medium_vehicle
220.6 821.67 244.93 853.49 217.23 874.66 192.9 842.84 large_aircraft
450.38 602.23 450.4 606.37 446.17 606.39 446.15 602.25 medium_vehicle
430.99 582.4 431.01 586.53 424.81 586.55 424.79 582.42 medium_vehicle
657.52 148.19 657.04 153.31 644.73 152.14 645.21 147.02 bus
479.71 529.63 479.78 533.24 472.33 533.37 472.26 529.76 medium_vehicle
206.8 590.08 234.73 607.6 207.51 650.99 179.58 633.47 large_aircraft
450.46 591.6 450.48 595.73 445.58 595.75 445.56 591.62 medium_vehicle
450.3 586.11 450.31 590.24 445.68 590.25 445.67 586.12 medium_vehicle
121.06 557.52 132.1 557.18 132.69 575.97 121.65 576.31 small_aircraft
786.8 1201.83 794.45 1201.91 794.3 1215.37 786.65 1215.29 small_aircraft
73.12 538.94 85.38 529.57 92.34 538.66 80.08 548.03 small_aircraft
951.75 346.49 951.82 350.08 944.61 350.21 944.54 346.62 medium_vehicle
743.79 139.01 743.87 143.64 731.67 143.85 731.59 139.22 bus
449.28 788.54 449.35 792.95 440.06 793.12 439.99 788.71 medium_vehicle
465.78 758.51 465.85 762.64 456.62 762.81 456.55 758.68 medium_vehicle
109.33 694.2 133.88 711.91 119.69 731.59 95.14 713.88 large_aircraft
