169.44 1102.53 172.58 1102.29 172.96 1107.17 169.82 1107.41 small_vessel
1226.57 544.7 1236.59 546.99 1235.72 550.79 1225.7 548.5 large_vehicle
941.78 866.32 949.58 866.27 949.61 871.37 941.81 871.42 medium_vehicle
992.34 860.2 1001.49 859.6 1001.78 863.89 992.63 864.49 medium_vehicle
177.46 1088.0 183.5 1091.61 181.54 1094.89 175.5 1091.28 small_vessel
188.97 1115.88 191.27 1118.55 188.09 1121.28 185.79 1118.61 small_vessel
1273.68 458.4 1281.34 459.37 1280.31 467.6 1272.65 466.63 large_vessel
184.4 1116.4 189.18 1115.12 189.8 1117.42 185.02 1118.7 small_vessel
1262.41 418.15 1285.61 425.11 1282.18 436.51 1258.98 429.55 large_vessel
1255.65 365.87 1282.28 377.95 1278.1 387.14 1251.47 375.06 large_vessel
1264.75 432.84 1282.04 435.14 1280.71 445.1 1263.42 442.8 large_vessel
1225.92 541.47 1237.11 544.03 1236.15 548.18 1224.96 545.62 large_vehicle
1273.3 335.96 1278.8 338.88 1273.06 349.67 1267.56 346.75 medium_vessel
943.48 869.51 951.0 869.48 951.03 874.21 943.51 874.24 medium_vehicle
1225.46 538.28 1236.42 540.79 1235.47 544.95 1224.51 542.44 large_vehicle
1268.12 353.24 1272.66 353.75 1271.84 361.03 1267.3 360.52 small_vessel
181.23 1115.19 185.43 1113.2 186.66 1115.79 182.46 1117.78 small_vessel
282.6 1118.13 286.11 1120.18 282.36 1126.6 278.85 1124.55 medium_vehicle
192.49 1118.27 194.67 1120.49 191.73 1123.39 189.55 1121.17 small_vessel
188.17 1166.58 196.4 1171.07 194.5 1174.56 186.27 1170.07 medium_vessel
1253.83 354.62 1275.22 364.24 1271.63 372.21 1250.24 362.59 medium_vessel
1266.86 443.62 1280.18 442.5 1280.76 449.4 1267.44 450.52 large_vessel
1265.07 428.61 1281.1 431.04 1280.05 437.94 1264.02 435.51 large_vessel
178.74 1083.82 184.51 1087.68 183.23 1089.59 177.46 1085.73 small_vessel
176.0 1106.13 178.24 1107.2 176.55 1110.73 174.31 1109.66 small_vessel
166.21 1101.14 168.6 1100.96 168.98 1105.85 166.59 1106.03 small_vessel
1256.58 374.05 1284.52 386.73 1278.27 400.51 1250.33 387.83 large_vessel
1252.09 394.44 1260.53 392.71 1264.51 412.11 1256.07 413.84 large_vessel
182.66 1109.44 184.49 1111.11 181.78 1114.06 179.95 1112.39 small_vessel
449.75 952.67 453.06 955.6 447.16 962.26 443.85 959.33 medium_vehicle
180.36 1107.2 182.78 1108.61 180.24 1112.98 177.82 1111.57 small_vessel
380.88 1030.87 384.01 1033.51 379.31 1039.1 376.18 1036.46 medium_vehicle
183.32 1074.92 187.7 1078.31 186.36 1080.05 181.98 1076.66 small_vessel
1269.25 450.46 1289.64 448.53 1290.52 457.91 1270.13 459.84 large_vessel
248.92 1151.62 252.1 1153.82 248.18 1159.48 245.0 1157.28 medium_vehicle
