320.92 1225.4 330.43 1225.94 330.15 1230.85 320.64 1230.31 medium_vehicle
826.59 1174.7 836.9 1179.78 834.71 1184.21 824.4 1179.13 large_vehicle
593.28 1247.38 597.58 1247.26 598.01 1262.55 593.71 1262.67 heavy_equipment
1021.58 1087.15 1032.24 1093.3 1022.18 1110.73 1011.52 1104.58 medium_vessel
519.04 1254.34 528.01 1262.57 524.66 1266.22 515.69 1257.99 large_vehicle
385.23 939.17 389.15 942.5 382.64 950.15 378.72 946.82 heavy_equipment
353.69 1232.07 370.22 1244.17 366.94 1248.65 350.41 1236.55 large_vehicle
814.3 1069.4 825.3 1069.4 825.3 1075.3 814.3 1075.3 medium_vessel
333.93 954.65 338.61 955.63 336.94 963.6 332.26 962.62 heavy_equipment
114.88 23.69 119.54 -12.19 260.34 6.09 255.68 41.98 large_vessel
352.66 1239.02 365.36 1248.93 361.82 1253.46 349.12 1243.55 container
888.3 1115.18 912.41 1122.74 909.85 1130.92 885.74 1123.36 large_vessel
308.1 1241.51 316.11 1248.32 312.69 1252.34 304.68 1245.53 large_vehicle
1005.44 1118.35 1017.12 1125.65 993.93 1162.76 982.25 1155.46 large_vessel
1059.81 1015.95 1063.85 1018.47 1059.4 1025.61 1055.36 1023.09 medium_vessel
745.5 1161.2 750.7 1164.59 742.7 1176.86 737.5 1173.47 medium_vessel
843.64 1178.24 855.91 1179.96 855.16 1185.27 842.89 1183.55 heavy_equipment
777.0 1052.31 781.52 1049.64 787.0 1058.89 782.48 1061.56 medium_vessel
329.49 960.53 334.45 959.96 335.5 969.18 330.54 969.75 heavy_equipment
755.0 946.26 774.2 951.37 772.9 956.27 753.7 951.16 medium_vessel
