441.96 910.1 446.47 910.07 446.52 921.28 442.01 921.31 medium_vehicle
429.76 848.31 435.49 848.28 435.56 861.17 429.83 861.2 large_vehicle
211.83 390.43 215.72 387.55 222.79 397.11 218.9 399.99 large_vehicle
211.93 416.42 211.98 411.29 222.25 411.38 222.2 416.51 heavy_equipment
262.44 366.97 267.88 365.94 269.77 375.86 264.33 376.89 heavy_equipment
398.98 436.49 403.72 436.42 403.87 446.66 399.13 446.73 heavy_equipment
213.43 387.97 217.32 385.09 224.39 394.65 220.5 397.53 large_vehicle
406.1 358.94 412.03 357.98 414.82 375.23 408.89 376.19 heavy_equipment
409.66 1025.35 414.38 1025.32 414.43 1034.18 409.71 1034.21 medium_vehicle
427.62 912.01 432.36 911.98 432.43 924.27 427.69 924.3 medium_vehicle
427.36 945.21 431.76 945.18 431.83 956.68 427.43 956.71 medium_vehicle
188.69 461.89 193.73 460.93 195.51 470.3 190.47 471.26 heavy_equipment
210.38 395.69 214.92 392.33 221.84 401.67 217.3 405.03 large_vehicle
930.7 112.37 956.97 119.65 942.03 173.53 915.76 166.25 large_aircraft
396.28 449.93 402.92 449.96 402.85 463.92 396.21 463.89 heavy_equipment
