1204.15 1080.4 1206.24 1077.27 1213.2 1081.91 1211.11 1085.04 medium_vehicle
403.48 826.9 408.76 826.89 408.79 839.75 403.51 839.76 heavy_equipment
398.68 843.0 404.28 842.99 404.31 854.79 398.71 854.8 large_vehicle
156.9 78.58 159.89 78.24 160.65 84.9 157.66 85.24 small_vessel
476.81 1157.91 487.17 1156.42 487.94 1161.75 477.58 1163.24 large_vehicle
107.61 -0.25 110.99 -0.56 111.95 9.99 108.57 10.3 medium_vessel
1189.19 1050.43 1191.54 1047.01 1197.63 1051.19 1195.28 1054.61 medium_vehicle
1240.69 879.23 1242.83 876.26 1248.26 880.16 1246.12 883.13 medium_vehicle
406.61 877.87 413.77 873.54 415.94 877.13 408.78 881.46 medium_vehicle
935.19 959.49 938.38 959.75 937.7 968.15 934.51 967.89 medium_vehicle
1188.35 1090.98 1190.69 1087.57 1196.78 1091.76 1194.44 1095.17 medium_vehicle
929.84 958.03 933.61 958.33 932.83 968.09 929.06 967.79 medium_vehicle
1163.76 267.83 1165.94 264.09 1172.32 267.8 1170.14 271.54 medium_vehicle
1237.43 928.47 1239.23 925.0 1245.89 928.47 1244.09 931.94 medium_vehicle
1197.61 1059.21 1199.71 1055.63 1206.82 1059.8 1204.72 1063.38 medium_vehicle
852.42 1132.21 851.21 1128.74 857.72 1126.49 858.93 1129.96 medium_vehicle
469.22 1095.61 474.96 1095.48 475.23 1107.58 469.49 1107.71 large_vehicle
320.82 97.03 317.88 93.47 325.01 87.59 327.95 91.15 heavy_equipment
1235.72 932.25 1237.69 928.88 1244.16 932.68 1242.19 936.05 medium_vehicle
1202.55 1084.7 1205.02 1080.99 1211.97 1085.63 1209.5 1089.34 medium_vehicle
1122.82 102.37 1126.58 98.84 1132.29 104.94 1128.53 108.47 medium_vehicle
853.26 631.63 862.69 627.99 864.5 632.68 855.07 636.32 large_vehicle
728.73 3.14 745.53 1.7 747.76 27.73 730.96 29.17 small_aircraft
116.04 20.71 118.94 20.02 120.98 28.58 118.08 29.27 medium_vessel
886.05 734.99 891.26 734.84 891.53 744.31 886.32 744.46 large_vehicle
399.39 830.4 403.2 830.39 403.21 839.69 399.4 839.7 heavy_equipment
1201.46 1005.26 1203.85 1002.0 1209.53 1006.14 1207.14 1009.4 medium_vehicle
854.19 1170.55 863.16 1161.14 868.58 1166.31 859.61 1175.72 small_aircraft
396.16 832.51 399.97 832.5 399.98 841.8 396.17 841.81 heavy_equipment
443.49 1024.56 447.08 1024.48 447.31 1034.92 443.72 1035.0 medium_vehicle
836.79 1181.14 828.24 1174.49 834.35 1166.65 842.9 1173.3 small_aircraft
865.65 614.16 874.42 609.34 877.03 614.08 868.26 618.9 large_vehicle
205.46 353.71 210.15 353.6 210.34 361.93 205.65 362.04 medium_vehicle
469.77 1150.39 475.44 1149.81 476.74 1162.67 471.07 1163.25 large_vehicle
850.09 1138.26 848.85 1134.68 859.45 1131.01 860.69 1134.59 large_vehicle
1238.43 924.67 1240.24 921.2 1246.89 924.66 1245.08 928.13 medium_vehicle
117.95 15.77 121.67 15.14 123.46 25.72 119.74 26.35 medium_vessel
699.31 331.06 753.86 324.17 763.58 401.13 709.03 408.02 large_aircraft
414.5 886.78 422.58 888.06 422.03 891.49 413.95 890.21 medium_vehicle
114.58 23.06 118.35 23.29 117.71 34.02 113.94 33.79 medium_vessel
404.46 856.35 412.12 857.24 410.66 869.92 403.0 869.03 heavy_equipment
715.59 16.74 726.49 15.8 728.12 34.85 717.22 35.79 small_aircraft
1133.75 457.43 1137.76 457.4 1137.83 465.88 1133.82 465.91 medium_vehicle
1223.9 971.4 1226.13 968.4 1232.07 972.8 1229.84 975.8 medium_vehicle
932.74 959.6 935.65 959.84 934.97 968.25 932.06 968.01 medium_vehicle
433.5 947.18 443.87 946.29 444.27 950.94 433.9 951.83 large_vehicle
866.59 739.75 872.57 738.86 874.4 751.08 868.42 751.97 large_vehicle
926.99 957.61 930.39 957.89 929.71 966.44 926.31 966.16 medium_vehicle
875.61 738.86 881.72 738.24 882.72 748.08 876.61 748.7 large_vehicle
392.59 837.7 396.67 837.69 396.68 843.7 392.6 843.71 heavy_equipment
1118.58 116.78 1122.89 116.77 1122.9 125.13 1118.59 125.14 medium_vehicle
118.37 33.09 121.96 30.96 128.15 41.39 124.56 43.52 medium_vessel
1215.97 958.99 1219.4 955.03 1225.3 960.16 1221.87 964.12 medium_vehicle
104.63 -0.01 107.61 -0.2 108.18 8.58 105.2 8.77 medium_vessel
827.64 35.49 842.68 34.09 845.05 59.64 830.01 61.04 small_aircraft
316.84 43.0 323.17 43.26 322.63 56.21 316.3 55.95 heavy_equipment
793.05 679.64 764.6 686.63 754.22 644.37 782.67 637.38 large_aircraft
1241.6 875.22 1243.73 872.25 1249.43 876.35 1247.3 879.32 medium_vehicle
748.69 1.04 758.58 0.19 759.6 12.07 749.71 12.92 small_aircraft
890.58 733.71 894.62 733.42 895.36 743.76 891.32 744.05 large_vehicle
898.19 815.34 902.16 815.25 902.43 827.35 898.46 827.44 large_vehicle
