1074.8 1005.1 1085.11 1012.27 1082.43 1016.12 1072.12 1008.95 large_vehicle
1034.52 232.39 1078.14 245.64 1070.98 269.18 1027.36 255.93 large_aircraft
1244.78 472.05 1245.52 475.82 1238.97 477.12 1238.23 473.35 medium_vehicle
78.85 938.07 83.16 931.88 96.82 941.41 92.51 947.6 heavy_equipment
516.16 260.52 526.69 258.74 527.48 263.41 516.95 265.19 container
1202.08 897.47 1247.66 924.74 1234.71 946.38 1189.13 919.11 large_aircraft
1003.75 72.01 1072.09 91.35 1063.81 120.6 995.47 101.26 large_aircraft
1201.74 343.76 1205.9 344.0 1205.42 352.29 1201.26 352.05 large_vehicle
1240.59 468.4 1242.89 471.48 1237.16 475.76 1234.86 472.68 medium_vehicle
31.74 1186.2 35.18 1187.85 31.45 1195.67 28.01 1194.02 large_vehicle
1161.36 983.09 1192.12 1030.09 1146.44 1059.99 1115.68 1012.99 large_aircraft
1054.44 577.71 1058.94 578.11 1058.19 586.7 1053.69 586.3 medium_vehicle
1245.26 473.84 1247.49 476.96 1242.05 480.86 1239.82 477.74 medium_vehicle
1118.92 787.08 1170.5 805.85 1162.56 827.65 1110.98 808.88 large_aircraft
1102.28 808.85 1151.57 832.89 1141.4 853.74 1092.11 829.7 large_aircraft
1188.0 339.99 1192.15 340.37 1191.36 349.06 1187.21 348.68 large_vehicle
17.21 1166.11 20.74 1167.56 17.82 1174.64 14.29 1173.19 medium_vehicle
10.85 1176.64 14.18 1178.5 10.44 1185.19 7.11 1183.33 medium_vehicle
1029.76 258.9 1073.92 269.91 1068.82 290.39 1024.66 279.38 large_aircraft
1079.56 964.61 1099.92 1000.44 1070.62 1017.08 1050.26 981.25 large_aircraft
1236.17 467.3 1239.13 469.75 1234.58 475.26 1231.62 472.81 medium_vehicle
1034.7 205.47 1078.63 219.07 1070.96 243.86 1027.03 230.26 large_aircraft
1214.57 1035.9 1223.48 1031.12 1226.15 1036.09 1217.24 1040.87 medium_vehicle
1041.35 554.4 1052.18 554.43 1052.15 562.42 1041.32 562.39 small_aircraft
29.89 1139.87 33.77 1141.94 29.76 1149.49 25.88 1147.42 large_vehicle
1031.53 283.05 1076.97 292.87 1072.21 314.86 1026.77 305.04 large_aircraft
418.82 605.11 422.44 615.58 417.73 617.2 414.11 606.73 large_vehicle
998.21 619.49 1039.93 640.84 1030.4 659.45 988.68 638.1 large_aircraft
1206.38 345.38 1210.55 345.62 1210.07 353.91 1205.9 353.67 large_vehicle
1231.61 465.78 1234.65 468.13 1230.26 473.79 1227.22 471.44 medium_vehicle
1192.84 341.26 1197.0 341.5 1196.5 350.21 1192.34 349.97 large_vehicle
1036.59 1025.09 1042.96 1017.53 1046.81 1020.77 1040.44 1028.33 medium_vehicle
1022.54 160.04 1092.2 181.61 1081.22 217.08 1011.56 195.51 large_aircraft
1055.08 107.39 1096.39 117.46 1091.45 137.75 1050.14 127.68 large_aircraft
1035.59 136.65 1087.38 151.5 1080.88 174.14 1029.09 159.29 large_aircraft
33.86 1141.55 36.76 1143.1 33.16 1149.87 30.26 1148.32 medium_vehicle
