1183.04 421.73 1210.59 431.76 1207.71 439.66 1180.16 429.63 double_trailer_truck
1121.56 129.53 1127.23 131.79 1118.05 154.73 1112.38 152.47 double_trailer_truck
1121.25 313.16 1127.84 316.15 1121.46 330.21 1114.87 327.22 medium_vessel
874.88 154.46 902.49 158.15 901.63 164.59 874.02 160.9 large_vehicle
820.4 899.1 826.56 901.39 818.14 924.04 811.98 921.75 large_vehicle
1041.59 282.59 1046.28 285.74 1033.97 304.06 1029.28 300.91 large_vehicle
958.22 238.83 964.24 238.29 966.31 261.42 960.29 261.96 double_trailer_truck
1209.59 242.92 1213.59 245.22 1207.21 256.32 1203.21 254.02 small_vessel
1098.13 1104.11 1110.52 1105.87 1109.55 1112.7 1097.16 1110.94 heavy_equipment
377.92 552.39 387.87 556.9 385.81 561.45 375.86 556.94 container
602.19 1195.33 621.33 1206.08 618.19 1211.67 599.05 1200.92 large_vehicle
1014.13 275.04 1019.44 277.38 1009.43 300.07 1004.12 297.73 double_trailer_truck
618.04 412.04 614.7 416.4 597.14 402.97 600.48 398.61 large_vehicle
1053.85 296.94 1060.29 301.46 1049.86 316.31 1043.42 311.79 medium_vessel
593.96 508.53 615.76 520.87 612.46 526.69 590.66 514.35 large_vehicle
1208.51 414.7 1235.93 419.98 1234.79 425.88 1207.37 420.6 large_vehicle
781.14 173.12 785.91 175.49 777.54 192.35 772.77 189.98 large_vehicle
484.23 403.55 493.61 408.27 491.4 412.64 482.02 407.92 container
531.94 523.84 550.0 535.26 547.36 539.42 529.3 528.0 large_vehicle
819.52 143.38 842.18 146.41 841.27 153.18 818.61 150.15 large_vehicle
552.41 509.41 570.4 520.61 567.41 525.41 549.42 514.21 large_vehicle
1017.91 795.33 1039.29 808.74 1036.7 812.86 1015.32 799.45 large_vehicle
1087.29 134.42 1092.6 137.21 1081.58 158.21 1076.27 155.42 double_trailer_truck
1118.02 101.33 1123.33 104.53 1110.09 126.48 1104.78 123.28 double_trailer_truck
1000.27 288.9 1006.69 275.96 1011.97 278.58 1005.55 291.52 medium_vessel
1068.67 301.88 1075.8 306.78 1065.81 321.3 1058.68 316.4 medium_vessel
629.09 400.59 626.83 405.45 605.08 395.3 607.34 390.44 large_vehicle
574.11 448.49 571.74 453.65 550.6 443.97 552.97 438.81 large_vehicle
568.02 565.51 587.33 576.44 584.38 581.64 565.07 570.71 large_vehicle
369.99 559.93 379.29 565.21 376.71 569.74 367.41 564.46 container
790.44 113.05 795.42 115.5 784.2 138.3 779.22 135.85 double_trailer_truck
879.37 162.14 908.9 167.88 907.6 174.59 878.07 168.85 large_vehicle
573.57 561.34 591.57 571.52 588.63 576.72 570.63 566.54 large_vehicle
1056.16 255.42 1060.76 257.9 1050.06 277.77 1045.46 275.29 double_trailer_truck
1137.06 100.89 1143.12 104.22 1129.3 129.36 1123.24 126.03 double_trailer_truck
557.04 504.54 578.84 518.1 575.72 523.12 553.92 509.56 large_vehicle
819.42 82.62 824.63 85.26 814.79 104.67 809.58 102.03 large_vehicle
621.3 577.97 643.35 590.04 640.22 595.76 618.17 583.69 large_vehicle
577.68 538.83 594.83 550.32 591.42 555.41 574.27 543.92 large_vehicle
648.92 347.63 652.12 351.13 637.31 364.66 634.11 361.16 large_vehicle
583.12 434.78 581.25 439.5 559.15 430.75 561.02 426.03 large_vehicle
625.51 588.71 650.89 602.61 648.18 607.57 622.8 593.67 double_trailer_truck
1026.32 305.07 1031.18 307.91 1021.66 324.2 1016.8 321.36 large_vehicle
611.36 330.69 614.55 333.82 599.6 349.03 596.41 345.9 large_vehicle
621.75 592.72 647.81 606.98 644.88 612.33 618.82 598.07 double_trailer_truck
674.23 617.38 695.91 631.25 692.83 636.07 671.15 622.2 large_vehicle
560.72 461.8 558.86 466.63 535.66 457.72 537.52 452.89 large_vehicle
672.73 381.79 676.78 386.38 667.76 394.36 663.71 389.77 medium_vehicle
528.32 527.1 546.05 538.31 543.42 542.48 525.69 531.27 large_vehicle
1078.18 306.87 1084.61 310.19 1076.53 325.85 1070.1 322.53 medium_vessel
520.37 1186.95 540.49 1199.77 536.5 1206.02 516.38 1193.2 large_vehicle
1022.66 199.4 1049.93 200.64 1049.63 207.27 1022.36 206.03 large_vehicle
621.23 336.07 624.1 339.51 608.45 352.55 605.58 349.11 large_vehicle
839.22 867.95 845.24 871.15 834.51 891.33 828.49 888.13 large_vehicle
1140.65 118.98 1147.1 122.69 1138.56 137.56 1132.11 133.85 medium_vessel
806.84 104.57 812.24 106.8 803.35 128.38 797.95 126.15 large_vehicle
538.37 518.74 560.5 531.27 556.93 537.59 534.8 525.06 large_vehicle
1023.53 204.7 1048.42 205.83 1048.12 212.47 1023.23 211.34 large_vehicle
579.87 438.52 578.0 443.24 555.42 434.3 557.29 429.58 large_vehicle
542.56 1201.07 561.35 1213.04 557.75 1218.69 538.96 1206.72 large_vehicle
1017.21 322.34 1021.84 325.13 1012.19 341.12 1007.56 338.33 large_vehicle
989.27 274.86 994.59 278.38 980.16 300.19 974.84 296.67 double_trailer_truck
472.8 1157.65 493.14 1170.6 489.44 1176.4 469.1 1163.45 large_vehicle
587.78 430.99 585.91 435.71 565.29 427.54 567.16 422.82 large_vehicle
500.49 376.68 510.44 378.28 509.82 382.15 499.87 380.55 container
563.35 569.53 584.2 581.33 581.21 586.62 560.36 574.82 large_vehicle
796.32 127.8 801.74 129.99 794.67 147.49 789.25 145.3 large_vehicle
1006.78 248.04 1011.3 251.33 998.64 268.7 994.12 265.41 large_vehicle
1003.19 805.95 1019.25 820.67 1015.31 824.97 999.25 810.25 large_vehicle
561.35 499.5 578.87 510.4 575.75 515.41 558.23 504.51 large_vehicle
1080.45 137.2 1085.03 139.61 1074.66 159.36 1070.08 156.95 double_trailer_truck
721.3 351.43 725.97 356.7 717.43 364.26 712.76 358.99 medium_vehicle
599.99 424.12 598.02 429.1 575.69 420.26 577.66 415.28 large_vehicle
498.1 379.93 508.06 380.78 507.73 384.67 497.77 383.82 container
671.11 622.16 692.95 635.76 689.57 641.19 667.73 627.59 container
1012.25 798.44 1033.18 811.93 1029.76 817.23 1008.83 803.74 large_vehicle
678.87 1237.37 699.92 1249.77 696.37 1255.8 675.32 1243.4 large_vehicle
511.68 543.64 534.49 558.06 530.95 563.66 508.14 549.24 large_vehicle
686.61 767.98 710.91 777.07 708.17 784.39 683.87 775.3 large_vehicle
1044.95 299.4 1050.63 303.39 1041.44 316.46 1035.76 312.47 medium_vessel
815.3 169.27 841.96 170.06 841.73 177.79 815.07 177.0 large_vehicle
655.14 627.52 678.59 638.11 675.78 644.35 652.33 633.76 large_vehicle
1184.81 282.21 1191.98 286.19 1182.0 304.12 1174.83 300.14 medium_vessel
811.67 146.16 836.31 151.45 834.44 160.16 809.8 154.87 large_vehicle
1130.43 314.99 1137.09 317.83 1131.04 332.04 1124.38 329.2 medium_vessel
1047.68 221.53 1053.67 223.74 1044.35 249.08 1038.36 246.87 double_trailer_truck
754.84 181.59 759.75 183.68 751.22 203.68 746.31 201.59 large_vehicle
1007.52 340.82 1012.78 341.91 1008.7 361.43 1003.44 360.34 large_vehicle
587.32 323.31 590.96 326.05 577.46 343.97 573.82 341.23 large_vehicle
982.35 270.51 987.47 273.07 975.88 296.32 970.76 293.76 double_trailer_truck
626.16 340.06 629.61 343.31 615.86 357.9 612.41 354.65 large_vehicle
992.96 326.92 999.03 329.27 991.56 348.54 985.49 346.19 large_vehicle
803.09 127.93 808.38 130.39 799.38 149.77 794.09 147.31 large_vehicle
486.84 401.88 495.88 405.22 494.49 408.97 485.45 405.63 container
633.61 573.19 658.1 587.44 654.69 593.3 630.2 579.05 double_trailer_truck
1241.46 323.34 1253.22 326.63 1251.92 331.27 1240.16 327.98 small_vessel
812.08 900.83 818.47 903.21 809.89 926.26 803.5 923.88 large_vehicle
547.55 514.1 566.52 525.91 563.17 531.28 544.2 519.47 large_vehicle
1067.1 277.57 1108.01 288.84 1102.45 309.01 1061.54 297.74 large_vessel
593.8 427.92 591.93 432.65 569.65 423.83 571.52 419.1 large_vehicle
578.89 443.21 576.96 448.09 553.79 438.92 555.72 434.04 large_vehicle
830.62 892.85 836.69 895.74 826.61 916.87 820.54 913.98 large_vehicle
580.93 1181.67 599.74 1193.65 596.56 1198.65 577.75 1186.67 large_vehicle
1174.86 302.83 1181.19 306.35 1170.75 325.11 1164.42 321.59 medium_vessel
497.1 1171.72 517.23 1184.55 513.24 1190.81 493.11 1177.98 large_vehicle
628.31 407.75 625.95 412.19 604.35 400.7 606.71 396.26 large_vehicle
1250.71 320.58 1261.23 323.51 1259.94 328.15 1249.42 325.22 small_vessel
601.04 330.93 604.61 333.75 592.82 348.69 589.25 345.87 large_vehicle
1015.3 261.21 1020.11 251.51 1025.38 254.12 1020.57 263.82 medium_vessel
806.77 663.71 831.88 677.8 828.8 683.29 803.69 669.2 double_trailer_truck
629.8 1211.23 649.9 1222.52 646.76 1228.11 626.66 1216.82 large_vehicle
1189.35 263.35 1195.35 266.8 1186.57 282.07 1180.57 278.62 medium_vessel
1008.05 245.99 1020.69 225.11 1025.81 228.21 1013.17 249.09 double_trailer_truck
726.76 234.43 731.55 236.83 721.55 256.7 716.76 254.3 large_vehicle
1197.5 263.13 1202.7 266.12 1192.53 283.79 1187.33 280.8 medium_vessel
593.13 326.47 596.77 329.21 583.27 347.13 579.63 344.39 large_vehicle
771.18 179.85 776.6 182.62 765.56 204.21 760.14 201.44 double_trailer_truck
577.49 322.95 580.98 325.46 571.74 338.32 568.25 335.81 large_vehicle
852.14 877.24 858.52 879.66 850.21 901.52 843.83 899.1 large_vehicle
997.93 248.18 1003.25 251.7 988.82 273.51 983.5 269.99 double_trailer_truck
773.16 161.89 778.81 165.04 764.72 190.34 759.07 187.19 double_trailer_truck
1006.96 803.41 1028.79 814.44 1025.95 820.07 1004.12 809.04 large_vehicle
842.35 152.93 869.97 156.62 869.11 163.06 841.49 159.37 large_vehicle
987.14 326.62 992.26 329.18 980.67 352.44 975.55 349.88 double_trailer_truck
523.99 530.51 542.12 541.97 539.31 546.42 521.18 534.96 large_vehicle
845.46 147.73 873.07 151.42 872.21 157.86 844.6 154.17 large_vehicle
537.75 474.47 536.13 481.06 512.34 475.22 513.96 468.63 large_vehicle
1061.3 300.59 1066.76 304.73 1056.12 318.79 1050.66 314.65 medium_vessel
1017.42 241.53 1029.51 223.53 1035.02 227.24 1022.93 245.24 large_vehicle
824.54 85.98 829.84 88.44 820.35 108.9 815.05 106.44 large_vehicle
605.98 422.22 603.44 426.93 583.08 415.93 585.62 411.22 large_vehicle
565.13 458.83 562.47 462.74 542.56 449.21 545.22 445.3 large_vehicle
1086.6 150.95 1091.59 153.77 1080.69 173.04 1075.7 170.22 large_vehicle
630.05 395.03 627.84 399.86 606.31 390.01 608.52 385.18 large_vehicle
506.13 374.24 515.91 377.02 514.71 381.26 504.93 378.48 container
495.62 386.24 505.45 388.03 504.62 392.55 494.79 390.76 container
811.43 109.64 816.72 112.1 808.52 129.76 803.23 127.3 large_vehicle
568.06 495.02 586.81 505.63 583.9 510.78 565.15 500.17 large_vehicle
496.8 383.18 506.73 384.26 506.3 388.14 496.37 387.06 container
1090.16 190.66 1095.75 193.63 1083.46 216.74 1077.87 213.77 double_trailer_truck
757.01 498.41 775.08 508.22 772.06 513.8 753.99 503.99 container
995.29 807.28 1012.61 823.15 1008.67 827.44 991.35 811.57 large_vehicle
513.29 534.54 538.7 550.61 534.41 557.4 509.0 541.33 double_trailer_truck
848.24 870.57 854.38 874.49 841.33 894.9 835.19 890.98 double_trailer_truck
764.67 203.28 769.49 205.54 760.17 225.44 755.35 223.18 large_vehicle
623.65 572.35 648.5 586.81 645.5 591.96 620.65 577.5 double_trailer_truck
1016.04 186.58 1026.85 177.92 1030.56 182.54 1019.75 191.2 container
838.95 893.15 844.77 895.88 834.21 918.31 828.39 915.58 large_vehicle
666.64 625.3 688.74 638.48 684.94 644.85 662.84 631.67 large_vehicle
1229.32 200.97 1236.02 204.82 1225.85 222.5 1219.15 218.65 medium_vessel
949.15 736.4 969.79 749.55 965.89 755.68 945.25 742.53 large_vehicle
1024.09 791.74 1046.19 804.97 1043.08 810.17 1020.98 796.94 large_vehicle
566.64 453.29 563.64 457.59 545.69 445.07 548.69 440.77 large_vehicle
381.0 548.25 390.67 552.35 388.67 557.06 379.0 552.96 container
651.69 377.32 649.14 381.98 628.33 370.63 630.88 365.97 large_vehicle
1009.83 252.95 1015.23 256.34 1001.89 277.61 996.49 274.22 double_trailer_truck
91.19 1179.63 102.69 1180.86 102.05 1186.82 90.55 1185.59 medium_vehicle
374.64 556.25 384.75 560.52 382.57 565.68 372.46 561.41 container
