549.5 949.51 555.09 940.29 576.41 953.21 570.82 962.43 medium_vessel
356.99 1015.91 385.01 1012.12 385.87 1018.47 357.85 1022.26 large_vehicle
393.17 1135.53 419.08 1124.32 422.19 1131.53 396.28 1142.74 large_vehicle
541.46 1230.15 569.97 1217.46 573.1 1224.5 544.59 1237.19 double_trailer_truck
374.2 1053.12 400.99 1048.92 402.07 1055.84 375.28 1060.04 large_vehicle
363.15 1021.41 390.82 1018.11 391.43 1023.23 363.76 1026.53 large_vehicle
423.58 1164.1 445.56 1150.58 449.43 1156.88 427.45 1170.4 large_vehicle
455.27 1187.06 476.5 1172.74 480.39 1178.5 459.16 1192.82 large_vehicle
389.38 1133.81 413.97 1119.9 417.08 1125.39 392.49 1139.3 large_vehicle
191.48 998.47 217.07 1013.31 213.69 1019.13 188.1 1004.29 double_trailer_truck
452.27 1218.28 459.13 1195.97 466.2 1198.14 459.34 1220.45 large_vehicle
278.36 1064.76 305.35 1055.68 307.94 1063.37 280.95 1072.45 large_vehicle
445.15 1179.76 470.99 1164.96 474.86 1171.73 449.02 1186.53 double_trailer_truck
506.98 1233.34 529.68 1220.29 533.74 1227.35 511.04 1240.4 large_vehicle
206.85 982.63 225.87 997.81 221.55 1003.22 202.53 988.04 large_vehicle
360.55 1061.68 389.23 1057.19 390.35 1064.32 361.67 1068.81 large_vehicle
371.81 1029.57 398.47 1026.48 399.15 1032.36 372.49 1035.45 large_vehicle
383.27 1130.54 407.04 1118.17 410.11 1124.06 386.34 1136.43 large_vehicle
360.8 1077.2 385.3 1077.2 385.3 1084.05 360.8 1084.05 large_vehicle
555.4 1243.76 585.07 1244.43 584.89 1252.31 555.22 1251.64 large_vehicle
355.53 1083.66 387.44 1083.21 387.55 1090.77 355.64 1091.22 double_trailer_truck
407.38 1148.96 431.47 1138.39 434.32 1144.9 410.23 1155.47 large_vehicle
462.61 1260.62 487.39 1247.77 491.09 1254.9 466.31 1267.75 large_vehicle
295.12 1075.76 321.75 1063.12 324.39 1068.68 297.76 1081.32 large_vehicle
432.7 1168.77 451.23 1155.5 455.58 1161.56 437.05 1174.83 large_vehicle
514.13 1006.91 518.84 1011.54 508.83 1021.72 504.12 1017.09 medium_vessel
297.69 1079.88 327.55 1067.33 330.17 1073.57 300.31 1086.12 double_trailer_truck
411.25 1155.6 434.26 1141.45 437.65 1146.95 414.64 1161.1 large_vehicle
439.29 1200.92 466.11 1183.17 471.3 1191.01 444.48 1208.76 double_trailer_truck
1139.11 974.38 1177.79 995.12 1095.49 1148.63 1056.81 1127.89 large_vessel
286.87 1072.68 316.73 1060.13 319.57 1066.88 289.71 1079.43 double_trailer_truck
401.46 1142.76 424.77 1129.57 428.36 1135.92 405.05 1149.11 large_vehicle
333.3 1006.63 360.06 998.04 361.96 1003.97 335.2 1012.56 double_trailer_truck
379.4 1126.46 404.58 1114.88 407.36 1120.93 382.18 1132.51 large_vehicle
385.62 1123.17 387.81 1100.81 394.08 1101.42 391.89 1123.78 large_vehicle
1254.22 904.41 1292.12 924.73 1210.44 1077.06 1172.54 1056.74 large_vessel
380.91 1042.41 406.79 1035.28 408.65 1042.02 382.77 1049.15 large_vehicle
415.47 1159.64 439.66 1144.76 443.54 1151.07 419.35 1165.95 large_vehicle
379.31 1117.03 380.62 1093.59 386.91 1093.94 385.6 1117.38 large_vehicle
361.72 1026.04 389.21 1022.32 389.93 1027.65 362.44 1031.37 large_vehicle
346.8 1010.73 368.34 1006.19 369.74 1012.86 348.2 1017.4 large_vehicle
473.96 996.85 492.23 1007.57 489.23 1012.7 470.96 1001.98 container
374.38 1036.13 400.5 1031.24 401.78 1038.06 375.66 1042.95 large_vehicle
501.09 1231.01 525.3 1217.09 529.36 1224.14 505.15 1238.06 large_vehicle
300.8 1086.46 329.25 1073.01 332.53 1079.95 304.08 1093.4 double_trailer_truck
367.52 1066.77 400.19 1066.03 400.37 1073.92 367.7 1074.66 double_trailer_truck
964.03 1015.95 993.65 1088.52 637.04 1234.04 607.42 1161.47 large_vessel
217.69 977.08 232.91 989.76 228.39 995.2 213.17 982.52 large_vehicle
