157.64 407.83 161.35 393.56 204.69 404.85 200.98 419.12 large_vessel
48.14 865.98 61.71 868.71 60.52 874.6 46.95 871.87 medium_vehicle
130.22 351.8 115.5 344.99 137.33 297.74 152.05 304.55 large_vessel
81.95 444.65 73.41 439.68 90.72 409.93 99.26 414.9 large_vessel
106.08 395.36 108.99 384.18 141.97 392.77 139.06 403.95 medium_vessel
18.43 564.36 1.75 556.22 31.56 495.09 48.24 503.23 large_vessel
179.2 285.35 164.99 278.78 186.61 231.99 200.82 238.56 large_vessel
41.56 416.63 30.09 412.88 32.06 406.84 43.53 410.59 medium_vehicle
48.75 487.1 41.22 482.72 58.77 452.56 66.3 456.94 large_vessel
73.05 441.69 65.4 437.24 82.39 408.05 90.04 412.5 large_vessel
22.13 1129.09 33.56 1131.14 32.47 1137.21 21.04 1135.16 small_vessel
166.18 281.67 151.29 274.79 174.89 223.73 189.78 230.61 large_vessel
78.76 1167.51 67.75 1161.1 92.45 1118.65 103.46 1125.06 large_vessel
82.84 1115.39 70.58 1108.25 96.49 1063.74 108.75 1070.88 large_vessel
105.84 1114.58 97.73 1109.86 117.49 1075.92 125.6 1080.64 large_vessel
229.05 163.47 214.54 156.01 238.1 110.17 252.61 117.63 large_vessel
5.86 430.48 2.64 436.9 -1.19 434.98 2.02 428.56 small_vehicle
205.54 209.1 192.21 202.95 213.31 157.3 226.64 163.45 large_vessel
57.55 490.49 49.02 485.52 66.56 455.39 75.09 460.36 large_vessel
