465.21 760.28 472.2 758.65 476.59 777.53 469.6 779.16 large_vehicle
473.37 754.08 478.4 751.95 488.9 776.68 483.87 778.81 double_trailer_truck
997.94 277.95 1001.69 273.91 1011.54 283.07 1007.79 287.11 large_vehicle
1015.95 37.14 1021.48 40.88 1019.6 43.67 1014.07 39.93 small_vehicle
426.6 138.84 421.22 131.49 425.94 128.03 431.32 135.38 small_vehicle
891.62 64.34 887.0 57.47 904.13 45.96 908.75 52.83 large_vehicle
1169.49 932.26 1164.5 927.57 1167.38 924.51 1172.37 929.2 small_vehicle
891.59 84.54 887.52 77.04 913.35 63.01 917.42 70.51 double_trailer_truck
926.39 71.4 932.42 73.71 927.32 87.06 921.29 84.75 heavy_equipment
434.46 136.3 427.89 127.33 432.62 123.87 439.19 132.84 medium_vehicle
660.78 678.37 652.68 676.49 653.63 672.38 661.73 674.26 small_vehicle
392.99 755.21 394.02 748.38 420.39 752.37 419.36 759.2 large_vehicle
1121.97 851.58 1128.83 857.41 1125.52 861.3 1118.66 855.47 medium_vehicle
224.52 600.86 224.79 592.42 252.17 593.28 251.9 601.72 large_vehicle
238.42 682.37 238.53 677.07 266.21 677.65 266.1 682.95 large_vehicle
288.25 256.73 276.58 256.38 276.78 249.62 288.45 249.97 medium_vehicle
455.44 755.89 461.25 754.54 466.67 777.83 460.86 779.18 double_trailer_truck
280.22 607.29 272.16 607.01 272.34 601.98 280.4 602.26 small_vehicle
474.41 274.16 479.6 268.16 493.99 280.58 488.8 286.58 large_vehicle
298.15 611.47 289.05 611.15 289.23 606.11 298.33 606.43 small_vehicle
237.87 690.86 238.07 681.28 265.75 681.86 265.55 691.44 large_vehicle
514.14 645.5 506.49 645.25 506.65 640.41 514.3 640.66 small_vehicle
395.45 750.03 396.33 744.25 422.59 748.22 421.71 754.0 large_vehicle
473.73 666.81 505.11 670.55 504.06 679.3 472.68 675.56 double_trailer_truck
502.3 555.58 505.03 550.74 518.77 558.49 516.04 563.33 medium_vehicle
1173.95 931.12 1167.89 925.42 1171.96 921.09 1178.02 926.79 small_vehicle
254.24 161.98 243.73 158.34 245.79 152.41 256.3 156.05 medium_vehicle
284.6 309.05 297.95 295.47 303.33 300.77 289.98 314.35 large_vehicle
494.71 568.17 496.27 561.43 510.9 564.84 509.34 571.58 medium_vehicle
1043.51 803.85 1050.37 808.47 1047.21 813.15 1040.35 808.53 small_vehicle
856.65 731.81 864.59 734.56 862.84 739.6 854.9 736.85 small_vehicle
1011.49 194.78 1006.61 188.79 1034.92 165.71 1039.8 171.7 double_trailer_truck
498.71 560.41 501.69 555.12 515.0 562.62 512.02 567.91 medium_vehicle
646.11 669.49 637.1 667.4 638.17 662.84 647.18 664.93 small_vehicle
350.95 169.67 357.14 167.7 361.78 182.24 355.59 184.21 medium_vehicle
684.44 500.12 687.35 500.28 687.04 505.76 684.13 505.6 small_vehicle
682.83 493.98 684.9 473.66 690.42 474.22 688.35 494.54 container
787.21 709.87 789.36 703.33 808.63 709.67 806.48 716.21 large_vehicle
