980.99 1168.74 974.8 1185.55 970.23 1183.86 976.42 1167.05 container
974.75 1199.84 966.08 1216.86 961.28 1214.42 969.95 1197.4 container
955.52 1195.25 946.87 1212.22 942.22 1209.85 950.87 1192.88 container
969.31 1165.34 962.15 1184.78 956.48 1182.69 963.64 1163.25 container
971.7 1165.92 964.79 1184.71 961.07 1183.35 967.98 1164.56 container
988.99 1170.11 981.92 1189.33 974.36 1186.55 981.43 1167.33 container
191.89 1055.18 196.68 1056.79 190.87 1074.06 186.08 1072.45 large_vehicle
990.58 1120.51 994.02 1122.26 985.27 1139.44 981.83 1137.69 container
976.92 1166.22 969.85 1185.43 964.96 1183.64 972.03 1164.43 container
997.44 1122.24 1000.88 1123.99 992.13 1141.17 988.69 1139.42 container
964.16 1195.81 953.23 1217.27 948.58 1214.9 959.51 1193.44 container
1001.25 1122.64 1004.96 1124.53 996.21 1141.71 992.5 1139.82 container
960.12 1194.41 949.48 1215.3 944.83 1212.93 955.47 1192.04 container
78.53 1280.36 90.25 1259.04 96.21 1262.32 84.49 1283.64 large_vehicle
975.6 1183.53 968.21 1198.03 963.56 1195.66 970.95 1181.16 container
1113.83 898.52 1116.57 916.04 1112.17 916.73 1109.43 899.21 container
1118.39 897.35 1121.27 915.7 1116.45 916.46 1113.57 898.11 container
621.51 808.69 653.32 824.55 599.01 933.48 567.2 917.62 large_vessel
1010.07 1124.19 1015.36 1126.88 1006.61 1144.06 1001.32 1141.37 container
320.56 1215.15 347.18 1221.25 345.5 1228.59 318.88 1222.49 large_vehicle
116.24 333.18 129.68 322.52 177.65 383.04 164.21 393.7 large_vessel
1122.59 896.95 1125.4 914.9 1121.03 915.59 1118.22 897.64 container
228.2 897.6 259.21 914.36 174.82 1070.44 143.81 1053.68 large_vessel
367.33 1260.78 373.5 1264.62 363.95 1279.96 357.78 1276.12 large_vehicle
969.74 1198.18 959.69 1217.88 954.55 1215.26 964.6 1195.56 container
136.58 1063.9 168.88 1081.37 107.39 1195.08 75.09 1177.61 large_vessel
1126.55 896.23 1129.26 913.53 1125.13 914.18 1122.42 896.88 container
880.85 983.21 899.47 987.47 897.79 994.81 879.17 990.55 medium_vehicle
994.19 1121.11 997.62 1122.86 988.87 1140.04 985.44 1138.29 container
75.55 1189.24 106.04 1205.73 57.66 1295.22 27.17 1278.73 large_vessel
1005.55 1123.24 1009.65 1125.33 1000.9 1142.51 996.8 1140.42 container
982.3 1186.63 975.53 1199.92 970.88 1197.55 977.65 1184.26 container
225.06 297.65 255.7 278.21 330.31 395.78 299.67 415.22 large_vessel
1151.59 911.3 1153.0 916.08 1144.76 918.52 1143.35 913.74 small_vehicle
951.19 1193.99 941.76 1212.49 937.12 1210.13 946.55 1191.63 container
