813.57 227.68 825.03 222.26 827.4 227.28 815.94 232.7 medium_vehicle
796.26 531.16 807.63 560.31 800.1 563.25 788.73 534.1 large_vehicle
914.11 1250.35 923.35 1211.24 930.31 1212.89 921.07 1252.0 double_trailer_truck
1265.31 800.91 1275.1 804.77 1273.21 809.57 1263.42 805.71 medium_vehicle
669.78 1028.48 683.83 1030.58 682.97 1036.31 668.92 1034.21 medium_vehicle
1.89 309.96 18.1 315.83 16.26 320.9 0.05 315.03 medium_vehicle
884.66 307.68 902.02 303.7 903.38 309.65 886.02 313.63 medium_vehicle
1261.33 811.52 1271.45 814.45 1269.91 819.75 1259.79 816.82 medium_vehicle
897.24 1242.88 904.89 1204.57 912.11 1206.01 904.46 1244.32 double_trailer_truck
760.42 164.98 790.11 151.64 793.23 158.58 763.54 171.92 large_vehicle
884.51 321.72 902.02 321.17 902.2 326.97 884.69 327.52 medium_vehicle
778.2 182.45 810.36 172.68 812.95 181.21 780.79 190.98 double_trailer_truck
798.13 151.51 831.41 134.92 834.27 140.66 800.99 157.25 double_trailer_truck
909.14 1247.0 916.63 1208.5 923.99 1209.93 916.5 1248.43 double_trailer_truck
1134.25 62.38 1160.36 45.04 1164.24 50.88 1138.13 68.22 large_vehicle
913.71 1271.78 923.69 1234.26 930.26 1236.01 920.28 1273.53 double_trailer_truck
812.08 172.09 839.51 158.48 842.77 165.04 815.34 178.65 large_vehicle
794.01 159.47 825.75 145.0 828.9 151.92 797.16 166.39 double_trailer_truck
868.52 318.74 883.11 318.28 883.27 323.48 868.68 323.94 medium_vehicle
903.15 1243.33 912.2 1204.45 918.98 1206.02 909.93 1244.9 double_trailer_truck
884.8 315.45 902.05 314.15 902.47 319.76 885.22 321.06 medium_vehicle
889.05 1204.51 896.79 1205.68 894.15 1223.14 886.41 1221.97 heavy_equipment
934.26 1241.02 927.61 1269.59 921.72 1268.22 928.37 1239.65 large_vehicle
