27.46 1107.06 31.84 1187.86 4.01 1189.36 -0.36 1108.56 large_vessel
221.96 1087.13 223.76 1111.08 213.15 1111.88 211.35 1087.93 medium_vessel
231.36 1217.0 257.63 1216.08 257.88 1223.26 231.61 1224.18 medium_vessel
216.13 1009.49 218.01 1034.59 207.97 1035.35 206.09 1010.25 medium_vessel
229.58 1231.22 228.93 1244.55 223.35 1244.28 224.0 1230.95 medium_vessel
218.37 1041.12 220.2 1065.5 209.49 1066.31 207.66 1041.93 medium_vessel
242.94 1230.16 241.6 1244.92 235.63 1244.37 236.97 1229.61 medium_vessel
232.28 1251.95 231.57 1266.35 224.57 1266.01 225.28 1251.61 medium_vessel
229.06 1180.25 230.83 1203.74 220.53 1204.51 218.76 1181.02 medium_vessel
8.07 128.98 23.15 132.9 10.26 182.41 -4.81 178.49 large_vessel
859.81 120.21 968.33 152.77 957.68 188.26 849.16 155.7 large_vessel
223.67 1113.66 225.49 1137.95 215.28 1138.71 213.46 1114.42 medium_vessel
238.68 1251.62 237.92 1267.02 231.63 1266.71 232.39 1251.31 medium_vessel
193.52 971.51 208.82 978.65 205.68 985.39 190.38 978.25 medium_vessel
236.58 1231.05 235.86 1245.75 229.05 1245.41 229.77 1230.71 medium_vessel
339.0 991.89 397.88 995.9 396.58 1014.98 337.7 1010.97 large_vessel
397.1 1151.88 400.74 1151.05 402.29 1157.81 398.65 1158.64 medium_vessel
11.67 917.39 13.8 953.23 1.28 953.98 -0.84 918.14 large_vessel
227.16 1149.26 228.99 1173.49 218.69 1174.26 216.86 1150.03 medium_vessel
