872.83 240.81 869.82 234.64 886.05 226.72 889.06 232.89 heavy_equipment
751.97 223.15 767.81 207.41 773.79 213.43 757.95 229.17 medium_vehicle
519.67 55.15 528.39 52.89 535.08 78.77 526.36 81.03 large_vehicle
697.27 23.57 702.2 29.73 678.57 48.65 673.64 42.49 container
800.87 263.43 807.47 258.58 819.77 275.33 813.17 280.18 medium_vehicle
570.24 6.17 578.15 4.9 581.92 28.4 574.01 29.67 large_vehicle
378.65 33.82 395.13 33.59 395.23 40.86 378.75 41.09 heavy_equipment
329.4 197.07 335.17 193.65 348.06 215.45 342.29 218.87 large_vehicle
535.09 33.23 542.68 28.95 551.48 44.56 543.89 48.84 container
377.15 25.77 392.44 23.43 393.31 29.12 378.02 31.46 medium_vehicle
468.45 113.8 475.72 112.26 479.99 132.36 472.72 133.9 medium_vehicle
547.11 136.7 554.83 132.8 565.43 153.78 557.71 157.68 large_vehicle
524.23 151.07 532.31 148.44 540.27 172.94 532.19 175.57 large_vehicle
763.02 37.59 768.44 31.62 786.83 48.3 781.41 54.27 heavy_equipment
783.77 228.9 791.26 232.22 782.22 252.63 774.73 249.31 heavy_equipment
829.1 294.17 825.78 289.0 840.73 279.4 844.05 284.57 heavy_equipment
407.58 142.4 425.08 147.09 423.09 154.5 405.59 149.81 heavy_equipment
474.41 142.02 482.71 143.46 479.31 163.16 471.01 161.72 medium_vehicle
4.37 59.55 12.1 57.48 22.02 94.51 14.29 96.58 large_vehicle
767.95 26.76 774.08 21.43 791.29 41.22 785.16 46.55 heavy_equipment
876.38 192.51 881.81 188.1 897.48 207.38 892.05 211.79 large_vehicle
358.81 180.5 379.17 171.05 382.58 178.38 362.22 187.83 heavy_equipment
373.34 2.43 388.54 0.67 389.15 5.88 373.95 7.64 medium_vehicle
756.21 205.39 761.39 209.51 754.36 218.35 749.18 214.23 heavy_equipment
731.07 114.39 736.24 108.68 760.26 130.46 755.09 136.17 heavy_equipment
339.12 199.38 346.24 195.17 359.44 217.49 352.32 221.7 large_vehicle
924.4 225.0 930.09 219.29 946.07 235.21 940.38 240.92 heavy_equipment
919.64 219.43 925.65 225.5 908.33 242.65 902.32 236.58 large_vehicle
242.17 183.87 255.66 173.41 259.73 178.66 246.24 189.12 medium_vehicle
-1.64 60.95 5.4 60.25 9.13 97.65 2.08 98.35 large_vehicle
464.75 89.35 471.43 88.27 474.57 107.87 467.89 108.95 medium_vehicle
506.69 161.72 513.34 157.15 527.85 178.28 521.2 182.85 large_vehicle
396.04 162.2 403.55 161.86 404.46 181.93 396.95 182.27 heavy_equipment
533.27 139.82 541.48 136.37 551.97 161.31 543.76 164.76 large_vehicle
383.28 172.8 393.49 172.79 393.52 193.28 383.31 193.29 heavy_equipment
225.16 194.76 241.2 190.25 242.91 196.32 226.87 200.83 medium_vehicle
376.1 18.4 391.1 16.35 392.03 23.1 377.03 25.15 medium_vehicle
734.35 -4.47 738.97 1.3 716.3 19.46 711.68 13.68 container
645.52 63.13 649.49 68.52 635.36 78.93 631.39 73.54 container
