237.47 635.06 253.71 636.39 253.23 642.17 236.99 640.84 medium_vehicle
948.63 449.19 1022.67 455.28 1014.47 554.94 940.43 548.85 large_aircraft
313.72 725.85 327.32 725.52 327.44 730.53 313.84 730.86 heavy_equipment
823.34 726.31 844.47 730.46 843.28 736.55 822.15 732.4 large_vehicle
862.07 452.38 924.84 459.65 913.69 556.0 850.92 548.73 large_aircraft
961.86 253.26 1034.63 278.03 1003.32 370.01 930.55 345.24 large_aircraft
189.66 929.91 196.17 929.62 197.04 948.76 190.53 949.05 heavy_equipment
143.06 583.75 156.42 584.9 155.94 590.54 142.58 589.39 medium_vehicle
264.52 636.61 282.96 646.09 279.85 652.14 261.41 642.66 large_vehicle
270.28 632.43 285.17 639.05 282.59 644.86 267.7 638.24 medium_vehicle
185.61 124.41 203.68 126.44 203.0 132.5 184.93 130.47 medium_vehicle
257.86 823.18 274.84 822.47 275.19 830.79 258.21 831.5 heavy_equipment
621.49 709.86 647.36 711.17 647.0 718.34 621.13 717.03 bus
960.73 28.53 1023.72 33.6 1016.24 126.6 953.25 121.53 large_aircraft
262.45 189.44 319.23 191.02 317.36 257.77 260.58 256.19 large_aircraft
459.02 173.19 523.94 180.01 513.85 276.04 448.93 269.22 large_aircraft
885.13 420.6 947.44 407.92 967.19 504.97 904.88 517.65 large_aircraft
167.87 601.29 182.01 605.29 180.32 611.26 166.18 607.26 medium_vehicle
951.08 341.88 1025.68 348.8 1016.35 449.44 941.75 442.52 large_aircraft
353.16 733.14 362.23 732.41 364.05 755.09 354.98 755.82 heavy_equipment
116.76 484.8 123.71 484.77 123.78 497.37 116.83 497.4 medium_vehicle
345.56 733.44 354.63 732.71 356.49 755.91 347.42 756.64 heavy_equipment
141.79 574.1 156.47 574.98 156.1 581.17 141.42 580.29 medium_vehicle
126.58 423.38 125.56 441.1 117.9 440.65 118.92 422.93 medium_vehicle
336.37 733.95 345.45 733.22 347.31 756.42 338.23 757.15 heavy_equipment
298.2 725.38 312.3 725.38 312.3 730.4 298.2 730.4 heavy_equipment
258.51 831.75 275.49 831.04 275.84 839.36 258.86 840.07 heavy_equipment
125.24 499.94 142.61 503.57 141.34 509.63 123.97 506.0 medium_vehicle
584.59 708.93 597.58 709.36 597.4 714.69 584.41 714.26 medium_vehicle
200.11 926.66 210.01 925.97 211.15 942.3 201.25 942.99 heavy_equipment
