80.75 907.8 87.45 907.85 87.34 922.35 80.64 922.3 medium_vehicle
94.62 316.64 99.61 310.87 114.2 323.47 109.21 329.24 medium_vehicle
24.47 579.96 46.78 598.89 41.0 605.7 18.69 586.77 bus
149.64 424.83 157.11 424.35 158.06 439.43 150.59 439.91 medium_vehicle
128.32 1070.32 197.82 1139.58 135.83 1201.8 66.33 1132.54 large_aircraft
105.18 467.88 133.0 476.28 130.49 484.6 102.67 476.2 bus
64.23 485.09 91.86 498.03 87.95 506.36 60.32 493.42 bus
136.47 429.61 142.8 425.19 153.66 440.77 147.33 445.19 medium_vehicle
125.16 856.53 196.74 923.51 136.45 987.94 64.87 920.96 large_aircraft
111.89 457.76 139.24 468.54 136.13 476.44 108.78 465.66 bus
142.58 246.11 147.08 249.1 139.09 261.12 134.59 258.13 medium_vehicle
69.87 87.05 73.56 82.11 85.04 90.7 81.35 95.64 medium_vehicle
89.08 514.79 103.07 527.79 97.94 533.31 83.95 520.31 medium_vehicle
5.41 604.8 30.76 619.14 26.23 627.16 0.88 612.82 bus
0.89 614.28 23.79 630.44 18.53 637.9 -4.36 621.74 bus
95.64 484.8 123.36 497.79 119.61 505.79 91.89 492.8 bus
112.18 445.53 140.55 454.09 138.2 461.87 109.83 453.31 bus
169.03 189.14 175.92 186.54 182.13 203.06 175.24 205.66 medium_vehicle
104.07 477.91 131.18 489.58 127.68 497.72 100.57 486.05 bus
