386.1 6.09 447.22 -14.23 476.5 73.79 415.38 94.12 large_aircraft
164.06 694.35 180.04 688.97 182.13 695.18 166.15 700.56 medium_vehicle
173.58 647.4 170.05 629.88 176.36 628.61 179.89 646.13 medium_vehicle
170.61 722.97 186.76 718.19 188.44 723.85 172.29 728.63 medium_vehicle
160.65 678.65 174.92 673.85 176.98 679.96 162.71 684.76 medium_vehicle
170.11 708.13 185.31 703.02 187.48 709.48 172.28 714.59 medium_vehicle
1058.72 1047.98 1121.5 1034.75 1139.67 1120.94 1076.89 1134.17 large_aircraft
702.25 345.02 768.56 325.0 792.16 403.17 725.85 423.19 large_aircraft
167.48 701.53 183.45 696.15 185.62 702.58 169.65 707.96 medium_vehicle
824.66 656.06 888.9 636.66 905.61 692.01 841.37 711.41 large_aircraft
849.39 706.69 883.25 694.16 895.77 728.01 861.91 740.54 small_aircraft
1035.55 959.78 1060.37 982.84 1037.78 1007.16 1012.96 984.1 small_aircraft
1024.04 1074.25 1054.97 1063.12 1067.2 1097.09 1036.27 1108.22 small_aircraft
449.74 11.67 502.42 -10.03 545.69 94.93 493.01 116.64 large_aircraft
796.86 1206.62 857.42 1235.64 828.84 1295.3 768.28 1266.28 large_aircraft
162.83 685.68 177.62 680.7 179.9 687.48 165.11 692.46 medium_vehicle
852.63 732.28 913.29 715.23 928.77 770.29 868.11 787.34 large_aircraft
729.68 1245.63 764.37 1253.07 756.91 1287.89 722.22 1280.45 large_aircraft
1151.41 960.34 1207.77 948.47 1218.17 997.83 1161.81 1009.7 small_aircraft
389.26 375.23 414.43 368.21 416.28 374.82 391.11 381.84 container
1024.9 956.9 1078.85 938.43 1094.21 983.29 1040.26 1001.76 small_aircraft
