64.15 569.48 101.83 536.03 133.33 571.51 95.65 604.96 small_aircraft
19.72 482.25 60.55 427.26 107.4 462.06 66.57 517.05 large_aircraft
-14.41 975.86 41.37 957.63 68.74 1041.37 12.95 1059.6 large_aircraft
0.02 375.67 45.35 397.38 28.35 432.85 -16.97 411.14 large_aircraft
117.28 829.88 169.43 781.42 211.97 827.2 159.82 875.66 large_aircraft
10.98 418.26 59.91 445.94 37.55 485.46 -11.37 457.78 small_aircraft
53.95 721.95 128.99 652.22 188.8 716.59 113.76 786.32 large_aircraft
146.25 717.22 204.36 756.56 150.47 836.16 92.36 796.82 large_aircraft
12.86 766.74 19.61 764.47 25.95 783.29 19.2 785.56 medium_vehicle
17.11 835.88 101.69 913.93 40.91 979.8 -43.66 901.75 large_aircraft
251.49 -3.24 309.64 3.17 303.84 55.7 245.69 49.28 large_aircraft
85.7 820.53 177.76 879.63 128.53 956.31 36.47 897.21 large_aircraft
40.75 667.78 92.66 589.65 169.92 640.98 118.01 719.11 large_aircraft
