1214.95 950.05 1220.29 950.1 1220.18 963.6 1214.84 963.55 container
219.76 946.01 307.68 948.93 304.44 1046.66 216.52 1043.74 large_aircraft
66.39 904.38 184.06 915.91 169.78 1061.55 52.11 1050.02 large_aircraft
396.19 493.76 495.25 503.47 485.93 598.48 386.87 588.77 large_aircraft
929.56 948.36 940.01 934.84 945.38 938.99 934.93 952.51 medium_vehicle
1244.09 952.45 1251.1 952.54 1250.91 966.04 1243.9 965.95 container
1239.09 952.17 1246.38 952.22 1246.2 977.98 1238.91 977.93 container
1226.85 879.91 1234.7 879.86 1234.89 906.27 1227.04 906.32 container
1196.77 948.35 1205.23 948.77 1203.95 974.85 1195.49 974.43 container
1224.54 950.43 1229.05 950.46 1228.94 963.96 1224.43 963.93 container
1258.03 953.86 1265.45 953.93 1265.18 979.43 1257.76 979.36 container
1215.11 686.41 1221.14 689.65 1212.43 705.89 1206.4 702.65 medium_vehicle
1216.75 880.44 1223.88 880.17 1224.9 906.75 1217.77 907.02 container
1162.81 938.86 1170.32 938.34 1171.25 952.02 1163.74 952.54 container
1220.16 950.31 1224.67 950.34 1224.56 963.84 1220.05 963.81 container
90.82 150.54 178.65 154.07 174.67 253.09 86.84 249.56 large_aircraft
1252.04 894.72 1258.97 894.91 1258.6 908.09 1251.67 907.9 container
1251.85 952.76 1257.96 952.83 1257.83 966.1 1251.72 966.03 medium_vehicle
1195.76 497.47 1202.16 493.06 1210.71 505.45 1204.31 509.86 container
1244.65 881.26 1252.95 881.36 1252.64 907.24 1244.34 907.14 container
1209.73 949.67 1215.07 949.72 1214.96 963.22 1209.62 963.17 container
1192.18 947.8 1198.58 947.98 1198.21 961.27 1191.81 961.09 container
338.72 926.07 455.69 935.89 443.35 1082.85 326.38 1073.03 large_aircraft
1228.69 950.54 1233.97 950.61 1233.78 964.11 1228.5 964.04 container
288.5 479.24 375.93 487.2 367.04 584.89 279.61 576.93 large_aircraft
1272.94 954.86 1280.23 954.93 1279.96 980.33 1272.67 980.26 container
1234.09 950.68 1239.23 950.75 1239.04 964.25 1233.9 964.18 container
1266.87 847.91 1273.27 847.88 1273.32 863.58 1266.92 863.61 medium_vehicle
584.63 150.62 641.57 154.8 636.44 224.69 579.5 220.51 large_aircraft
