155.03 372.24 224.01 373.08 223.12 445.81 154.14 444.97 large_aircraft
220.63 220.42 234.7 220.99 234.48 226.68 220.41 226.11 medium_vehicle
141.78 573.89 217.78 573.1 218.45 637.3 142.45 638.09 large_aircraft
214.07 1106.7 227.87 1106.7 227.87 1112.4 214.07 1112.4 medium_vehicle
146.09 173.44 225.99 176.79 222.93 249.93 143.03 246.58 large_aircraft
909.26 955.97 973.8 958.67 969.73 1055.8 905.19 1053.1 large_aircraft
141.35 927.06 156.32 924.01 157.56 930.09 142.59 933.14 medium_vehicle
1200.23 752.12 1214.55 740.27 1218.31 744.81 1203.99 756.66 medium_vehicle
120.54 959.87 215.73 964.19 212.54 1034.37 117.35 1030.05 large_aircraft
142.6 1060.9 218.3 1060.9 218.3 1134.3 142.6 1134.3 large_aircraft
191.63 1152.41 221.36 1155.38 220.56 1163.35 190.83 1160.38 medium_vehicle
187.95 1115.59 220.42 1128.05 217.54 1135.53 185.07 1123.07 large_vehicle
208.51 1202.42 222.3 1202.97 222.08 1208.67 208.29 1208.12 medium_vehicle
149.16 1163.53 215.67 1166.32 213.06 1228.55 146.55 1225.76 large_aircraft
