-19.27 438.54 66.88 384.49 124.8 476.83 38.64 530.88 large_aircraft
61.6 816.36 122.64 811.12 128.54 879.97 67.5 885.21 large_aircraft
94.27 1152.47 156.6 1144.82 163.72 1202.78 101.39 1210.43 large_aircraft
70.58 924.87 124.43 896.6 156.62 957.91 102.77 986.18 large_aircraft
-22.73 147.58 29.5 106.32 90.24 183.24 38.0 224.5 large_aircraft
-41.01 357.93 41.61 300.5 103.89 390.11 21.26 447.54 large_aircraft
7.89 762.52 94.43 709.07 151.57 801.58 65.03 855.03 large_aircraft
-4.8 857.4 66.32 855.54 68.84 951.92 -2.28 953.78 large_aircraft
-14.5 520.16 76.25 474.92 125.05 572.8 34.29 618.04 large_aircraft
-5.26 628.33 88.16 589.44 130.34 690.77 36.91 729.66 large_aircraft
