920.99 863.84 1038.4 873.08 1026.81 1020.43 909.4 1011.19 large_aircraft
858.28 612.24 932.73 618.49 924.62 715.12 850.17 708.87 large_aircraft
100.83 628.74 167.12 639.12 155.07 716.08 88.78 705.7 large_aircraft
103.37 1163.05 156.08 1167.57 150.74 1229.84 98.03 1225.32 large_aircraft
106.95 491.14 195.22 509.26 172.65 619.26 84.38 601.14 large_aircraft
775.37 854.16 892.25 855.99 889.92 1004.17 773.04 1002.34 large_aircraft
533.27 514.96 567.2 517.28 564.61 555.32 530.68 553.0 small_aircraft
776.57 1142.0 894.23 1150.65 884.4 1284.58 766.74 1275.93 large_aircraft
88.3 306.41 213.26 313.18 204.65 472.19 79.69 465.42 large_aircraft
398.58 376.2 515.98 384.61 505.33 533.14 387.93 524.73 large_aircraft
384.69 866.75 472.54 873.2 465.25 972.44 377.4 965.99 large_aircraft
1149.46 308.25 1166.94 312.12 1162.19 333.57 1144.71 329.7 small_aircraft
537.32 428.11 572.14 433.31 566.3 472.38 531.48 467.18 small_aircraft
946.73 1183.49 1033.99 1186.08 1031.16 1281.29 943.9 1278.7 large_aircraft
790.05 472.74 847.92 473.85 847.04 519.97 789.17 518.86 small_aircraft
632.66 835.89 750.53 850.16 732.96 995.4 615.09 981.13 large_aircraft
527.8 1167.0 615.67 1173.45 608.49 1271.2 520.62 1264.75 large_aircraft
663.07 1174.57 752.32 1188.38 737.27 1285.62 648.02 1271.81 large_aircraft
506.66 876.63 594.02 883.05 586.73 982.37 499.37 975.95 large_aircraft
1226.61 1053.14 1241.21 1053.25 1241.18 1058.64 1226.58 1058.53 medium_vehicle
654.68 628.61 707.3 634.41 700.93 692.12 648.31 686.32 large_aircraft
680.41 425.55 739.0 429.24 735.88 478.83 677.29 475.14 small_aircraft
970.0 427.82 1037.93 432.81 1032.08 512.48 964.15 507.49 large_aircraft
865.41 475.07 945.25 484.73 938.0 544.61 858.16 534.95 large_aircraft
161.97 1067.94 228.6 1074.83 220.39 1154.28 153.76 1147.39 large_aircraft
95.39 1075.98 147.89 1080.48 142.51 1143.24 90.01 1138.74 large_aircraft
