67.58 57.53 75.17 57.89 74.19 78.53 66.6 78.17 large_vehicle
92.43 1087.21 137.9 1083.71 141.11 1125.38 95.64 1128.88 small_aircraft
161.16 1044.02 153.41 1056.04 146.87 1051.83 154.62 1039.81 medium_vehicle
106.7 250.16 134.8 254.06 133.72 261.79 105.62 257.89 bus
13.11 229.44 27.7 231.93 26.72 237.68 12.13 235.19 medium_vehicle
128.23 529.11 146.45 534.3 144.63 540.7 126.41 535.51 medium_vehicle
113.61 586.3 127.48 587.2 127.08 593.45 113.21 592.55 medium_vehicle
247.86 70.67 254.6 75.73 238.43 97.27 231.69 92.21 bus
143.41 853.97 172.37 855.64 170.78 883.19 141.82 881.52 small_aircraft
102.35 962.06 145.98 964.43 142.94 1020.55 99.31 1018.18 large_aircraft
160.74 989.46 201.24 996.17 191.3 1056.25 150.8 1049.54 large_aircraft
5.86 34.92 14.77 35.78 12.52 59.08 3.61 58.22 bus
160.02 125.6 166.79 126.51 165.0 139.71 158.23 138.8 medium_vehicle
111.08 56.69 120.7 56.43 121.48 84.36 111.86 84.62 bus
24.04 241.93 31.71 242.58 30.27 259.41 22.6 258.76 medium_vehicle
185.15 68.36 191.32 69.14 189.48 83.73 183.31 82.95 medium_vehicle
111.56 223.21 117.84 223.35 117.55 236.04 111.27 235.9 medium_vehicle
109.29 850.89 138.35 852.57 136.81 879.31 107.75 877.63 small_aircraft
162.76 63.77 172.29 64.59 170.07 90.49 160.54 89.67 bus
210.21 131.98 216.33 132.68 214.42 149.38 208.3 148.68 medium_vehicle
97.14 610.66 115.7 614.74 114.25 621.32 95.69 617.24 medium_vehicle
131.54 225.53 138.25 225.5 138.34 241.18 131.63 241.21 medium_vehicle
87.39 113.67 96.14 115.85 88.87 145.01 80.12 142.83 bus
166.67 126.64 173.82 127.91 171.54 140.83 164.39 139.56 medium_vehicle
98.32 121.06 107.35 121.84 104.81 151.43 95.78 150.65 bus
94.09 1021.33 133.43 1013.25 146.14 1075.17 106.8 1083.25 large_aircraft
129.77 57.08 139.0 58.42 134.77 87.43 125.54 86.09 bus
146.24 120.36 153.8 121.53 151.02 139.47 143.46 138.3 medium_vehicle
248.12 88.29 255.64 83.37 272.64 109.34 265.12 114.26 bus
98.38 601.14 117.92 605.54 116.36 612.51 96.82 608.11 medium_vehicle
204.55 131.06 210.45 131.71 208.58 148.91 202.68 148.26 medium_vehicle
103.12 593.11 118.05 597.36 116.23 603.76 101.3 599.51 medium_vehicle
241.33 108.17 246.39 103.32 258.22 115.65 253.16 120.5 medium_vehicle
108.8 796.54 166.6 797.05 166.21 841.85 108.41 841.34 small_aircraft
