86.13 1164.71 119.54 1177.87 117.09 1184.09 83.68 1170.93 large_vehicle
97.6 703.3 107.5 703.3 107.5 733.2 97.6 733.2 bus
66.96 59.22 70.84 54.79 81.52 64.14 77.64 68.57 medium_vehicle
128.54 619.27 183.96 619.95 183.27 676.74 127.85 676.06 large_aircraft
128.95 771.06 183.91 771.73 183.21 828.73 128.25 828.06 large_aircraft
-14.89 457.71 133.12 423.54 164.5 559.46 16.48 593.63 large_aircraft
6.59 628.89 36.26 624.66 37.39 632.61 7.72 636.84 bus
122.49 990.1 177.59 989.91 177.8 1047.31 122.7 1047.5 large_aircraft
107.46 273.09 202.94 326.88 157.74 407.1 62.26 353.31 large_aircraft
192.7 665.26 199.6 665.7 198.57 681.57 191.67 681.13 medium_vehicle
97.91 136.61 193.75 190.61 148.65 270.64 52.81 216.64 large_aircraft
78.08 1158.9 167.84 1162.03 164.54 1256.43 74.78 1253.3 large_aircraft
91.08 2.32 186.35 55.57 141.45 135.91 46.18 82.66 large_aircraft
127.06 844.26 179.95 844.91 179.23 903.71 126.34 903.06 small_aircraft
