1024.68 771.3 1032.37 770.95 1033.73 801.06 1026.04 801.41 large_vehicle
992.55 429.79 1000.22 429.15 1002.74 459.2 995.07 459.84 large_vehicle
1050.35 1067.8 1058.74 1067.8 1058.74 1082.24 1050.35 1082.24 medium_vehicle
967.38 214.35 975.05 213.71 977.09 237.93 969.42 238.57 large_vehicle
1017.92 695.91 1023.82 695.71 1024.37 711.6 1018.47 711.8 medium_vehicle
980.01 488.9 985.91 488.7 986.5 505.49 980.6 505.69 medium_vehicle
1039.6 1215.47 1048.0 1215.47 1048.0 1231.1 1039.6 1231.1 medium_vehicle
413.67 1.52 421.33 1.44 421.58 25.05 413.92 25.13 large_vehicle
1066.8 1246.5 1074.5 1246.5 1074.5 1264.75 1066.8 1264.75 large_vehicle
983.06 317.6 988.96 317.4 989.45 331.41 983.55 331.61 medium_vehicle
