1157.39 440.98 1198.57 436.8 1200.67 457.5 1159.49 461.68 pylon
1047.9 981.42 1066.61 996.63 1063.45 1000.52 1044.74 985.31 container
954.6 694.1 1002.9 694.1 1002.9 712.06 954.6 712.06 pylon
932.06 883.85 948.81 898.15 945.21 902.36 928.46 888.06 container
825.86 177.56 863.73 177.56 863.73 191.31 825.86 191.31 pylon
1052.42 971.85 1071.14 987.06 1067.19 991.93 1048.47 976.72 container
935.14 880.18 951.88 894.48 948.28 898.69 931.54 884.39 container
244.6 36.1 285.89 36.1 285.89 50.45 244.6 50.45 pylon
1049.99 978.01 1068.71 993.22 1066.24 996.25 1047.52 981.04 container
598.7 365.6 645.78 365.6 645.78 382.15 598.7 382.15 pylon
