953.13 676.65 962.24 673.53 964.29 679.52 955.18 682.64 heavy_equipment
1270.24 522.85 1276.34 524.04 1274.33 534.38 1268.23 533.19 heavy_equipment
1211.24 963.49 1216.58 961.5 1219.83 970.25 1214.49 972.24 medium_vessel
1269.02 1045.78 1276.45 1051.82 1274.05 1054.78 1266.62 1048.74 medium_vessel
1129.42 509.1 1148.19 519.63 1144.13 526.87 1125.36 516.34 heavy_equipment
731.71 914.01 749.26 909.6 751.18 917.23 733.63 921.64 large_vehicle
1226.14 954.46 1232.7 951.47 1237.18 961.3 1230.62 964.29 medium_vessel
1077.44 359.55 1096.57 363.37 1094.6 373.2 1075.47 369.38 heavy_equipment
1187.63 974.02 1193.42 976.45 1191.94 979.96 1186.15 977.53 small_vessel
1264.97 999.18 1276.52 994.89 1278.32 999.73 1266.77 1004.02 medium_vessel
1265.72 942.56 1270.37 940.44 1276.92 954.82 1272.27 956.94 medium_vessel
1143.67 1087.71 1148.9 1090.38 1142.41 1103.12 1137.18 1100.45 large_vehicle
942.89 690.88 954.47 683.76 962.43 696.71 950.85 703.83 heavy_equipment
1093.17 482.72 1103.47 482.67 1103.52 490.97 1093.22 491.02 heavy_equipment
1254.54 947.02 1260.92 944.65 1264.26 953.64 1257.88 956.01 medium_vessel
1245.68 959.37 1264.63 952.32 1267.11 958.99 1248.16 966.04 medium_vessel
1260.11 944.43 1265.46 941.99 1272.3 956.98 1266.95 959.42 medium_vessel
1162.34 420.09 1166.62 430.24 1160.38 432.88 1156.1 422.73 large_vehicle
1261.5 996.36 1272.21 995.84 1272.37 999.1 1261.66 999.62 medium_vessel
1272.18 550.65 1276.08 548.48 1280.03 555.57 1276.13 557.74 heavy_equipment
944.69 676.69 950.35 674.38 953.59 682.28 947.93 684.59 heavy_equipment
1060.05 653.95 1068.12 652.86 1068.79 657.83 1060.72 658.92 heavy_equipment
1239.84 493.82 1243.6 498.03 1234.53 506.14 1230.77 501.93 large_vehicle
1231.93 957.2 1236.33 952.51 1243.86 959.58 1239.46 964.27 medium_vessel
1218.48 961.42 1223.29 960.08 1226.31 970.89 1221.5 972.23 medium_vessel
1269.57 1009.31 1280.09 1002.94 1283.46 1008.5 1272.94 1014.87 medium_vessel
1201.68 971.66 1204.52 968.64 1210.01 973.8 1207.17 976.82 medium_vessel
1257.98 565.0 1270.58 560.49 1272.42 565.63 1259.82 570.14 large_vehicle
1268.2 1004.61 1279.06 998.59 1281.47 1002.92 1270.61 1008.94 medium_vessel
