391.36 1094.82 408.57 1092.89 412.53 1128.13 395.32 1130.06 pylon
208.56 871.95 243.16 868.07 249.45 924.18 214.85 928.06 pylon
396.11 61.99 402.54 65.0 396.18 78.57 389.75 75.56 container
381.74 88.17 387.99 92.51 371.42 116.36 365.17 112.02 large_vehicle
282.68 261.77 289.19 263.9 281.7 286.69 275.19 284.56 large_vehicle
203.36 445.13 208.16 450.77 194.02 462.81 189.22 457.17 large_vehicle
184.98 440.77 189.33 438.82 193.63 448.43 189.28 450.38 medium_vehicle
240.75 399.78 244.36 402.06 239.75 409.35 236.14 407.07 medium_vehicle
175.92 461.4 178.29 465.92 170.7 469.9 168.33 465.38 medium_vehicle
18.04 1008.18 35.25 1006.25 39.21 1041.49 22.0 1043.42 pylon
