779.34 376.93 789.59 399.22 784.13 401.73 773.88 379.44 large_vehicle
743.51 358.76 749.02 355.26 756.47 367.0 750.96 370.5 container
883.34 421.51 916.27 412.56 931.69 469.29 898.76 478.24 pylon
1085.23 380.76 1118.77 371.64 1134.46 429.37 1100.92 438.49 pylon
485.97 128.5 512.53 121.28 525.08 167.49 498.52 174.71 pylon
1162.73 174.25 1179.05 164.83 1196.16 194.45 1179.84 203.87 pylon
1154.85 420.16 1181.04 419.89 1181.13 428.06 1154.94 428.33 container
1155.38 407.93 1176.37 403.96 1181.93 433.38 1160.94 437.35 pylon
1182.1 263.76 1198.75 254.15 1215.57 283.29 1198.92 292.9 pylon
1102.5 276.1 1120.73 272.66 1126.16 301.37 1107.93 304.81 pylon
806.12 301.12 812.31 298.69 817.6 312.21 811.41 314.64 container
1269.27 418.76 1274.72 421.8 1264.42 440.31 1258.97 437.27 container
804.76 331.61 824.7 325.13 826.5 330.65 806.56 337.13 container
772.58 312.59 795.42 301.94 797.91 307.27 775.07 317.92 large_vehicle
779.37 324.51 803.85 314.81 806.53 321.58 782.05 331.28 large_vehicle
792.89 326.59 819.44 316.08 822.05 322.66 795.5 333.17 large_vehicle
803.16 338.15 827.4 330.28 829.67 337.26 805.43 345.13 container
808.44 340.01 837.21 330.61 839.49 337.58 810.72 346.98 large_vehicle
811.3 344.22 840.55 335.61 842.62 342.65 813.37 351.26 large_vehicle
815.8 347.99 845.08 340.36 846.93 347.46 817.65 355.09 large_vehicle
821.43 351.89 851.62 345.42 853.16 352.6 822.97 359.07 large_vehicle
817.59 366.1 837.4 385.17 832.98 389.76 813.17 370.69 large_vehicle
809.36 371.7 824.78 392.39 819.67 396.2 804.25 375.51 large_vehicle
803.03 375.28 815.47 394.96 810.59 398.04 798.15 378.36 large_vehicle
796.78 377.12 809.6 397.39 804.52 400.6 791.7 380.33 large_vehicle
787.66 377.05 799.79 398.24 794.69 401.16 782.56 379.97 large_vehicle
770.84 376.3 782.03 397.96 776.69 400.72 765.5 379.06 large_vehicle
695.06 319.88 705.46 303.43 711.35 307.15 700.95 323.6 container
701.28 323.08 713.61 303.8 719.47 307.55 707.14 326.83 large_vehicle
714.84 339.66 727.99 321.23 733.65 325.27 720.5 343.7 large_vehicle
718.56 347.04 732.73 327.16 738.38 331.19 724.21 351.07 large_vehicle
505.69 376.52 511.7 368.31 515.93 371.41 509.92 379.62 medium_vehicle
284.23 389.63 289.53 398.81 286.05 400.82 280.75 391.64 medium_vehicle
283.9 374.64 288.42 367.01 292.88 369.65 288.36 377.28 heavy_equipment
305.52 367.65 317.11 368.1 316.94 372.55 305.35 372.1 medium_vehicle
242.56 378.36 257.73 378.17 257.8 384.3 242.63 384.49 medium_vehicle
260.57 359.43 272.92 359.32 272.97 365.04 260.62 365.15 medium_vehicle
226.38 416.33 231.04 428.8 226.49 430.5 221.83 418.03 medium_vehicle
27.63 564.56 39.41 564.61 39.38 570.73 27.6 570.68 medium_vehicle
616.85 1006.73 629.8 1007.47 629.47 1013.26 616.52 1012.52 medium_vehicle
411.8 1107.75 416.17 1114.74 412.96 1116.74 408.59 1109.75 medium_vehicle
417.2 1105.03 422.2 1113.02 418.51 1115.33 413.51 1107.34 medium_vehicle
1078.13 1128.19 1079.19 1138.27 1074.88 1138.72 1073.82 1128.64 medium_vehicle
1077.16 1125.1 1083.95 1119.98 1086.97 1123.98 1080.18 1129.1 medium_vehicle
1079.42 1133.85 1089.2 1128.72 1091.8 1133.68 1082.02 1138.81 medium_vehicle
1074.05 1063.43 1085.69 1064.9 1084.95 1070.75 1073.31 1069.28 medium_vehicle
262.36 135.78 272.21 148.08 267.21 152.08 257.36 139.78 medium_vehicle
64.85 257.64 74.8 254.35 76.8 260.4 66.85 263.69 medium_vehicle
67.19 237.65 100.47 237.6 100.48 244.52 67.2 244.57 large_vehicle
64.59 244.03 99.94 243.96 99.95 250.88 64.6 250.95 double_trailer_truck
172.77 205.58 196.8 205.95 196.69 213.28 172.66 212.91 large_vehicle
604.93 202.63 628.95 203.0 628.83 210.81 604.81 210.44 large_vehicle
1151.63 250.19 1182.37 251.21 1182.14 258.14 1151.4 257.12 large_vehicle
1157.1 285.94 1186.54 288.62 1185.87 296.03 1156.43 293.35 large_vehicle
1254.85 275.37 1282.24 282.15 1280.24 290.25 1252.85 283.47 large_vehicle
1230.62 278.65 1255.21 283.25 1253.77 290.92 1229.18 286.32 container
1111.21 382.54 1117.12 384.53 1110.33 404.59 1104.42 402.6 container
1255.53 386.98 1280.0 387.62 1279.79 395.66 1255.32 395.02 container
1211.2 387.35 1241.69 388.15 1241.47 396.19 1210.98 395.39 large_vehicle
1247.93 405.22 1278.84 407.6 1278.26 415.21 1247.35 412.83 large_vehicle
1146.49 376.55 1172.23 377.54 1171.93 385.34 1146.19 384.35 container
1174.37 379.19 1197.87 379.6 1197.74 387.4 1174.24 386.99 container
1193.05 403.67 1198.7 405.05 1193.65 425.62 1188.0 424.24 container
1202.67 404.87 1208.07 407.01 1200.27 426.7 1194.87 424.56 container
1205.66 409.8 1211.4 410.7 1208.12 431.63 1202.38 430.73 container
1225.78 413.34 1231.33 413.71 1229.93 434.72 1224.38 434.35 container
1231.92 413.19 1237.47 413.31 1237.03 434.35 1231.48 434.23 container
1256.92 413.41 1264.04 416.29 1253.99 441.18 1246.87 438.3 double_trailer_truck
