965.89 1160.31 975.97 1165.67 973.66 1170.03 963.58 1164.67 medium_vehicle
1073.96 582.72 1079.78 582.52 1080.41 600.64 1074.59 600.84 container
288.65 64.91 297.65 72.36 293.87 76.93 284.87 69.48 medium_vehicle
461.73 196.67 481.0 208.86 477.96 213.68 458.69 201.49 large_vehicle
936.47 376.55 945.47 377.85 944.79 382.54 935.79 381.24 medium_vehicle
1183.83 426.21 1195.52 426.38 1195.45 431.64 1183.76 431.47 medium_vehicle
1266.19 430.76 1280.0 430.76 1280.0 439.0 1266.19 439.0 large_vehicle
1242.17 468.89 1256.45 470.95 1255.69 476.2 1241.41 474.14 large_vehicle
1239.27 474.0 1254.17 477.41 1252.99 482.57 1238.09 479.16 large_vehicle
1076.97 1186.87 1100.31 1198.45 1097.45 1204.21 1074.11 1192.63 large_vehicle
1049.4 1166.02 1073.27 1177.87 1070.36 1183.73 1046.49 1171.88 large_vehicle
1052.73 1155.8 1077.89 1168.28 1074.6 1174.91 1049.44 1162.43 large_vehicle
1114.62 1179.41 1140.61 1190.02 1138.23 1195.86 1112.24 1185.25 large_vehicle
1237.35 478.3 1248.72 481.82 1247.16 486.89 1235.79 483.37 medium_vehicle
1110.96 1172.59 1138.62 1182.49 1136.49 1188.42 1108.83 1178.52 large_vehicle
1179.33 1204.12 1201.22 1213.54 1198.73 1219.33 1176.84 1209.91 large_vehicle
778.32 371.14 797.03 371.07 797.16 410.42 778.45 410.49 pylon
783.67 980.62 809.9 954.58 816.04 960.76 789.81 986.8 large_vehicle
734.74 358.51 753.43 357.83 754.87 397.16 736.18 397.84 pylon
419.76 667.29 439.36 666.57 440.68 702.47 421.08 703.19 pylon
396.95 648.14 416.55 647.42 417.87 683.32 398.27 684.04 pylon
131.65 1023.87 148.0 1022.56 150.52 1053.89 134.17 1055.2 pylon
94.58 1007.13 114.12 1005.56 116.68 1037.36 97.14 1038.93 pylon
103.38 813.65 122.92 812.07 125.72 846.87 106.18 848.45 pylon
131.75 821.54 151.3 819.96 154.05 854.15 134.5 855.73 pylon
264.19 805.48 287.16 817.6 284.21 823.18 261.24 811.06 large_vehicle
971.21 1058.44 976.0 1062.95 954.82 1085.43 950.03 1080.92 double_trailer_truck
