1056.59 16.56 1060.17 21.88 1037.51 37.11 1033.93 31.79 large_vehicle
1052.41 12.82 1055.89 17.99 1033.27 33.18 1029.79 28.01 large_vehicle
1050.1 7.01 1053.4 12.79 1028.03 27.26 1024.73 21.48 double_trailer_truck
1049.22 0.37 1052.73 6.56 1024.06 22.78 1020.55 16.59 double_trailer_truck
1040.95 -4.3 1044.84 3.23 1016.47 17.87 1012.58 10.33 double_trailer_truck
1030.08 -6.59 1033.64 0.31 1010.0 12.51 1006.44 5.6 double_trailer_truck
1013.26 -6.14 1016.5 0.14 1002.23 7.5 998.99 1.21 large_vehicle
1001.28 29.72 1006.61 26.05 1023.1 50.05 1017.77 53.72 double_trailer_truck
1008.42 20.77 1012.31 17.4 1031.45 39.49 1027.56 42.86 double_trailer_truck
1006.78 28.73 1011.67 24.5 1030.8 46.59 1025.91 50.82 double_trailer_truck
986.21 7.93 991.25 3.12 1011.45 24.25 1006.41 29.06 double_trailer_truck
1110.01 75.16 1131.14 90.12 1127.29 95.56 1106.16 80.6 large_vehicle
1114.5 69.89 1136.13 85.2 1132.11 90.87 1110.48 75.56 large_vehicle
971.48 90.42 967.05 84.81 991.48 65.53 995.91 71.14 double_trailer_truck
1120.37 67.77 1142.45 84.84 1138.45 90.01 1116.37 72.94 large_vehicle
1124.13 63.87 1145.36 78.9 1142.09 83.52 1120.86 68.49 large_vehicle
1129.36 62.76 1150.59 77.79 1148.08 81.33 1126.85 66.3 large_vehicle
1132.9 59.62 1153.12 71.77 1150.26 76.53 1130.04 64.38 large_vehicle
1114.38 61.46 1119.62 66.89 1102.0 83.91 1096.76 78.48 large_vehicle
923.11 59.22 919.01 53.2 938.59 39.89 942.69 45.91 large_vehicle
981.86 89.06 978.0 83.93 1002.05 65.81 1005.91 70.94 double_trailer_truck
987.89 89.14 984.81 84.89 1005.37 70.06 1008.45 74.31 large_vehicle
987.1 97.01 983.3 91.44 1009.99 73.24 1013.79 78.81 double_trailer_truck
990.99 102.31 986.99 96.48 1008.23 81.94 1012.23 87.77 large_vehicle
999.81 102.71 995.97 97.38 1020.97 79.36 1024.81 84.69 double_trailer_truck
1008.74 106.58 1005.2 100.88 1030.42 85.24 1033.96 90.94 double_trailer_truck
1078.78 26.2 1083.07 31.6 1059.01 50.73 1054.72 45.33 double_trailer_truck
1074.6 23.41 1078.23 29.0 1051.64 46.27 1048.01 40.68 double_trailer_truck
1067.51 23.42 1070.26 28.03 1048.27 41.14 1045.52 36.53 large_vehicle
1063.9 18.18 1067.37 23.34 1044.68 38.59 1041.21 33.43 large_vehicle
918.42 54.3 914.54 48.13 934.6 35.55 938.48 41.72 large_vehicle
963.58 86.27 959.15 80.66 984.02 61.02 988.45 66.63 double_trailer_truck
910.76 42.28 908.73 35.09 936.04 27.37 938.07 34.56 large_vehicle
917.15 33.52 915.87 26.71 939.33 22.32 940.61 29.13 large_vehicle
914.54 26.04 913.46 18.77 943.2 14.32 944.28 21.59 large_vehicle
918.38 14.95 917.67 8.31 948.46 5.02 949.17 11.66 large_vehicle
922.9 0.88 950.44 -4.37 951.57 1.51 924.03 6.77 double_trailer_truck
806.12 94.83 822.19 91.76 823.23 97.17 807.16 100.24 medium_vessel
762.6 143.29 785.33 157.54 780.12 165.85 757.39 151.6 medium_vessel
163.33 -11.33 214.59 5.01 146.64 217.92 95.38 201.57 large_vessel
3.36 825.23 39.33 860.33 26.87 873.09 -9.09 837.99 large_vessel
957.48 80.8 953.45 75.32 977.81 57.36 981.84 62.84 double_trailer_truck
952.32 75.29 948.74 69.63 975.37 52.8 978.95 58.46 double_trailer_truck
946.88 71.3 942.91 65.92 966.95 48.2 970.92 53.58 double_trailer_truck
939.1 68.31 935.73 63.78 958.44 46.92 961.81 51.45 double_trailer_truck
930.19 68.97 926.7 64.53 947.89 47.85 951.38 52.29 large_vehicle
926.85 64.51 923.47 59.98 944.67 44.12 948.05 48.65 large_vehicle
