945.72 106.59 971.89 107.41 971.67 114.33 945.5 113.51 large_vehicle
800.44 29.3 806.04 10.03 811.92 11.74 806.32 31.01 large_vehicle
819.7 223.05 819.74 216.71 839.21 216.85 839.17 223.19 large_vehicle
816.8 206.94 818.74 200.47 835.79 205.59 833.85 212.06 large_vehicle
846.13 184.87 845.87 191.63 821.61 190.7 821.87 183.94 large_vehicle
844.61 195.55 844.35 202.32 819.63 201.37 819.89 194.6 large_vehicle
847.84 180.42 847.35 186.79 821.99 184.84 822.48 178.47 large_vehicle
854.36 176.65 853.81 183.8 829.42 181.93 829.97 174.78 large_vehicle
832.92 166.6 858.5 167.45 858.25 175.02 832.67 174.17 large_vehicle
805.41 154.7 831.38 159.51 830.15 166.14 804.18 161.33 large_vehicle
802.41 159.49 828.18 164.27 827.19 169.66 801.42 164.88 large_vehicle
802.59 163.92 827.2 168.48 825.97 175.11 801.36 170.55 large_vehicle
817.15 171.68 822.24 172.62 821.0 179.33 815.91 178.39 large_vehicle
1001.06 179.89 1016.55 199.36 1011.61 203.29 996.12 183.82 large_vehicle
966.87 171.66 991.34 184.34 988.46 189.9 963.99 177.22 large_vehicle
927.44 167.54 953.41 168.9 953.06 175.68 927.09 174.32 large_vehicle
926.41 173.07 952.22 176.38 951.24 184.02 925.43 180.71 large_vehicle
996.9 78.39 1025.89 72.34 1027.41 79.63 998.42 85.68 large_vehicle
988.5 89.04 1016.52 94.19 1015.18 101.46 987.16 96.31 large_vehicle
993.72 108.1 1022.1 101.5 1023.94 109.41 995.56 116.01 large_vehicle
975.63 131.56 993.78 117.39 998.25 123.11 980.1 137.28 large_vehicle
847.13 220.85 854.92 201.95 861.04 204.47 853.25 223.37 large_vehicle
906.93 187.47 913.36 167.3 918.87 169.06 912.44 189.23 large_vehicle
917.25 162.66 924.21 140.86 930.3 142.8 923.34 164.6 large_vehicle
883.54 130.02 889.93 109.1 896.78 111.19 890.39 132.11 large_vehicle
766.96 158.73 770.96 145.65 777.14 147.54 773.14 160.62 medium_vehicle
368.33 1063.62 423.61 1069.33 421.28 1091.86 366.0 1086.15 large_vessel
1255.37 799.13 1291.68 836.74 1279.7 848.31 1243.39 810.7 large_vessel
732.92 441.66 858.25 480.46 847.89 513.92 722.56 475.12 large_vessel
719.91 458.73 726.5 464.61 723.69 467.77 717.1 461.89 small_vessel
632.19 401.94 674.3 253.11 708.79 262.87 666.68 411.7 large_vessel
342.32 507.91 412.36 278.82 462.09 294.02 392.05 523.11 large_vessel
705.4 172.28 749.09 34.57 780.1 44.4 736.41 182.11 large_vessel
1049.4 182.52 1108.01 -7.97 1154.36 6.28 1095.75 196.78 large_vessel
276.74 360.72 284.78 334.43 290.96 336.31 282.92 362.6 double_trailer_truck
252.76 441.05 262.49 415.68 268.8 418.1 259.07 443.47 double_trailer_truck
326.01 517.44 333.29 491.85 339.78 493.7 332.5 519.29 double_trailer_truck
301.34 517.93 310.82 492.7 317.15 495.08 307.67 520.31 double_trailer_truck
276.79 505.84 291.6 482.59 297.22 486.17 282.41 509.42 double_trailer_truck
286.33 507.32 295.98 489.32 301.85 492.47 292.2 510.47 large_vehicle
277.94 470.51 310.78 480.55 308.73 487.25 275.89 477.21 double_trailer_truck
239.62 473.07 272.71 480.28 270.48 490.53 237.39 483.32 double_trailer_truck
270.09 503.21 284.62 479.78 290.04 483.14 275.51 506.57 double_trailer_truck
264.03 498.56 279.67 476.23 284.9 479.89 269.26 502.22 double_trailer_truck
317.39 512.23 323.38 491.91 329.49 493.71 323.5 514.03 large_vehicle
330.91 458.3 346.12 458.43 346.07 464.34 330.86 464.21 medium_vehicle
335.2 463.05 350.41 463.18 350.36 469.09 335.15 468.96 medium_vehicle
117.06 349.08 125.81 366.4 121.44 368.61 112.69 351.29 container
121.14 346.77 129.89 364.1 125.96 366.09 117.21 348.76 container
125.22 345.78 133.64 362.45 129.7 364.44 121.28 347.77 container
129.39 344.72 137.41 360.61 133.48 362.59 125.46 346.7 container
284.61 40.04 290.06 41.46 285.25 59.92 279.8 58.5 container
275.38 38.5 280.81 40.02 275.73 58.21 270.3 56.69 container
265.95 36.8 271.63 38.38 266.55 56.57 260.87 54.99 container
195.35 94.95 200.1 96.33 194.91 114.2 190.16 112.82 container
199.85 95.22 204.6 96.6 199.41 114.48 194.66 113.1 container
204.15 95.93 208.31 97.14 203.12 115.0 198.96 113.79 container
208.44 96.31 213.76 97.86 208.57 115.72 203.25 114.17 container
215.27 97.24 220.57 98.84 215.19 116.66 209.89 115.06 container
217.46 22.75 222.4 24.18 219.21 35.17 214.27 33.74 container
223.87 23.84 228.79 25.27 225.81 35.52 220.89 34.09 container
231.35 14.17 236.18 15.93 232.72 25.44 227.89 23.68 container
230.85 25.01 235.67 26.77 232.21 36.29 227.39 34.53 container
846.73 383.23 852.93 362.95 859.11 364.84 852.91 385.12 large_vehicle
856.64 360.42 862.68 340.66 868.86 342.55 862.82 362.31 large_vehicle
777.66 125.62 783.56 106.29 789.02 107.96 783.12 127.29 large_vehicle
