770.71 406.44 774.53 403.83 781.91 414.65 778.09 417.26 medium_vehicle
971.55 984.79 979.06 978.17 983.01 982.65 975.5 989.27 heavy_equipment
421.66 1018.38 432.37 1025.26 429.41 1029.87 418.7 1022.99 medium_vehicle
589.65 991.24 601.54 986.71 603.5 991.84 591.61 996.37 medium_vehicle
643.17 966.47 656.92 961.22 659.06 966.81 645.31 972.06 medium_vehicle
757.54 923.2 769.4 918.22 771.73 923.75 759.87 928.73 medium_vehicle
818.74 888.87 830.59 883.7 833.18 889.62 821.33 894.79 medium_vehicle
792.52 869.15 802.57 861.01 806.0 865.24 795.95 873.38 medium_vehicle
789.12 851.32 800.55 859.53 797.38 863.94 785.95 855.73 medium_vehicle
916.05 847.45 927.69 841.79 930.18 846.9 918.54 852.56 medium_vehicle
945.74 833.07 957.64 827.29 960.38 832.92 948.48 838.7 medium_vehicle
1011.74 813.64 1023.13 808.11 1025.65 813.29 1014.26 818.82 medium_vehicle
1008.09 797.16 1018.65 790.17 1021.83 794.97 1011.27 801.96 medium_vehicle
1098.89 732.0 1108.52 724.22 1112.52 729.18 1102.89 736.96 medium_vehicle
472.81 1249.25 497.27 1253.04 496.05 1260.93 471.59 1257.14 large_vehicle
634.71 1251.06 662.74 1256.92 661.04 1265.04 633.01 1259.18 large_vehicle
702.74 1265.49 714.64 1242.25 721.22 1245.61 709.32 1268.85 large_vehicle
506.39 1026.77 515.15 1022.67 517.29 1027.24 508.53 1031.34 medium_vehicle
546.16 1003.13 554.42 999.92 556.23 1004.61 547.97 1007.82 medium_vehicle
1109.64 853.98 1111.52 842.74 1116.66 843.6 1114.78 854.84 medium_vehicle
1054.74 755.27 1059.65 755.32 1059.54 767.39 1054.63 767.34 medium_vehicle
1046.42 738.29 1042.75 742.27 1032.31 732.63 1035.98 728.65 medium_vehicle
976.69 677.48 972.84 681.3 963.25 671.64 967.1 667.82 medium_vehicle
786.09 428.23 790.29 425.37 797.7 436.24 793.5 439.1 medium_vehicle
775.2 419.36 778.35 417.22 783.56 424.86 780.41 427.0 medium_vehicle
702.38 320.07 705.7 317.5 711.63 325.17 708.31 327.74 medium_vehicle
588.05 164.55 592.25 161.69 599.66 172.56 595.46 175.42 medium_vehicle
551.31 112.33 555.26 109.39 563.13 119.94 559.18 122.88 medium_vehicle
514.06 60.55 517.74 57.81 525.6 68.36 521.92 71.1 medium_vehicle
687.91 184.86 721.08 181.38 726.55 233.42 693.38 236.9 pylon
469.61 1047.16 476.99 1042.25 479.78 1046.45 472.4 1051.36 medium_vehicle
282.46 1048.88 294.39 1057.21 273.72 1086.84 261.79 1078.51 large_vessel
705.97 827.43 726.03 825.67 728.97 859.26 708.91 861.02 pylon
761.19 678.66 798.48 673.16 806.81 729.57 769.52 735.07 pylon
764.8 940.47 784.89 938.71 788.02 974.54 767.93 976.3 pylon
490.4 834.0 510.46 832.24 513.4 865.83 493.34 867.59 pylon
297.86 1050.21 303.76 1051.19 300.79 1069.16 294.89 1068.18 large_vehicle
397.18 1033.28 405.7 1033.31 405.69 1037.37 397.17 1037.34 medium_vehicle
45.34 719.91 61.04 718.53 63.51 746.75 47.81 748.13 pylon
903.61 924.93 921.17 923.4 924.42 960.56 906.86 962.09 pylon
1126.1 935.11 1152.35 933.37 1156.13 990.26 1129.88 992.0 pylon
1229.24 631.13 1261.11 628.79 1265.19 684.35 1233.32 686.69 pylon
1125.71 1080.98 1130.69 1082.94 1127.81 1090.25 1122.83 1088.29 heavy_equipment
1077.72 1121.01 1083.85 1124.02 1072.7 1146.77 1066.57 1143.76 double_trailer_truck
1193.3 1089.81 1204.81 1088.62 1205.44 1094.78 1193.93 1095.97 medium_vehicle
900.83 1257.59 908.54 1244.29 913.9 1247.4 906.19 1260.7 medium_vehicle
775.8 220.11 814.25 216.07 820.13 272.03 781.68 276.07 pylon
139.5 1059.29 144.48 1061.84 137.35 1075.78 132.37 1073.23 container
145.27 1060.34 150.26 1062.89 141.72 1079.58 136.73 1077.03 container
148.84 1070.64 153.82 1073.19 147.89 1084.78 142.91 1082.23 medium_vehicle
154.63 1073.15 158.89 1075.33 154.47 1083.96 150.21 1081.78 container
181.22 1162.04 196.2 1163.58 195.61 1169.25 180.63 1167.71 medium_vehicle
222.12 1193.41 250.26 1198.07 249.13 1204.88 220.99 1200.22 large_vehicle
381.74 1117.72 390.13 1108.17 394.42 1111.94 386.03 1121.49 medium_vehicle
351.93 1147.67 358.53 1136.81 363.07 1139.58 356.47 1150.44 medium_vehicle
418.67 1101.59 424.5 1095.45 427.64 1098.43 421.81 1104.57 medium_vehicle
441.54 1030.21 451.74 1037.82 448.67 1041.94 438.47 1034.33 medium_vehicle
