164.05 257.15 163.86 252.37 181.81 251.65 182.0 256.43 medium_vessel
162.86 265.19 162.62 259.27 179.0 258.61 179.24 264.53 medium_vessel
169.12 267.51 168.92 262.52 186.69 261.81 186.89 266.8 medium_vessel
170.64 272.13 170.62 267.16 188.42 267.1 188.44 272.07 medium_vessel
169.64 276.8 169.76 271.59 188.98 272.02 188.86 277.23 medium_vessel
173.7 288.42 173.93 284.21 189.16 285.06 188.93 289.27 medium_vessel
173.69 294.8 173.85 287.56 193.98 288.02 193.82 295.26 medium_vessel
336.2 316.84 343.1 316.75 343.3 333.13 336.4 333.22 medium_vessel
315.44 312.11 324.82 313.05 322.9 332.29 313.52 331.35 medium_vessel
308.54 311.63 315.97 312.63 313.51 330.82 306.08 329.82 medium_vessel
296.37 310.47 304.29 310.72 303.73 328.57 295.81 328.32 medium_vessel
288.67 309.74 296.11 309.98 295.57 327.22 288.13 326.98 medium_vessel
282.34 309.22 289.64 310.39 286.85 327.83 279.55 326.66 medium_vessel
257.74 286.68 266.3 287.22 264.96 308.49 256.4 307.95 medium_vessel
256.92 273.66 262.95 273.61 263.04 286.46 257.01 286.51 small_vessel
262.46 273.96 268.72 273.22 270.6 289.24 264.34 289.98 medium_vessel
269.03 273.95 276.53 273.07 278.53 290.12 271.03 291.0 medium_vessel
280.92 277.8 287.16 279.1 283.97 294.38 277.73 293.08 medium_vessel
287.0 276.26 292.73 276.97 290.8 292.46 285.07 291.75 medium_vessel
291.44 281.48 296.73 281.79 296.03 294.07 290.74 293.76 small_vessel
296.57 279.61 302.34 279.58 302.39 294.19 296.62 294.22 medium_vessel
302.19 279.91 308.27 279.88 308.32 293.68 302.24 293.71 medium_vessel
308.03 282.75 313.17 282.74 313.22 295.09 308.08 295.1 small_vessel
312.84 282.11 318.17 281.14 320.54 294.17 315.21 295.14 medium_vessel
319.47 281.84 325.09 281.39 326.18 294.84 320.56 295.29 medium_vessel
325.25 284.12 330.45 283.71 331.46 296.27 326.26 296.68 small_vessel
330.13 279.86 335.36 279.73 335.67 292.33 330.44 292.46 small_vessel
336.16 281.37 341.99 281.82 340.94 295.44 335.11 294.99 medium_vessel
342.43 280.46 348.24 281.17 346.57 294.74 340.76 294.03 medium_vessel
349.04 284.37 353.25 286.26 348.97 295.77 344.76 293.88 small_vessel
45.57 178.48 50.18 178.68 49.64 191.49 45.03 191.29 small_vessel
351.87 290.15 354.92 292.42 350.48 298.35 347.43 296.08 small_vessel
69.24 183.18 69.29 187.21 55.64 187.37 55.59 183.34 small_vessel
108.26 196.35 112.87 196.59 112.39 205.81 107.78 205.57 small_vessel
154.61 214.65 167.61 214.74 167.58 219.54 154.58 219.45 small_vessel
358.3 256.33 370.28 261.94 368.18 266.41 356.2 260.8 small_vessel
151.85 236.62 161.41 236.67 161.38 241.11 151.82 241.06 small_vessel
160.11 236.94 175.55 237.03 175.52 242.22 160.08 242.13 medium_vessel
163.54 246.91 163.38 242.79 174.95 242.32 175.11 246.44 small_vessel
159.95 251.08 159.76 246.49 176.94 245.8 177.13 250.39 medium_vessel
166.32 252.42 166.17 248.53 181.29 247.92 181.44 251.81 medium_vessel
164.27 260.33 164.03 254.41 180.4 253.75 180.64 259.67 medium_vessel
