1113.25 1002.91 1117.23 1007.12 1106.87 1016.93 1102.89 1012.72 medium_vehicle
1087.45 1016.4 1100.24 1025.97 1096.76 1030.62 1083.97 1021.05 medium_vehicle
233.36 126.86 250.06 125.4 252.67 155.24 235.97 156.7 pylon
446.43 230.04 461.17 228.75 463.61 256.61 448.87 257.9 pylon
125.74 204.17 145.62 202.43 148.7 237.64 128.82 239.38 pylon
423.87 280.48 441.15 278.97 443.99 311.47 426.71 312.98 pylon
1223.61 477.18 1243.75 475.42 1247.17 514.51 1227.03 516.27 pylon
907.59 346.2 929.0 344.32 932.42 383.41 911.01 385.29 pylon
114.06 702.73 134.39 700.95 137.72 739.08 117.39 740.86 pylon
74.37 721.86 90.66 720.43 93.06 747.89 76.77 749.32 pylon
69.77 573.54 86.07 572.11 88.48 599.58 72.18 601.01 pylon
87.59 529.77 109.01 527.89 112.43 566.98 91.01 568.86 pylon
1098.42 945.64 1109.91 948.25 1108.8 953.13 1097.31 950.52 medium_vehicle
1102.22 935.36 1114.45 939.33 1112.57 945.13 1100.34 941.16 medium_vehicle
1102.86 997.94 1105.67 1001.12 1096.21 1009.49 1093.4 1006.31 medium_vehicle
809.88 376.97 826.76 375.5 829.94 411.89 813.06 413.36 pylon
1106.97 999.52 1110.81 1003.86 1099.94 1013.48 1096.1 1009.14 medium_vehicle
