1097.72 692.25 1101.57 694.92 1097.14 701.32 1093.29 698.65 small_vehicle
926.21 836.18 935.02 837.7 934.36 841.53 925.55 840.01 medium_vehicle
1126.64 955.96 1243.38 777.57 1284.92 804.75 1168.18 983.14 pylon
928.8 833.3 937.43 835.4 936.65 838.59 928.02 836.49 medium_vehicle
919.43 841.95 929.56 843.7 928.64 848.99 918.51 847.24 medium_vehicle
869.22 930.92 915.58 847.28 944.24 863.16 897.88 946.8 pylon
329.02 808.98 409.45 679.27 461.25 711.38 380.82 841.09 pylon
636.65 820.4 662.21 813.94 680.46 886.05 654.9 892.51 pylon
63.29 763.6 175.63 582.41 217.93 608.65 105.59 789.84 pylon
744.64 1060.63 792.61 978.87 823.07 996.74 775.1 1078.5 pylon
931.09 830.79 939.72 832.89 938.78 836.77 930.15 834.67 medium_vehicle
600.92 865.87 616.53 861.92 625.13 895.89 609.52 899.84 pylon
923.48 839.34 933.41 841.05 932.64 845.51 922.71 843.8 medium_vehicle
