532.35 1195.32 541.92 1196.88 541.27 1200.85 531.7 1199.29 medium_vehicle
376.27 1263.34 384.99 1266.32 383.26 1271.37 374.54 1268.39 small_vehicle
531.03 1198.86 540.64 1200.06 540.08 1204.58 530.47 1203.38 medium_vehicle
430.14 1270.33 445.15 1275.47 443.0 1281.76 427.99 1276.62 medium_vehicle
527.96 1201.3 538.2 1203.93 536.93 1208.88 526.69 1206.25 medium_vehicle
15.66 1140.6 21.92 1142.74 20.28 1147.54 14.02 1145.4 small_vehicle
535.74 1193.59 545.36 1194.79 544.8 1199.31 535.18 1198.11 medium_vehicle
510.55 272.58 642.65 64.43 689.19 93.97 557.09 302.12 pylon
150.08 1.49 168.33 -3.59 182.34 46.55 164.09 51.64 pylon
537.94 1191.39 547.55 1192.59 546.99 1197.11 537.38 1195.91 medium_vehicle
852.7 484.92 995.06 260.61 1041.6 290.15 899.24 514.46 pylon
1162.08 685.7 1244.35 556.07 1288.32 583.97 1206.05 713.6 pylon
