252.48 832.36 261.67 828.05 263.74 832.48 254.55 836.79 medium_vehicle
174.16 875.95 185.92 872.35 187.75 878.35 175.99 881.95 medium_vehicle
101.21 895.8 111.09 894.13 111.98 899.35 102.1 901.02 medium_vehicle
1072.49 90.69 1084.7 139.67 1049.68 148.4 1037.47 99.42 pylon
68.45 577.4 73.33 572.11 76.47 575.01 71.59 580.3 small_vehicle
487.24 309.56 492.57 309.45 492.82 321.4 487.49 321.51 medium_vehicle
607.85 38.74 613.01 33.51 615.83 36.3 610.67 41.53 small_vehicle
522.98 119.38 530.5 111.76 534.57 115.77 527.05 123.39 small_vehicle
105.52 447.67 112.06 452.42 109.39 456.11 102.85 451.36 small_vehicle
1176.99 860.63 1184.64 862.1 1183.87 866.09 1176.22 864.62 small_vehicle
1120.4 881.26 1130.26 883.16 1129.2 888.66 1119.34 886.76 medium_vehicle
216.24 300.56 222.44 297.89 223.98 301.48 217.78 304.15 small_vehicle
472.7 647.42 477.12 650.46 471.52 658.61 467.1 655.57 medium_vehicle
238.86 835.39 245.3 832.83 246.68 836.28 240.24 838.84 small_vehicle
11.74 337.6 33.78 321.71 37.98 327.52 15.94 343.41 double_trailer_truck
492.86 359.04 498.16 358.51 499.42 371.1 494.12 371.63 medium_vehicle
484.82 825.71 548.46 725.81 580.16 746.01 516.52 845.91 pylon
641.12 5.92 646.09 10.54 636.46 20.9 631.49 16.28 medium_vehicle
177.93 1201.95 299.08 1015.4 337.58 1040.41 216.43 1226.96 pylon
866.12 776.58 877.58 778.78 876.4 784.89 864.94 782.69 medium_vehicle
424.73 667.57 431.14 668.8 430.33 673.0 423.92 671.77 small_vehicle
579.79 63.11 596.9 47.05 602.54 53.06 585.43 69.12 large_vehicle
333.25 1141.1 354.84 1127.14 358.81 1133.29 337.22 1147.25 large_vehicle
440.64 65.85 446.12 70.85 442.67 74.63 437.19 69.63 small_vehicle
421.84 77.37 438.28 82.05 436.16 89.48 419.72 84.8 medium_vehicle
564.61 78.26 553.07 88.95 548.33 83.83 559.87 73.14 medium_vehicle
442.33 72.96 453.0 78.28 450.32 83.66 439.65 78.34 medium_vehicle
738.73 494.88 838.18 338.78 872.93 360.92 773.48 517.02 pylon
