263.28 138.41 334.54 131.55 342.32 212.26 271.06 219.12 pylon
546.52 838.05 549.2 846.89 545.63 847.97 542.95 839.13 medium_vehicle
968.55 417.98 971.99 421.25 966.15 427.39 962.71 424.12 medium_vehicle
773.39 0.0 815.84 0.0 815.84 41.98 773.39 41.98 pylon
584.13 560.67 587.87 564.24 580.03 572.47 576.29 568.9 medium_vehicle
24.42 949.81 33.08 952.31 31.46 957.93 22.8 955.43 medium_vehicle
500.6 1157.1 504.24 1160.57 496.4 1168.79 492.76 1165.32 medium_vehicle
278.09 301.96 283.13 305.91 273.14 318.65 268.1 314.7 bus
443.17 1197.52 446.28 1200.92 438.21 1208.31 435.1 1204.91 medium_vehicle
1187.5 385.31 1198.26 388.5 1196.51 394.4 1185.75 391.21 medium_vehicle
456.27 1185.45 459.68 1188.7 451.67 1197.11 448.26 1193.86 medium_vehicle
979.56 82.33 1008.0 79.6 1014.26 144.56 985.82 147.29 pylon
532.33 17.84 558.0 15.37 564.35 81.27 538.68 83.74 pylon
911.22 1080.65 910.52 1084.58 903.2 1083.27 903.9 1079.34 medium_vehicle
1139.09 728.06 1143.58 731.86 1136.1 740.68 1131.61 736.88 medium_vehicle
13.68 505.76 138.65 314.79 180.6 342.24 55.63 533.21 pylon
