166.28 648.3 169.06 651.7 163.22 656.47 160.44 653.07 small_vehicle
756.3 228.57 764.02 222.92 767.36 227.48 759.64 233.13 medium_vehicle
364.35 496.76 367.13 500.16 361.31 504.92 358.53 501.52 small_vehicle
22.82 1053.21 145.17 858.17 190.99 886.91 68.64 1081.95 pylon
457.77 424.82 460.55 428.22 455.09 432.69 452.31 429.29 small_vehicle
1064.76 1087.56 1204.44 864.9 1252.8 895.23 1113.12 1117.89 pylon
498.23 923.94 653.54 676.35 709.23 711.29 553.92 958.88 pylon
81.19 637.65 87.15 641.56 75.01 660.11 69.05 656.2 large_vehicle
57.08 634.08 61.97 637.31 51.51 653.16 46.62 649.93 large_vehicle
582.62 329.62 592.12 322.67 595.73 327.6 586.23 334.55 medium_vehicle
27.26 782.48 30.09 785.94 24.3 790.68 21.47 787.22 small_vehicle
888.48 97.35 897.08 91.06 900.43 95.64 891.83 101.93 medium_vehicle
328.72 666.72 434.53 498.05 480.34 526.79 374.53 695.46 pylon
583.31 357.32 593.3 350.01 597.16 355.27 587.17 362.58 medium_vehicle
782.13 103.58 857.3 -18.59 889.79 1.39 814.62 123.57 pylon
622.95 303.92 626.04 307.7 619.26 313.26 616.17 309.48 small_vehicle
555.63 376.01 574.4 372.63 582.61 418.25 563.84 421.63 pylon
